timestamp,open,high,low,close,volume
2019-04-30 19:30:00,15.923,15.941,15.917,15.923,38070
2019-04-30 19:00:00,15.929,15.93,15.929,15.93,9825
2019-04-30 18:30:00,15.933,15.939,15.921,15.929,35190
2019-04-30 18:00:00,15.921,15.939,15.917,15.923,13050
2019-04-30 17:30:00,15.931,15.94,15.93,15.933,23235
2019-04-30 17:00:00,15.921,15.945,15.921,15.945,57345
2019-04-30 16:30:00,15.893,15.947,15.893,15.922,109365
2019-04-30 16:00:00,15.92,15.92,15.887,15.893,2023140
2019-04-30 15:30:00,15.906,15.979,15.868,15.913,14003010
2019-04-30 15:00:00,15.829,15.915,15.813,15.903,5627970
2019-04-30 14:30:00,15.911,15.911,15.8,15.826,7822380
2019-04-30 14:00:00,15.979,15.984,15.888,15.908,6448980
2019-04-30 13:30:00,15.986,16.003,15.934,15.977,4203855
2019-04-30 13:00:00,16.059,16.064,15.967,15.988,2992485
2019-04-30 12:30:00,15.924,16.068,15.923,16.063,7487820
2019-04-30 12:00:00,16.035,16.08,15.907,15.925,7790205
2019-04-30 11:30:00,15.971,16.063,15.946,16.039,6329640
2019-04-30 11:00:00,15.964,16.041,15.901,15.967,8100525
2019-04-30 10:30:00,16.052,16.079,15.913,15.969,9529005
2019-04-30 10:00:00,16.159,16.24,16.017,16.048,11594025
2019-04-30 09:30:00,16.137,16.281,16.049,16.164,18987195
2019-04-30 09:00:00,16.09,16.133,16.086,16.123,120135
2019-04-30 08:30:00,16.113,16.113,16.077,16.11,167175
2019-04-30 08:00:00,16.117,16.133,16.087,16.118,315090
2019-04-30 07:30:00,16.122,16.133,16.117,16.12,58440
2019-04-30 07:00:00,16.16,16.16,16.113,16.119,15420
2019-04-30 06:30:00,16.177,16.177,16.133,16.134,636255
2019-04-30 06:00:00,16.179,16.18,16.174,16.175,15000
2019-04-30 05:30:00,16.167,16.196,16.166,16.181,15765
2019-04-30 05:00:00,16.163,16.189,16.155,16.189,8595
2019-04-30 04:30:00,16.087,16.134,16.087,16.134,16365
2019-04-30 04:00:00,16.049,16.067,16.025,16.061,40350
2019-04-29 19:30:00,16.035,16.035,16.025,16.031,32775
2019-04-29 19:00:00,16.027,16.041,16.027,16.027,15450
2019-04-29 18:30:00,16.039,16.046,16.017,16.022,43260
2019-04-29 18:00:00,16.027,16.062,16.027,16.049,15810
2019-04-29 17:30:00,16.029,16.047,16.02,16.02,133575
2019-04-29 17:00:00,16.02,16.029,16.013,16.017,30600
2019-04-29 16:30:00,16.027,16.043,16.02,16.039,96030
2019-04-29 16:00:00,16.098,16.098,16.017,16.035,2194935
2019-04-29 15:30:00,16.091,16.107,16.04,16.096,13424955
2019-04-29 15:00:00,16.077,16.167,16.067,16.089,11833110
2019-04-29 14:30:00,15.957,16.083,15.951,16.077,6466305
2019-04-29 14:00:00,15.967,16.029,15.933,15.954,10154295
2019-04-29 13:30:00,15.931,15.987,15.871,15.967,9838605
2019-04-29 13:00:00,16.043,16.075,15.881,15.928,10127670
2019-04-29 12:30:00,16.114,16.145,16.04,16.04,7031175
2019-04-29 12:00:00,16.174,16.245,16.113,16.117,10302465
2019-04-29 11:30:00,16.142,16.265,16.111,16.176,18165075
2019-04-29 11:00:00,15.954,16.179,15.935,16.146,19262835
2019-04-29 10:30:00,15.93,16.006,15.815,15.953,13406370
2019-04-29 10:00:00,15.845,16.096,15.834,15.929,25535790
2019-04-29 09:30:00,15.722,15.978,15.478,15.845,49109535
2019-04-29 09:00:00,15.713,15.767,15.671,15.733,732915
2019-04-29 08:30:00,15.707,15.72,15.615,15.705,882285
2019-04-29 08:00:00,15.867,15.903,15.67,15.713,1386045
2019-04-29 07:30:00,15.835,15.835,15.743,15.82,546735
2019-04-29 07:00:00,15.884,15.919,15.813,15.833,497100
2019-04-29 06:30:00,15.93,15.946,15.901,15.901,59550
2019-04-29 06:00:00,15.948,15.957,15.908,15.927,54855
2019-04-29 05:30:00,15.968,15.98,15.953,15.953,43650
2019-04-29 05:00:00,15.982,15.986,15.963,15.973,52890
2019-04-29 04:30:00,15.965,15.993,15.965,15.987,43290
2019-04-29 04:00:00,15.913,15.973,15.913,15.967,77745
2019-04-26 19:30:00,15.86,15.866,15.817,15.866,227895
2019-04-26 19:00:00,15.82,15.859,15.802,15.84,164940
2019-04-26 18:30:00,15.818,15.827,15.775,15.827,305415
2019-04-26 18:00:00,15.832,15.925,15.819,15.825,555360
2019-04-26 17:30:00,15.857,15.915,15.801,15.827,920235
2019-04-26 17:00:00,15.669,15.9,15.653,15.857,1447950
2019-04-26 16:30:00,15.65,15.669,15.65,15.668,179415
2019-04-26 16:00:00,15.676,15.676,15.653,15.656,2816145
2019-04-26 15:30:00,15.522,15.686,15.513,15.669,28986000
2019-04-26 15:00:00,15.473,15.557,15.409,15.523,21573420
2019-04-26 14:30:00,15.559,15.585,15.435,15.469,20475360
2019-04-26 14:00:00,15.682,15.692,15.55,15.555,12164610
2019-04-26 13:30:00,15.717,15.737,15.617,15.675,11203575
2019-04-26 13:00:00,15.758,15.759,15.622,15.719,14124315
2019-04-26 12:30:00,15.755,15.775,15.543,15.753,30207000
2019-04-26 12:00:00,15.891,15.948,15.733,15.754,23222130
2019-04-26 11:30:00,16.096,16.11,15.888,15.891,20938455
2019-04-26 11:00:00,16.087,16.147,16.033,16.096,15250695
2019-04-26 10:30:00,16.184,16.193,16.08,16.087,10197120
2019-04-26 10:00:00,16.15,16.267,16.073,16.183,21634920
2019-04-26 09:30:00,16.419,16.445,16.143,16.154,33938745
2019-04-26 09:00:00,16.4,16.433,16.313,16.401,1727685
2019-04-26 08:30:00,16.507,16.533,16.4,16.401,385410
2019-04-26 08:00:00,16.57,16.599,16.447,16.484,488595
2019-04-26 07:30:00,16.577,16.577,16.533,16.533,140520
2019-04-26 07:00:00,16.535,16.599,16.532,16.577,84735
2019-04-26 06:30:00,16.533,16.565,16.533,16.544,23610
2019-04-26 06:00:00,16.567,16.567,16.534,16.534,16650
2019-04-26 05:30:00,16.6,16.633,16.566,16.566,29295
2019-04-26 05:00:00,16.617,16.618,16.579,16.6,30765
2019-04-26 04:30:00,16.573,16.636,16.573,16.636,49500
2019-04-26 04:00:00,16.547,16.567,16.547,16.56,13950
2019-04-25 19:30:00,16.468,16.486,16.457,16.486,34395
2019-04-25 19:00:00,16.492,16.5,16.468,16.493,23745
2019-04-25 18:30:00,16.467,16.49,16.467,16.49,22890
2019-04-25 18:00:00,16.467,16.471,16.463,16.467,13710
2019-04-25 17:30:00,16.451,16.476,16.45,16.476,76635
2019-04-25 17:00:00,16.452,16.467,16.45,16.45,127710
2019-04-25 16:30:00,16.484,16.484,16.452,16.452,128670
2019-04-25 16:00:00,16.509,16.509,16.431,16.48,3219960
2019-04-25 15:30:00,16.531,16.6,16.463,16.505,22320765
2019-04-25 15:00:00,16.463,16.529,16.44,16.527,10217715
2019-04-25 14:30:00,16.6,16.616,16.441,16.463,12462840
2019-04-25 14:00:00,16.473,16.65,16.434,16.603,18211905
2019-04-25 13:30:00,16.583,16.583,16.405,16.471,22421010
2019-04-25 13:00:00,16.692,16.704,16.573,16.581,8976165
2019-04-25 12:30:00,16.68,16.741,16.64,16.7,8700195
2019-04-25 12:00:00,16.613,16.779,16.583,16.679,12734715
2019-04-25 11:30:00,16.762,16.765,16.607,16.607,13489665
2019-04-25 11:00:00,16.789,16.851,16.551,16.755,35346645
2019-04-25 10:30:00,17.026,17.033,16.767,16.79,16372095
2019-04-25 10:00:00,17.006,17.037,16.8,17.032,22475985
2019-04-25 09:30:00,17.0,17.267,16.7,16.999,55181520
2019-04-25 09:00:00,16.969,17.096,16.967,17.001,815145
2019-04-25 08:30:00,17.1,17.1,16.951,16.967,1421790
2019-04-25 08:00:00,17.027,17.19,16.988,17.1,1131105
2019-04-25 07:30:00,17.013,17.125,16.989,17.043,754560
2019-04-25 07:00:00,17.003,17.1,17.003,17.013,854235
2019-04-25 06:30:00,17.148,17.148,16.933,17.0,456120
2019-04-25 06:00:00,17.176,17.178,17.147,17.153,121110
2019-04-25 05:30:00,17.2,17.2,17.173,17.177,47070
2019-04-25 05:00:00,17.19,17.191,17.165,17.191,36000
2019-04-25 04:30:00,17.2,17.204,17.192,17.192,41160
2019-04-25 04:00:00,17.047,17.199,17.0,17.199,128715
2019-04-24 19:30:00,17.238,17.253,17.2,17.217,383130
2019-04-24 19:00:00,17.317,17.323,17.221,17.247,526755
2019-04-24 18:30:00,17.247,17.333,17.243,17.317,485070
2019-04-24 18:00:00,17.21,17.423,17.18,17.258,2093640
2019-04-24 17:30:00,17.467,17.633,17.151,17.206,8092575
2019-04-24 17:00:00,17.227,17.733,16.703,17.455,10031925
2019-04-24 16:30:00,17.367,17.367,17.2,17.227,605175
2019-04-24 16:00:00,17.244,17.413,17.167,17.367,3141465
2019-04-24 15:30:00,17.302,17.362,17.222,17.246,17280105
2019-04-24 15:00:00,17.266,17.317,17.227,17.301,8135055
2019-04-24 14:30:00,17.309,17.313,17.2,17.271,7872105
2019-04-24 14:00:00,17.314,17.377,17.301,17.305,6180660
2019-04-24 13:30:00,17.411,17.415,17.28,17.315,8211285
2019-04-24 13:00:00,17.456,17.459,17.367,17.41,7244490
2019-04-24 12:30:00,17.525,17.563,17.456,17.459,5591865
2019-04-24 12:00:00,17.531,17.559,17.517,17.526,3246075
2019-04-24 11:30:00,17.504,17.571,17.504,17.529,4081290
2019-04-24 11:00:00,17.525,17.567,17.5,17.507,5981835
2019-04-24 10:30:00,17.531,17.553,17.467,17.527,8020050
2019-04-24 10:00:00,17.547,17.641,17.513,17.531,5619390
2019-04-24 09:30:00,17.573,17.688,17.45,17.547,13405335
2019-04-24 09:00:00,17.505,17.599,17.505,17.593,147120
2019-04-24 08:30:00,17.525,17.54,17.5,17.507,146160
2019-04-24 08:00:00,17.623,17.623,17.467,17.525,344505
2019-04-24 07:30:00,17.618,17.623,17.597,17.597,20955
2019-04-24 07:00:00,17.573,17.623,17.573,17.618,121470
2019-04-24 06:30:00,17.573,17.593,17.573,17.579,33750
2019-04-24 06:00:00,17.573,17.573,17.56,17.573,7650
2019-04-24 05:30:00,17.559,17.575,17.559,17.575,13920
2019-04-24 05:00:00,17.533,17.533,17.533,17.533,1875
2019-04-24 04:30:00,17.543,17.543,17.543,17.543,3840
2019-04-24 04:00:00,17.573,17.573,17.573,17.573,3000
2019-04-23 19:30:00,17.593,17.606,17.587,17.587,31020
2019-04-23 19:00:00,17.599,17.6,17.593,17.6,14400
2019-04-23 18:30:00,17.612,17.612,17.601,17.603,23310
2019-04-23 18:00:00,17.595,17.6,17.593,17.593,25230
2019-04-23 17:30:00,17.585,17.6,17.585,17.589,17085
2019-04-23 17:00:00,17.607,17.608,17.597,17.608,20130
2019-04-23 16:30:00,17.6,17.629,17.587,17.623,53685
2019-04-23 16:00:00,17.593,17.603,17.58,17.6,1761000
2019-04-23 15:30:00,17.521,17.609,17.502,17.599,9489660
2019-04-23 15:00:00,17.543,17.586,17.513,17.522,6325140
2019-04-23 14:30:00,17.551,17.605,17.533,17.541,3189000
2019-04-23 14:00:00,17.616,17.62,17.533,17.551,3591360
2019-04-23 13:30:00,17.623,17.677,17.592,17.62,5691435
2019-04-23 13:00:00,17.681,17.707,17.591,17.622,5501310
2019-04-23 12:30:00,17.569,17.696,17.523,17.685,11005425
2019-04-23 12:00:00,17.55,17.585,17.512,17.572,6067980
2019-04-23 11:30:00,17.44,17.56,17.423,17.551,8163330
2019-04-23 11:00:00,17.523,17.54,17.409,17.44,8108685
2019-04-23 10:30:00,17.485,17.593,17.454,17.529,9867270
2019-04-23 10:00:00,17.436,17.549,17.42,17.487,12325680
2019-04-23 09:30:00,17.327,17.564,17.05,17.431,35918490
2019-04-23 09:00:00,17.239,17.338,17.202,17.32,881025
2019-04-23 08:30:00,17.283,17.314,17.193,17.204,909720
2019-04-23 08:00:00,17.333,17.387,17.253,17.283,855540
2019-04-23 07:30:00,17.283,17.373,17.273,17.373,324315
2019-04-23 07:00:00,17.319,17.362,17.247,17.283,917535
2019-04-23 06:30:00,17.4,17.4,17.231,17.28,334995
2019-04-23 06:00:00,17.467,17.48,17.4,17.4,98550
2019-04-23 05:30:00,17.512,17.513,17.48,17.48,53295
2019-04-23 05:00:00,17.587,17.587,17.517,17.517,28530
2019-04-23 04:30:00,17.58,17.587,17.575,17.587,28830
2019-04-23 04:00:00,17.587,17.633,17.533,17.567,90420
2019-04-22 19:30:00,17.5,17.513,17.485,17.503,88185
2019-04-22 19:00:00,17.517,17.517,17.493,17.5,118890
2019-04-22 18:30:00,17.513,17.517,17.5,17.515,72345
2019-04-22 18:00:00,17.507,17.529,17.5,17.504,84510
2019-04-22 17:30:00,17.541,17.547,17.515,17.515,118170
2019-04-22 17:00:00,17.54,17.583,17.54,17.548,335265
2019-04-22 16:30:00,17.51,17.549,17.481,17.547,324645
2019-04-22 16:00:00,17.527,17.527,17.487,17.487,2269065
2019-04-22 15:30:00,17.655,17.665,17.514,17.526,16479330
2019-04-22 15:00:00,17.547,17.704,17.533,17.652,13260990
2019-04-22 14:30:00,17.588,17.613,17.538,17.55,6249240
2019-04-22 14:00:00,17.56,17.618,17.557,17.589,6460815
2019-04-22 13:30:00,17.585,17.585,17.535,17.563,4290765
2019-04-22 13:00:00,17.595,17.622,17.561,17.58,3994440
2019-04-22 12:30:00,17.625,17.655,17.591,17.597,6053280
2019-04-22 12:00:00,17.539,17.631,17.533,17.624,7711530
2019-04-22 11:30:00,17.578,17.59,17.508,17.535,10561290
2019-04-22 11:00:00,17.515,17.589,17.499,17.575,12628965
2019-04-22 10:30:00,17.602,17.653,17.511,17.517,18053265
2019-04-22 10:00:00,17.78,17.782,17.601,17.605,16996245
2019-04-22 09:30:00,17.933,17.979,17.728,17.772,22267425
2019-04-22 09:00:00,17.9,17.95,17.873,17.922,324540
2019-04-22 08:30:00,17.94,17.957,17.887,17.9,267120
2019-04-22 08:00:00,17.773,17.946,17.751,17.94,549945
2019-04-22 07:30:00,17.777,17.867,17.777,17.847,162525
2019-04-22 07:00:00,17.733,17.859,17.724,17.772,420390
2019-04-22 06:30:00,17.893,17.933,17.686,17.713,365445
2019-04-22 06:00:00,17.825,17.895,17.822,17.895,22260
2019-04-22 05:30:00,17.767,17.827,17.76,17.827,21795
2019-04-22 05:00:00,17.8,17.8,17.8,17.8,1875
2019-04-22 04:30:00,17.792,17.838,17.765,17.767,44550
2019-04-22 04:00:00,17.993,17.993,17.7,17.747,84210
2019-04-18 19:30:00,18.192,18.199,18.192,18.199,7350
2019-04-18 19:00:00,18.183,18.184,18.183,18.184,5190
2019-04-18 18:30:00,18.173,18.177,18.173,18.175,13515
2019-04-18 18:00:00,18.17,18.217,18.17,18.217,19005
2019-04-18 17:30:00,18.167,18.183,18.167,18.183,39525
2019-04-18 17:00:00,18.203,18.213,18.162,18.18,230550
2019-04-18 16:30:00,18.207,18.213,18.2,18.213,82635
2019-04-18 16:00:00,18.217,18.217,18.191,18.207,1309455
2019-04-18 15:30:00,18.19,18.241,18.181,18.217,8089695
2019-04-18 15:00:00,18.191,18.221,18.166,18.193,2703645
2019-04-18 14:30:00,18.258,18.283,18.187,18.191,3036660
2019-04-18 14:00:00,18.309,18.313,18.225,18.263,3388035
2019-04-18 13:30:00,18.261,18.309,18.26,18.306,1869885
2019-04-18 13:00:00,18.254,18.287,18.238,18.26,1813650
2019-04-18 12:30:00,18.304,18.306,18.243,18.26,3516225
2019-04-18 12:00:00,18.221,18.323,18.195,18.304,5624220
2019-04-18 11:30:00,18.229,18.247,18.165,18.223,3833250
2019-04-18 11:00:00,18.217,18.283,18.193,18.229,5916105
2019-04-18 10:30:00,18.117,18.227,18.108,18.212,5207865
2019-04-18 10:00:00,18.119,18.154,18.042,18.121,6200085
2019-04-18 09:30:00,18.067,18.233,17.983,18.119,11765595
2019-04-18 09:00:00,17.955,18.083,17.955,18.067,316575
2019-04-18 08:30:00,18.03,18.033,17.899,17.95,438840
2019-04-18 08:00:00,18.107,18.107,18.03,18.03,86370
2019-04-18 07:30:00,18.058,18.085,18.058,18.085,3000
2019-04-18 07:00:00,18.107,18.113,18.055,18.067,32955
2019-04-18 06:30:00,18.032,18.11,18.032,18.11,46425
2019-04-18 06:00:00,18.033,18.033,18.005,18.026,36225
2019-04-18 05:30:00,18.035,18.04,18.033,18.04,79485
2019-04-18 05:00:00,17.942,17.969,17.942,17.969,3000
2019-04-18 04:30:00,17.917,17.941,17.915,17.915,22980
2019-04-18 04:00:00,18.0,18.001,17.941,17.941,18705
2019-04-17 19:30:00,18.107,18.107,18.08,18.08,21435
2019-04-17 19:00:00,18.107,18.107,18.107,18.107,9000
2019-04-17 18:30:00,18.1,18.117,18.1,18.117,7800
2019-04-17 18:00:00,18.087,18.087,18.087,18.087,3000
2019-04-17 17:30:00,18.074,18.074,18.05,18.051,35295
2019-04-17 17:00:00,18.071,18.072,18.071,18.071,11205
2019-04-17 16:30:00,18.075,18.089,18.075,18.082,9000
2019-04-17 16:00:00,18.082,18.224,18.059,18.091,1010055
2019-04-17 15:30:00,18.083,18.14,18.064,18.081,4989300
2019-04-17 15:00:00,18.092,18.109,18.063,18.083,1787640
2019-04-17 14:30:00,18.132,18.137,18.087,18.087,3198540
2019-04-17 14:00:00,18.257,18.273,18.115,18.128,2751810
2019-04-17 13:30:00,18.256,18.274,18.236,18.254,1506930
2019-04-17 13:00:00,18.297,18.298,18.222,18.25,2436915
2019-04-17 12:30:00,18.25,18.319,18.235,18.29,3843450
2019-04-17 12:00:00,18.167,18.267,18.151,18.252,3652020
2019-04-17 11:30:00,18.126,18.219,18.102,18.17,5001090
2019-04-17 11:00:00,18.05,18.146,18.033,18.123,4485015
2019-04-17 10:30:00,18.006,18.06,17.955,18.049,4880835
2019-04-17 10:00:00,18.056,18.056,17.902,18.009,7448940
2019-04-17 09:30:00,18.306,18.317,17.961,18.051,13634550
2019-04-17 09:00:00,18.267,18.327,18.267,18.3,192525
2019-04-17 08:30:00,18.233,18.233,18.209,18.23,8040
2019-04-17 08:00:00,18.259,18.268,18.209,18.21,116595
2019-04-17 07:30:00,18.259,18.266,18.209,18.209,27540
2019-04-17 07:00:00,18.299,18.317,18.241,18.265,57645
2019-04-17 06:00:00,18.26,18.26,18.26,18.26,4500
2019-04-17 05:30:00,18.312,18.312,18.253,18.267,25680
2019-04-17 05:00:00,18.296,18.296,18.267,18.292,14670
2019-04-17 04:30:00,18.267,18.3,18.267,18.3,18105
2019-04-17 04:00:00,18.313,18.313,18.313,18.313,29175
2019-04-16 19:30:00,18.167,18.187,18.167,18.187,8895
2019-04-16 19:00:00,18.157,18.187,18.157,18.187,8925
2019-04-16 18:30:00,18.181,18.199,18.157,18.157,14505
2019-04-16 18:00:00,18.17,18.17,18.149,18.149,12585
2019-04-16 17:30:00,18.169,18.186,18.167,18.186,12345
2019-04-16 17:00:00,18.144,18.2,18.144,18.184,17010
2019-04-16 16:30:00,18.139,18.167,18.136,18.167,52935
2019-04-16 16:00:00,18.224,18.224,18.087,18.15,2355615
2019-04-16 15:30:00,18.152,18.245,18.111,18.221,8850870
2019-04-16 15:00:00,18.227,18.258,18.121,18.151,3888315
2019-04-16 14:30:00,18.317,18.333,18.23,18.23,4291110
2019-04-16 14:00:00,18.295,18.331,18.25,18.319,4936560
2019-04-16 13:30:00,18.261,18.315,18.214,18.29,4112235
2019-04-16 13:00:00,18.22,18.316,18.203,18.26,6316785
2019-04-16 12:30:00,18.17,18.229,18.121,18.218,4174065
2019-04-16 12:00:00,18.163,18.247,18.147,18.165,6667260
2019-04-16 11:30:00,18.077,18.167,18.071,18.163,5613135
2019-04-16 11:00:00,18.109,18.132,18.051,18.075,6131160
2019-04-16 10:30:00,18.006,18.129,17.976,18.103,8698770
2019-04-16 10:00:00,17.965,18.026,17.914,18.006,6908160
2019-04-16 09:30:00,17.717,18.025,17.648,17.965,15670365
2019-04-16 09:00:00,17.755,17.755,17.67,17.703,211320
2019-04-16 08:30:00,17.826,17.826,17.735,17.735,110130
2019-04-16 08:00:00,17.807,17.849,17.783,17.826,166995
2019-04-16 07:30:00,17.839,17.845,17.8,17.831,94665
2019-04-16 07:00:00,17.833,17.846,17.8,17.846,210585
2019-04-16 06:30:00,17.8,17.833,17.8,17.833,7500
2019-04-16 05:30:00,17.813,17.813,17.8,17.8,4500
2019-04-16 05:00:00,17.833,17.833,17.818,17.833,17595
2019-04-16 04:30:00,17.883,17.883,17.832,17.832,20250
2019-04-16 04:00:00,17.797,17.928,17.797,17.928,9855
2019-04-15 19:30:00,17.761,17.767,17.753,17.767,15990
2019-04-15 19:00:00,17.767,17.767,17.753,17.753,18585
2019-04-15 18:30:00,17.753,17.753,17.753,17.753,3000
2019-04-15 18:00:00,17.757,17.757,17.757,17.757,3375
2019-04-15 17:30:00,17.749,17.763,17.747,17.747,15375
2019-04-15 17:00:00,17.767,17.767,17.75,17.761,29400
2019-04-15 16:30:00,17.737,17.76,17.737,17.76,153150
2019-04-15 16:00:00,17.753,17.774,17.734,17.734,2257515
2019-04-15 15:30:00,17.722,17.775,17.658,17.759,9587025
2019-04-15 15:00:00,17.731,17.751,17.696,17.72,3700140
2019-04-15 14:30:00,17.664,17.791,17.664,17.733,6829710
2019-04-15 14:00:00,17.554,17.695,17.554,17.662,6536565
2019-04-15 13:30:00,17.517,17.579,17.509,17.555,4743060
2019-04-15 13:00:00,17.539,17.598,17.503,17.519,5373675
2019-04-15 12:30:00,17.458,17.561,17.432,17.539,4243695
2019-04-15 12:00:00,17.522,17.537,17.445,17.457,5316255
2019-04-15 11:30:00,17.434,17.524,17.363,17.524,7412430
2019-04-15 11:00:00,17.342,17.437,17.295,17.437,9555840
2019-04-15 10:30:00,17.39,17.43,17.242,17.349,17413650
2019-04-15 10:00:00,17.481,17.551,17.342,17.387,13709205
2019-04-15 09:30:00,17.909,17.925,17.355,17.483,25008900
2019-04-15 09:00:00,17.833,17.909,17.827,17.907,233280
2019-04-15 08:30:00,17.833,17.833,17.811,17.833,83385
2019-04-15 08:00:00,17.894,17.925,17.807,17.843,214020
2019-04-15 07:30:00,17.867,17.867,17.8,17.837,107100
2019-04-15 07:00:00,17.899,17.926,17.867,17.867,62475
2019-04-15 06:30:00,17.891,17.891,17.889,17.889,9450
2019-04-15 06:00:00,17.887,17.923,17.887,17.923,4500
2019-04-15 05:30:00,17.919,17.93,17.887,17.887,7545
2019-04-15 04:30:00,17.843,17.919,17.838,17.919,42000
2019-04-15 04:00:00,17.833,17.847,17.829,17.838,9000
2019-04-12 19:30:00,17.837,17.837,17.835,17.835,3795
2019-04-12 19:00:00,17.85,17.867,17.834,17.834,30075
2019-04-12 18:30:00,17.833,17.85,17.833,17.833,31005
2019-04-12 18:00:00,17.845,17.845,17.84,17.84,22035
2019-04-12 17:30:00,17.833,17.847,17.833,17.845,25230
2019-04-12 17:00:00,17.827,17.833,17.827,17.833,4500
2019-04-12 16:30:00,17.817,17.837,17.817,17.837,48735
2019-04-12 16:00:00,17.847,17.86,17.832,17.833,757950
2019-04-12 15:30:00,17.881,17.903,17.833,17.845,10152705
2019-04-12 15:00:00,17.881,17.9,17.854,17.881,2781390
2019-04-12 14:30:00,17.877,17.929,17.869,17.881,3694965
2019-04-12 14:00:00,17.845,17.876,17.82,17.876,2158815
2019-04-12 13:30:00,17.901,17.913,17.817,17.843,4768845
2019-04-12 13:00:00,17.906,17.928,17.867,17.894,6032550
2019-04-12 12:30:00,17.793,17.917,17.792,17.903,4481010
2019-04-12 12:00:00,17.868,17.869,17.789,17.789,3922095
2019-04-12 11:30:00,17.883,17.911,17.811,17.865,6408510
2019-04-12 11:00:00,18.011,18.028,17.843,17.879,10096425
2019-04-12 10:30:00,18.077,18.077,18.003,18.011,4537140
2019-04-12 10:00:00,18.039,18.13,17.997,18.071,6314100
2019-04-12 09:30:00,18.015,18.106,17.953,18.027,16077645
2019-04-12 09:00:00,17.997,18.013,17.98,18.0,140805
2019-04-12 08:30:00,17.967,18.002,17.96,17.99,208575
2019-04-12 08:00:00,17.999,18.067,17.913,17.947,335820
2019-04-12 07:30:00,18.025,18.03,17.98,17.987,154290
2019-04-12 07:00:00,18.069,18.118,17.967,18.019,205485
2019-04-12 06:00:00,18.096,18.126,18.085,18.085,4500
2019-04-12 05:30:00,18.092,18.092,18.092,18.092,1500
2019-04-12 05:00:00,18.089,18.089,18.089,18.089,1500
2019-04-12 04:30:00,18.073,18.125,18.073,18.125,14160
2019-04-12 04:00:00,17.947,18.1,17.947,18.1,18945
2019-04-11 19:30:00,17.933,17.939,17.92,17.927,82185
2019-04-11 19:00:00,17.895,17.927,17.895,17.927,468450
2019-04-11 18:30:00,17.917,17.917,17.917,17.917,4500
2019-04-11 18:00:00,17.917,17.928,17.917,17.923,48120
2019-04-11 17:30:00,17.921,17.94,17.921,17.921,51675
2019-04-11 17:00:00,17.933,17.933,17.917,17.923,65415
2019-04-11 16:30:00,17.926,17.945,17.917,17.927,164460
2019-04-11 16:00:00,17.895,17.943,17.867,17.937,1409415
2019-04-11 15:30:00,17.866,17.903,17.845,17.897,10882485
2019-04-11 15:00:00,17.864,17.886,17.823,17.862,4538040
2019-04-11 14:30:00,17.799,17.899,17.781,17.864,7533795
2019-04-11 14:00:00,17.775,17.823,17.767,17.804,2998965
2019-04-11 13:30:00,17.859,17.859,17.767,17.778,5158335
2019-04-11 13:00:00,17.881,17.893,17.792,17.864,6329565
2019-04-11 12:30:00,17.914,17.923,17.871,17.883,3823035
2019-04-11 12:00:00,17.908,17.921,17.863,17.915,2653320
2019-04-11 11:30:00,17.893,17.945,17.849,17.908,4482735
2019-04-11 11:00:00,17.91,17.913,17.84,17.896,6195150
2019-04-11 10:30:00,17.981,18.033,17.893,17.915,9220995
2019-04-11 10:00:00,17.92,17.999,17.801,17.984,13270230
2019-04-11 09:30:00,17.887,17.931,17.707,17.919,28160115
2019-04-11 09:00:00,17.858,17.955,17.813,17.899,1457790
2019-04-11 08:30:00,17.791,17.86,17.761,17.86,798885
2019-04-11 08:00:00,17.68,18.45,17.667,17.787,1831245
2019-04-11 07:30:00,17.757,17.837,17.671,17.694,1153695
2019-04-11 07:00:00,17.66,17.835,17.66,17.747,1213140
2019-04-11 06:30:00,17.64,17.657,17.587,17.623,400785
2019-04-11 06:00:00,17.715,17.734,17.65,17.65,184755
2019-04-11 05:30:00,17.659,17.719,17.577,17.719,418305
2019-04-11 05:00:00,18.337,18.337,17.547,17.66,503160
2019-04-11 04:30:00,18.367,18.371,18.367,18.371,3000
2019-04-11 04:00:00,18.395,18.395,18.267,18.267,4500
2019-04-10 19:30:00,18.453,18.462,18.44,18.44,49170
2019-04-10 19:00:00,18.467,18.467,18.443,18.463,18525
2019-04-10 18:30:00,18.45,18.451,18.45,18.451,7800
2019-04-10 18:00:00,18.439,18.439,18.419,18.437,38355
2019-04-10 17:30:00,18.452,18.467,18.432,18.433,91050
2019-04-10 17:00:00,18.45,18.453,18.43,18.453,40305
2019-04-10 16:30:00,18.44,18.45,18.44,18.45,21630
2019-04-10 16:00:00,18.404,18.457,18.4,18.427,781245
2019-04-10 15:30:00,18.442,18.503,18.394,18.403,7519830
2019-04-10 15:00:00,18.428,18.481,18.427,18.441,3410910
2019-04-10 14:30:00,18.387,18.465,18.376,18.427,3489885
2019-04-10 14:00:00,18.435,18.437,18.366,18.384,2173230
2019-04-10 13:30:00,18.406,18.447,18.406,18.432,1282170
2019-04-10 13:00:00,18.4,18.428,18.387,18.407,1917180
2019-04-10 12:30:00,18.437,18.462,18.399,18.399,2625855
2019-04-10 12:00:00,18.465,18.487,18.383,18.437,3970125
2019-04-10 11:30:00,18.442,18.528,18.429,18.464,7771845
2019-04-10 11:00:00,18.353,18.469,18.333,18.441,8077020
2019-04-10 10:30:00,18.315,18.37,18.193,18.349,9235710
2019-04-10 10:00:00,18.341,18.354,18.24,18.31,7973595
2019-04-10 09:30:00,18.449,18.559,18.305,18.341,20864760
2019-04-10 09:00:00,18.407,18.65,18.373,18.459,5121345
2019-04-10 08:30:00,18.213,18.447,18.184,18.42,392745
2019-04-10 08:00:00,18.25,18.277,18.2,18.2,112305
2019-04-10 07:30:00,18.267,18.267,18.213,18.246,135810
2019-04-10 07:00:00,18.247,18.267,18.24,18.26,191925
2019-04-10 06:30:00,18.247,18.247,18.247,18.247,1500
2019-04-10 06:00:00,18.247,18.247,18.247,18.247,1500
2019-04-10 05:30:00,18.26,18.26,18.26,18.26,9450
2019-04-10 05:00:00,18.233,18.247,18.233,18.247,6660
2019-04-09 19:30:00,18.154,18.154,18.14,18.154,17760
2019-04-09 19:00:00,18.145,18.154,18.143,18.149,15750
2019-04-09 18:30:00,18.147,18.147,18.147,18.147,1500
2019-04-09 18:00:00,18.151,18.152,18.147,18.152,75030
2019-04-09 17:30:00,18.144,18.147,18.143,18.143,19050
2019-04-09 17:00:00,18.158,18.158,18.158,18.158,4485
2019-04-09 16:30:00,18.15,18.156,18.143,18.151,42270
2019-04-09 16:00:00,18.154,18.154,18.133,18.154,947745
2019-04-09 15:30:00,18.159,18.201,17.996,18.16,7625145
2019-04-09 15:00:00,18.14,18.174,18.118,18.161,2754435
2019-04-09 14:30:00,18.167,18.173,18.095,18.141,2713800
2019-04-09 14:00:00,18.152,18.17,18.121,18.166,2865525
2019-04-09 13:30:00,18.201,18.207,18.149,18.154,1908465
2019-04-09 13:00:00,18.191,18.221,18.146,18.201,2987910
2019-04-09 12:30:00,18.27,18.283,18.189,18.191,2591310
2019-04-09 12:00:00,18.243,18.307,18.237,18.263,3651960
2019-04-09 11:30:00,18.18,18.277,18.155,18.247,4942980
2019-04-09 11:00:00,18.213,18.263,18.167,18.18,4145190
2019-04-09 10:30:00,18.265,18.287,18.136,18.209,6611580
2019-04-09 10:00:00,18.228,18.333,18.193,18.265,8975895
2019-04-09 09:30:00,18.11,18.288,17.974,18.236,18599760
2019-04-09 09:00:00,18.234,18.235,18.069,18.109,569295
2019-04-09 08:30:00,18.267,18.291,18.233,18.233,90600
2019-04-09 08:00:00,18.267,18.273,18.218,18.271,260070
2019-04-09 07:30:00,18.251,18.257,18.221,18.221,36660
2019-04-09 07:00:00,18.233,18.3,18.233,18.252,62610
2019-04-09 06:30:00,18.202,18.227,18.202,18.203,8790
2019-04-09 06:00:00,18.275,18.275,18.227,18.228,30330
2019-04-09 05:30:00,18.293,18.293,18.28,18.28,5625
2019-04-09 05:00:00,18.3,18.3,18.3,18.3,2100
2019-04-09 04:30:00,18.314,18.333,18.314,18.333,5250
2019-04-08 19:30:00,18.287,18.293,18.261,18.267,100170
2019-04-08 19:00:00,18.278,18.288,18.277,18.288,9570
2019-04-08 18:30:00,18.3,18.3,18.283,18.296,48750
2019-04-08 18:00:00,18.302,18.313,18.293,18.293,52440
2019-04-08 17:30:00,18.263,18.367,18.262,18.302,280965
2019-04-08 17:00:00,18.217,18.267,18.214,18.267,123630
2019-04-08 16:30:00,18.229,18.229,18.213,18.22,54135
2019-04-08 16:00:00,18.213,18.233,18.2,18.233,1604265
2019-04-08 15:30:00,18.29,18.291,18.145,18.21,12165150
2019-04-08 15:00:00,18.251,18.296,18.229,18.289,3376155
2019-04-08 14:30:00,18.28,18.304,18.207,18.254,5007915
2019-04-08 14:00:00,18.17,18.333,18.165,18.281,11217630
2019-04-08 13:30:00,18.126,18.183,18.097,18.17,5299740
2019-04-08 13:00:00,18.072,18.166,18.029,18.129,7579890
2019-04-08 12:30:00,18.112,18.135,18.043,18.077,6319800
2019-04-08 12:00:00,18.139,18.187,18.043,18.121,9038145
2019-04-08 11:30:00,18.359,18.394,18.112,18.144,11201955
2019-04-08 11:00:00,18.384,18.44,18.335,18.36,9601605
2019-04-08 10:30:00,18.508,18.567,18.362,18.386,7864740
2019-04-08 10:00:00,18.545,18.611,18.459,18.509,11548740
2019-04-08 09:30:00,18.513,18.744,18.504,18.537,24027750
2019-04-08 09:00:00,18.47,18.533,18.47,18.533,178500
2019-04-08 08:30:00,18.476,18.553,18.467,18.499,711930
2019-04-08 08:00:00,18.633,18.633,18.465,18.48,696465
2019-04-08 07:30:00,18.571,18.571,18.517,18.547,271995
2019-04-08 07:00:00,18.613,18.633,18.538,18.573,685080
2019-04-08 06:30:00,18.65,18.65,18.6,18.6,46320
2019-04-08 06:00:00,18.633,18.68,18.627,18.68,71220
2019-04-08 05:30:00,18.621,18.635,18.607,18.633,69975
2019-04-08 05:00:00,18.693,18.693,18.6,18.657,82455
2019-04-08 04:30:00,18.607,18.703,18.607,18.677,28725
2019-04-08 04:00:00,18.433,18.703,18.433,18.581,121635
2019-04-05 19:30:00,18.307,18.327,18.3,18.327,69165
2019-04-05 19:00:00,18.315,18.315,18.3,18.3,25200
2019-04-05 18:30:00,18.316,18.323,18.311,18.313,31545
2019-04-05 18:00:00,18.31,18.313,18.305,18.313,9420
2019-04-05 17:30:00,18.3,18.307,18.285,18.307,20790
2019-04-05 17:00:00,18.314,18.325,18.3,18.305,186630
2019-04-05 16:30:00,18.322,18.337,18.313,18.32,573840
2019-04-05 16:00:00,18.331,18.339,18.322,18.322,2171355
2019-04-05 15:30:00,18.339,18.407,18.324,18.331,12994290
2019-04-05 15:00:00,18.362,18.366,18.32,18.337,6178710
2019-04-05 14:30:00,18.359,18.392,18.319,18.362,4783725
2019-04-05 14:00:00,18.331,18.395,18.281,18.357,9096915
2019-04-05 13:30:00,18.298,18.365,18.295,18.334,7966065
2019-04-05 13:00:00,18.269,18.345,18.269,18.294,4541175
2019-04-05 12:30:00,18.351,18.374,18.251,18.27,7018710
2019-04-05 12:00:00,18.252,18.363,18.241,18.348,11026455
2019-04-05 11:30:00,18.178,18.315,18.143,18.252,11641230
2019-04-05 11:00:00,18.211,18.225,18.14,18.183,9621045
2019-04-05 10:30:00,18.078,18.293,18.021,18.219,20499810
2019-04-05 10:00:00,17.849,18.105,17.825,18.078,21531780
2019-04-05 09:30:00,17.991,18.027,17.741,17.846,23337705
2019-04-05 09:00:00,17.961,18.0,17.933,17.987,655995
2019-04-05 08:30:00,17.939,17.987,17.937,17.961,442020
2019-04-05 08:00:00,17.967,17.993,17.896,17.939,308145
2019-04-05 07:30:00,17.987,17.987,17.9,17.912,260175
2019-04-05 07:00:00,17.933,17.992,17.933,17.967,164370
2019-04-05 06:30:00,17.939,17.939,17.921,17.933,61500
2019-04-05 06:00:00,17.995,17.995,17.931,17.933,122280
2019-04-05 05:30:00,17.995,17.995,17.995,17.995,33000
2019-04-05 05:00:00,17.973,17.995,17.973,17.995,23115
2019-04-05 04:30:00,17.967,17.967,17.936,17.947,68550
2019-04-05 04:00:00,17.973,18.0,17.967,17.967,35250
2019-04-04 19:30:00,17.852,17.867,17.85,17.867,70635
2019-04-04 19:00:00,17.867,17.867,17.841,17.852,30750
2019-04-04 18:30:00,17.863,17.884,17.857,17.867,52365
2019-04-04 18:00:00,17.867,17.878,17.853,17.86,44040
2019-04-04 17:30:00,17.873,17.897,17.855,17.873,168840
2019-04-04 17:00:00,17.855,17.893,17.847,17.893,1650780
2019-04-04 16:30:00,17.857,17.873,17.847,17.868,121380
2019-04-04 16:00:00,17.852,17.88,17.835,17.857,1513155
2019-04-04 15:30:00,17.911,17.973,17.837,17.853,20138085
2019-04-04 15:00:00,17.957,18.0,17.906,17.908,10137105
2019-04-04 14:30:00,17.757,18.08,17.742,17.955,19124805
2019-04-04 14:00:00,17.752,17.82,17.735,17.754,6444180
2019-04-04 13:30:00,17.871,17.894,17.747,17.748,6426525
2019-04-04 13:00:00,17.897,17.903,17.8,17.863,6389190
2019-04-04 12:30:00,17.877,17.947,17.843,17.898,7419390
2019-04-04 12:00:00,17.891,17.906,17.781,17.878,10263300
2019-04-04 11:30:00,17.933,18.023,17.888,17.893,16638615
2019-04-04 11:00:00,17.801,17.978,17.774,17.933,17596455
2019-04-04 10:30:00,17.773,17.893,17.705,17.805,17023605
2019-04-04 10:00:00,17.748,17.915,17.67,17.773,26481045
2019-04-04 09:30:00,17.433,17.89,17.373,17.748,74831145
2019-04-04 09:00:00,17.354,17.5,17.354,17.433,3003375
2019-04-04 08:30:00,17.534,17.598,17.34,17.352,4709340
2019-04-04 08:00:00,17.533,18.003,17.407,17.547,5565615
2019-04-04 07:30:00,17.697,17.751,17.527,17.54,3450045
2019-04-04 07:00:00,17.8,18.033,17.593,17.691,4025640
2019-04-04 06:30:00,17.899,17.9,17.767,17.767,656190
2019-04-04 06:00:00,18.04,18.1,17.88,17.88,277680
2019-04-04 05:30:00,17.992,18.073,17.963,18.053,79860
2019-04-04 05:00:00,18.069,18.099,17.961,17.971,265710
2019-04-04 04:30:00,18.132,18.153,18.051,18.072,300285
2019-04-04 04:00:00,18.322,18.4,17.8,18.153,657285
2019-04-03 19:30:00,19.45,19.45,19.428,19.428,16500
2019-04-03 19:00:00,19.427,19.447,19.427,19.445,13905
2019-04-03 18:30:00,19.45,19.453,19.427,19.447,17025
2019-04-03 18:00:00,19.433,19.447,19.427,19.427,54225
2019-04-03 17:30:00,19.499,19.499,19.44,19.44,18195
2019-04-03 17:00:00,19.473,19.5,19.461,19.461,32175
2019-04-03 16:30:00,19.476,19.507,19.467,19.507,89070
2019-04-03 16:00:00,19.454,19.507,19.432,19.473,1814235
2019-04-03 15:30:00,19.533,19.533,19.438,19.451,8769390
2019-04-03 15:00:00,19.484,19.551,19.477,19.532,4074405
2019-04-03 14:30:00,19.455,19.53,19.454,19.486,2338470
2019-04-03 14:00:00,19.5,19.517,19.447,19.464,2903940
2019-04-03 13:30:00,19.51,19.567,19.478,19.502,3676650
2019-04-03 13:00:00,19.443,19.53,19.43,19.507,3814965
2019-04-03 12:30:00,19.475,19.497,19.419,19.438,7204005
2019-04-03 12:00:00,19.545,19.589,19.47,19.478,4050420
2019-04-03 11:30:00,19.581,19.633,19.508,19.546,6551820
2019-04-03 11:00:00,19.609,19.673,19.542,19.585,6456540
2019-04-03 10:30:00,19.665,19.745,19.593,19.603,10734045
2019-04-03 10:00:00,19.469,19.687,19.467,19.665,13905285
2019-04-03 09:30:00,19.155,19.597,19.145,19.483,21497235
2019-04-03 09:00:00,19.121,19.15,19.073,19.15,152355
2019-04-03 08:30:00,19.162,19.173,19.08,19.082,224010
2019-04-03 08:00:00,19.233,19.243,19.163,19.168,189540
2019-04-03 07:30:00,19.207,19.207,19.186,19.2,138510
2019-04-03 07:00:00,19.2,19.247,19.2,19.219,86250
2019-04-03 06:30:00,19.255,19.259,19.246,19.248,6000
2019-04-03 06:00:00,19.267,19.267,19.201,19.201,59295
2019-04-03 05:30:00,19.291,19.291,19.273,19.273,21930
2019-04-03 05:00:00,19.291,19.291,19.291,19.291,2385
2019-04-03 04:30:00,19.297,19.297,19.267,19.295,13545
2019-04-03 04:00:00,19.252,19.305,19.252,19.305,16620
2019-04-02 19:30:00,19.154,19.199,19.154,19.157,174135
2019-04-02 19:00:00,19.245,19.245,19.153,19.173,95430
2019-04-02 18:30:00,19.167,19.259,19.167,19.234,146805
2019-04-02 18:00:00,19.067,19.197,19.047,19.183,109095
2019-04-02 17:30:00,19.067,19.067,19.047,19.067,24435
2019-04-02 17:00:00,19.067,19.08,19.037,19.073,62385
2019-04-02 16:30:00,19.106,19.106,19.045,19.061,50010
2019-04-02 16:00:00,19.059,19.1,19.013,19.059,1304130
2019-04-02 15:30:00,19.111,19.143,19.036,19.057,10922895
2019-04-02 15:00:00,19.023,19.124,19.023,19.113,5390835
2019-04-02 14:30:00,19.023,19.05,18.985,19.024,2834145
2019-04-02 14:00:00,19.093,19.093,19.015,19.023,2235270
2019-04-02 13:30:00,19.071,19.131,19.067,19.091,1898160
2019-04-02 13:00:00,19.054,19.107,19.041,19.071,2440470
2019-04-02 12:30:00,18.985,19.097,18.985,19.061,3713490
2019-04-02 12:00:00,19.025,19.051,18.925,18.99,6182100
2019-04-02 11:30:00,19.036,19.081,19.018,19.027,2510235
2019-04-02 11:00:00,19.098,19.119,19.001,19.033,3966990
2019-04-02 10:30:00,19.077,19.116,19.014,19.098,4953255
2019-04-02 10:00:00,19.175,19.176,19.041,19.075,6238815
2019-04-02 09:30:00,19.22,19.296,19.005,19.183,11108895
2019-04-02 09:00:00,19.216,19.225,19.188,19.202,140745
2019-04-02 08:30:00,19.205,19.231,19.197,19.213,95850
2019-04-02 08:00:00,19.172,19.253,19.1,19.2,317715
2019-04-02 07:30:00,19.237,19.248,19.221,19.221,49425
2019-04-02 07:00:00,19.132,19.253,19.132,19.253,56340
2019-04-02 06:30:00,19.077,19.123,19.075,19.123,9975
2019-04-02 06:00:00,19.102,19.102,19.072,19.072,9000
2019-04-02 05:00:00,19.12,19.133,19.113,19.113,26490
2019-04-02 04:30:00,19.213,19.213,19.134,19.134,14595
2019-04-02 04:00:00,19.207,19.207,19.167,19.2,16050
2019-04-01 19:30:00,19.227,19.227,19.213,19.213,5700
2019-04-01 19:00:00,19.233,19.247,19.217,19.233,38775
2019-04-01 18:30:00,19.213,19.213,19.212,19.213,7260
2019-04-01 18:00:00,19.2,19.21,19.151,19.21,52875
2019-04-01 17:30:00,19.245,19.246,19.2,19.2,73440
2019-04-01 17:00:00,19.22,19.247,19.218,19.246,29355
2019-04-01 16:30:00,19.247,19.247,19.231,19.231,49230
2019-04-01 16:00:00,19.279,19.28,19.242,19.247,1753215
2019-04-01 15:30:00,19.242,19.28,19.213,19.279,13673700
2019-04-01 15:00:00,19.169,19.244,19.138,19.242,7167345
2019-04-01 14:30:00,19.063,19.199,19.063,19.168,5346030
2019-04-01 14:00:00,19.116,19.154,19.044,19.061,6010830
2019-04-01 13:30:00,19.153,19.219,19.106,19.114,6516855
2019-04-01 13:00:00,19.171,19.181,19.103,19.155,3513450
2019-04-01 12:30:00,19.101,19.176,19.089,19.173,3498450
2019-04-01 12:00:00,19.091,19.14,19.06,19.105,3623295
2019-04-01 11:30:00,19.044,19.133,19.013,19.094,5449860
2019-04-01 11:00:00,19.078,19.151,19.028,19.039,5162835
2019-04-01 10:30:00,18.99,19.126,18.984,19.081,11669595
2019-04-01 10:00:00,18.842,18.999,18.778,18.993,8877030
2019-04-01 09:30:00,18.841,19.046,18.752,18.833,15797475
2019-04-01 09:00:00,18.847,18.865,18.783,18.859,331365
2019-04-01 08:30:00,18.91,18.933,18.847,18.866,757740
2019-04-01 08:00:00,18.84,18.953,18.833,18.91,683310
2019-04-01 07:30:00,18.893,18.933,18.88,18.93,114570
2019-04-01 07:00:00,18.852,18.893,18.81,18.869,180945
2019-04-01 06:30:00,18.827,18.837,18.813,18.837,32130
2019-04-01 06:00:00,18.85,18.85,18.829,18.829,8205
2019-04-01 05:30:00,18.913,18.913,18.865,18.865,8970
2019-04-01 05:00:00,18.867,18.925,18.867,18.915,14700
2019-04-01 04:30:00,18.837,18.837,18.837,18.837,1500
2019-04-01 04:00:00,18.813,18.858,18.733,18.825,37500
