timestamp,open,high,low,close,volume
2022-05-31 19:58:00,269.165,269.196,269.136,269.169,511
2022-05-31 19:56:00,269.066,269.098,269.038,269.07,100
2022-05-31 19:55:00,269.066,269.098,269.038,269.07,400
2022-05-31 19:48:00,269.017,269.048,268.939,268.972,453
2022-05-31 19:40:00,268.968,268.999,268.939,268.972,300
2022-05-31 19:35:00,268.869,268.901,268.841,268.874,119
2022-05-31 19:24:00,269.106,269.147,269.077,269.12,201
2022-05-31 19:23:00,269.007,269.039,268.979,269.011,117
2022-05-31 19:17:00,268.968,268.999,268.939,268.972,175
2022-05-31 19:16:00,268.938,268.97,268.91,268.942,158
2022-05-31 19:12:00,268.928,268.96,268.9,268.933,100
2022-05-31 19:05:00,268.771,268.802,268.742,268.775,100
2022-05-31 18:58:00,268.938,268.999,268.91,268.972,387
2022-05-31 18:57:00,268.889,268.92,268.851,268.893,500
2022-05-31 18:55:00,268.751,268.783,268.723,268.755,100
2022-05-31 18:48:00,268.751,268.802,268.723,268.775,1474
2022-05-31 18:47:00,268.682,268.714,268.644,268.677,201
2022-05-31 18:39:00,268.653,268.684,268.624,268.657,170
2022-05-31 18:36:00,268.574,268.605,268.546,268.578,176
2022-05-31 18:34:00,268.574,268.605,268.546,268.578,100
2022-05-31 18:17:00,268.387,268.418,268.359,268.391,134
2022-05-31 18:11:00,268.525,268.556,268.496,268.529,475
2022-05-31 18:06:00,268.643,268.674,268.614,268.647,215
2022-05-31 18:04:00,268.574,268.605,268.546,268.578,490
2022-05-31 18:03:00,268.594,268.625,268.565,268.598,108
2022-05-31 18:02:00,268.604,268.635,268.575,268.608,569
2022-05-31 18:01:00,268.594,268.625,268.565,268.598,125
2022-05-31 18:00:00,268.653,268.783,268.624,268.755,508
2022-05-31 17:59:00,268.574,268.605,268.546,268.578,100
2022-05-31 17:58:00,268.554,268.586,268.526,268.559,158
2022-05-31 17:57:00,268.525,268.556,268.496,268.529,144
2022-05-31 17:56:00,268.525,268.586,268.496,268.559,1100
2022-05-31 17:53:00,268.456,268.507,268.427,268.46,1841
2022-05-31 17:48:00,268.476,268.536,268.447,268.509,374
2022-05-31 17:41:00,268.348,268.379,268.319,268.352,150
2022-05-31 17:38:00,268.426,268.458,268.299,268.332,506
2022-05-31 17:29:00,268.505,268.546,268.477,268.519,452
2022-05-31 17:28:00,268.338,268.369,268.309,268.342,184
2022-05-31 17:17:00,268.525,268.556,268.496,268.529,1800
2022-05-31 17:16:00,268.466,268.556,268.437,268.529,1149
2022-05-31 17:14:00,268.377,268.408,268.349,268.381,420
2022-05-31 17:12:00,268.367,268.497,268.339,268.47,773
2022-05-31 17:09:00,268.328,268.359,268.112,268.145,964
2022-05-31 17:08:00,268.328,268.359,268.299,268.332,200
2022-05-31 17:06:00,268.21,268.359,268.181,268.332,1790
2022-05-31 17:05:00,267.875,268.261,267.847,268.234,3252
2022-05-31 17:02:00,267.885,267.946,267.856,267.919,200
2022-05-31 16:57:00,267.806,267.837,267.778,267.81,635
2022-05-31 16:56:00,267.796,267.828,267.758,267.791,318
2022-05-31 16:52:00,267.905,267.936,267.758,267.791,2058
2022-05-31 16:51:00,268.062,268.093,268.034,268.066,274
2022-05-31 16:50:00,268.072,268.106,268.044,268.077,931
2022-05-31 16:49:00,268.174,268.206,268.146,268.178,100
2022-05-31 16:45:00,268.229,268.261,267.669,267.702,23149
2022-05-31 16:43:00,268.476,268.507,268.25,268.283,1751
2022-05-31 16:42:00,268.574,268.605,268.447,268.48,500
2022-05-31 16:41:00,268.495,268.527,268.467,268.499,730
2022-05-31 16:38:00,268.525,268.556,268.496,268.529,200
2022-05-31 16:37:00,268.525,268.605,268.496,268.578,800
2022-05-31 16:34:00,268.495,268.527,268.467,268.499,100
2022-05-31 16:33:00,268.377,268.408,268.349,268.381,400
2022-05-31 16:32:00,268.525,268.556,268.496,268.529,190
2022-05-31 16:30:00,268.436,268.468,268.352,268.385,200
2022-05-31 16:29:00,268.279,268.468,268.25,268.44,200
2022-05-31 16:28:00,268.18,268.212,268.152,268.184,148
2022-05-31 16:27:00,268.269,268.3,267.63,267.663,22877
2022-05-31 16:26:00,268.269,268.31,268.053,268.283,1700
2022-05-31 16:25:00,268.082,268.113,268.034,268.066,230
2022-05-31 16:24:00,267.658,268.133,267.63,268.106,1327775
2022-05-31 16:23:00,268.367,268.408,268.152,268.362,2184
2022-05-31 16:22:00,268.229,268.34,268.201,268.312,450
2022-05-31 16:21:00,268.277,268.308,267.955,267.987,2871
2022-05-31 16:20:00,268.289,268.32,268.25,268.283,1910
2022-05-31 16:19:00,268.279,268.311,268.25,268.284,478
2022-05-31 16:18:00,268.062,268.335,268.034,268.307,2257
2022-05-31 16:17:00,267.924,268.105,267.886,268.078,2348
2022-05-31 16:16:00,267.786,267.985,267.66,267.692,796
2022-05-31 16:15:00,267.767,267.818,267.738,267.791,662
2022-05-31 16:14:00,267.796,267.828,267.63,267.663,3680
2022-05-31 16:13:00,267.658,267.896,267.63,267.869,2302
2022-05-31 16:12:00,267.658,268.015,267.63,267.986,9842
2022-05-31 16:11:00,267.796,267.828,267.66,267.692,1331
2022-05-31 16:10:00,267.932,267.963,267.904,267.936,250
2022-05-31 16:09:00,267.786,267.818,267.758,267.791,280
2022-05-31 16:08:00,267.658,267.69,267.62,267.663,22636
2022-05-31 16:07:00,267.294,267.69,267.266,267.663,11409
2022-05-31 16:06:00,267.658,267.69,266.902,267.558,141398
2022-05-31 16:05:00,267.786,267.818,266.724,267.663,68805
2022-05-31 16:04:00,267.658,267.828,267.63,267.663,231119
2022-05-31 16:03:00,267.764,267.995,267.63,267.663,374204
2022-05-31 16:02:00,267.786,267.818,267.63,267.663,403215
2022-05-31 16:01:00,267.924,267.956,267.63,267.791,55525
2022-05-31 16:00:00,267.658,268.3,267.63,267.663,6617790
2022-05-31 15:59:00,267.875,268.241,267.325,267.771,645703
2022-05-31 15:58:00,267.826,267.956,267.571,267.869,210553
2022-05-31 15:57:00,267.609,267.887,267.482,267.84,187391
2022-05-31 15:56:00,267.363,267.68,267.276,267.643,177338
2022-05-31 15:55:00,267.678,267.808,267.286,267.387,170417
2022-05-31 15:54:00,268.771,268.989,266.823,267.653,177313
2022-05-31 15:53:00,269.194,269.226,268.644,268.785,86485
2022-05-31 15:52:00,269.76,269.927,269.057,269.248,110451
2022-05-31 15:51:00,269.746,269.964,269.392,269.769,87147
2022-05-31 15:50:00,268.84,270.279,268.742,269.75,189802
2022-05-31 15:49:00,269.15,269.216,268.851,268.883,66073
2022-05-31 15:48:00,269.391,269.541,269.097,269.164,43188
2022-05-31 15:47:00,269.815,269.89,269.304,269.405,47119
2022-05-31 15:46:00,269.677,269.974,269.614,269.838,64563
2022-05-31 15:45:00,269.549,269.757,269.304,269.661,66739
2022-05-31 15:44:00,269.923,269.954,269.491,269.573,59310
2022-05-31 15:43:00,270.1,270.22,269.904,269.937,55828
2022-05-31 15:42:00,270.267,270.309,269.875,270.134,74104
2022-05-31 15:41:00,270.341,270.545,270.258,270.311,74909
2022-05-31 15:40:00,270.002,270.368,269.973,270.336,104609
2022-05-31 15:39:00,270.139,270.289,269.919,270.025,51907
2022-05-31 15:38:00,269.946,270.26,269.899,270.155,56494
2022-05-31 15:37:00,269.805,270.043,269.707,269.947,45603
2022-05-31 15:36:00,269.903,269.974,269.717,269.824,44366
2022-05-31 15:35:00,270.011,270.22,269.875,269.922,79248
2022-05-31 15:34:00,269.982,270.102,269.865,270.021,55928
2022-05-31 15:33:00,269.922,270.092,269.732,269.986,70846
2022-05-31 15:32:00,269.677,270.053,269.63,269.917,81879
2022-05-31 15:31:00,269.627,269.748,269.51,269.681,45740
2022-05-31 15:30:00,269.322,269.669,269.294,269.634,45995
2022-05-31 15:29:00,269.406,269.482,269.274,269.336,45016
2022-05-31 15:28:00,269.155,269.492,269.117,269.44,60390
2022-05-31 15:27:00,268.963,269.236,268.821,269.169,39678
2022-05-31 15:26:00,269.204,269.24,268.851,268.952,40799
2022-05-31 15:25:00,269.037,269.221,268.969,269.169,37969
2022-05-31 15:24:00,269.037,269.068,268.829,269.021,51976
2022-05-31 15:23:00,268.815,269.095,268.787,269.041,61469
2022-05-31 15:22:00,268.589,268.861,268.546,268.824,44259
2022-05-31 15:21:00,268.584,268.674,268.486,268.618,23757
2022-05-31 15:20:00,268.318,268.684,268.24,268.618,22547
2022-05-31 15:19:00,268.535,268.586,268.191,268.322,47728
2022-05-31 15:18:00,268.702,268.92,268.457,268.539,33218
2022-05-31 15:17:00,268.84,268.901,268.664,268.755,26889
2022-05-31 15:16:00,268.745,268.93,268.717,268.834,28257
2022-05-31 15:15:00,268.229,268.763,268.201,268.706,150619
2022-05-31 15:14:00,268.113,268.354,268.063,268.263,24336
2022-05-31 15:13:00,267.917,268.177,267.847,268.086,20069
2022-05-31 15:12:00,267.895,267.956,267.679,267.899,18795
2022-05-31 15:11:00,267.855,268.015,267.709,267.919,22993
2022-05-31 15:10:00,268.013,268.074,267.738,267.85,37993
2022-05-31 15:09:00,267.747,268.172,267.712,268.017,74278
2022-05-31 15:08:00,267.649,267.768,267.441,267.732,28766
2022-05-31 15:07:00,267.417,267.808,267.389,267.672,29763
2022-05-31 15:06:00,267.343,267.453,267.049,267.426,26197
2022-05-31 15:05:00,267.186,267.38,267.01,267.348,53077
2022-05-31 15:04:00,266.851,267.266,266.803,267.17,34438
2022-05-31 15:03:00,267.043,267.207,266.754,266.875,30715
2022-05-31 15:02:00,267.255,267.286,266.99,267.069,21211
2022-05-31 15:01:00,267.22,267.493,267.185,267.279,22237
2022-05-31 15:00:00,267.324,267.355,267.069,267.18,25314
2022-05-31 14:59:00,267.462,267.581,267.226,267.367,26759
2022-05-31 14:58:00,267.314,267.503,267.286,267.446,26152
2022-05-31 14:57:00,267.225,267.434,267.177,267.348,24412
2022-05-31 14:56:00,266.95,267.394,266.893,267.22,37074
2022-05-31 14:55:00,267.217,267.271,266.902,266.944,23277
2022-05-31 14:54:00,267.521,267.601,267.148,267.229,22975
2022-05-31 14:53:00,267.481,267.572,267.207,267.515,22938
2022-05-31 14:52:00,267.865,267.946,267.423,267.48,20055
2022-05-31 14:51:00,267.639,267.946,267.596,267.899,29146
2022-05-31 14:50:00,267.57,267.749,267.482,267.611,36612
2022-05-31 14:49:00,267.363,267.676,267.286,267.643,36662
2022-05-31 14:48:00,267.639,267.719,267.158,267.394,42383
2022-05-31 14:47:00,267.54,267.719,267.384,267.633,46607
2022-05-31 14:46:00,267.688,267.823,267.524,267.558,20197
2022-05-31 14:45:00,268.092,268.123,267.679,267.712,33148
2022-05-31 14:44:00,268.269,268.3,268.063,268.12,12208
2022-05-31 14:43:00,268.239,268.399,268.065,268.283,27377
2022-05-31 14:42:00,268.426,268.458,268.206,268.241,25732
2022-05-31 14:41:00,268.791,268.822,268.398,268.462,21561
2022-05-31 14:40:00,268.909,268.96,268.762,268.795,14206
2022-05-31 14:39:00,268.997,269.078,268.792,268.874,14115
2022-05-31 14:38:00,268.973,269.039,268.742,268.992,16409
2022-05-31 14:37:00,268.682,268.97,268.606,268.942,28888
2022-05-31 14:36:00,268.84,268.891,268.634,268.686,33369
2022-05-31 14:35:00,268.85,268.98,268.762,268.854,20747
2022-05-31 14:34:00,268.82,268.989,268.723,268.837,20453
2022-05-31 14:33:00,268.85,268.93,268.654,268.864,32135
2022-05-31 14:32:00,269.066,269.098,268.841,268.883,12225
2022-05-31 14:31:00,269.175,269.206,269.018,269.051,20753
2022-05-31 14:30:00,269.007,269.186,268.792,269.149,32873
2022-05-31 14:29:00,268.83,269.009,268.792,268.982,25685
2022-05-31 14:28:00,268.888,268.999,268.772,268.829,14774
2022-05-31 14:27:00,268.869,269.048,268.831,268.908,32247
2022-05-31 14:26:00,269.066,269.147,268.811,268.903,25025
2022-05-31 14:25:00,269.14,269.216,268.979,269.062,15890
2022-05-31 14:24:00,269.096,269.304,269.038,269.144,30631
2022-05-31 14:23:00,268.84,269.142,268.811,269.075,18632
2022-05-31 14:22:00,269.027,269.236,268.799,268.832,26679
2022-05-31 14:21:00,269.371,269.442,268.939,269.041,24748
2022-05-31 14:20:00,269.411,269.531,269.264,269.386,26817
2022-05-31 14:19:00,269.362,269.499,269.235,269.386,26165
2022-05-31 14:18:00,269.268,269.393,269.156,269.346,12673
2022-05-31 14:17:00,269.549,269.59,269.244,269.302,34311
2022-05-31 14:16:00,269.44,269.57,269.315,269.533,17392
2022-05-31 14:15:00,269.322,269.521,269.225,269.445,23143
2022-05-31 14:14:00,269.234,269.472,269.136,269.307,46677
2022-05-31 14:13:00,269.184,269.275,269.067,269.189,21033
2022-05-31 14:12:00,269.214,269.3,269.018,269.238,44211
2022-05-31 14:11:00,269.253,269.354,269.102,269.223,39276
2022-05-31 14:10:00,269.322,269.492,269.185,269.238,16974
2022-05-31 14:09:00,269.273,269.492,269.211,269.366,15841
2022-05-31 14:08:00,269.312,269.378,269.117,269.277,19008
2022-05-31 14:07:00,269.155,269.344,269.028,269.317,25584
2022-05-31 14:06:00,269.096,269.265,269.048,269.174,26840
2022-05-31 14:05:00,269.135,269.216,268.929,269.07,40624
2022-05-31 14:04:00,269.165,269.275,269.048,269.149,20804
2022-05-31 14:03:00,269.362,269.393,269.136,269.169,32801
2022-05-31 14:02:00,269.317,269.432,269.185,269.366,22119
2022-05-31 14:01:00,269.022,269.354,268.869,269.326,31386
2022-05-31 14:00:00,269.017,269.088,268.723,269.002,12932
2022-05-31 13:59:00,268.751,269.167,268.723,269.041,25638
2022-05-31 13:58:00,268.771,268.832,268.644,268.765,64265
2022-05-31 13:57:00,268.978,269.019,268.723,268.775,47367
2022-05-31 13:56:00,268.869,269.019,268.811,268.962,30282
2022-05-31 13:55:00,268.554,268.92,268.516,268.844,80306
2022-05-31 13:54:00,268.761,268.802,268.506,268.559,84742
2022-05-31 13:53:00,268.761,268.802,268.708,268.76,93156
2022-05-31 13:52:00,268.377,268.807,268.329,268.775,49379
2022-05-31 13:51:00,268.239,268.477,268.142,268.391,20520
2022-05-31 13:50:00,267.954,268.29,267.886,268.234,22236
2022-05-31 13:49:00,267.954,268.162,267.925,267.987,27595
2022-05-31 13:48:00,267.993,268.064,267.729,267.899,22385
2022-05-31 13:47:00,267.826,268.117,267.768,267.997,25612
2022-05-31 13:46:00,267.885,267.926,267.669,267.85,27964
2022-05-31 13:45:00,267.983,268.088,267.729,267.879,34731
2022-05-31 13:44:00,267.786,268.034,267.748,267.997,10225
2022-05-31 13:43:00,267.846,267.946,267.733,267.766,17015
2022-05-31 13:42:00,267.885,268.084,267.709,267.85,23297
2022-05-31 13:41:00,267.949,268.221,267.837,267.884,23370
2022-05-31 13:40:00,267.954,268.005,267.788,267.968,10496
2022-05-31 13:39:00,267.885,268.015,267.778,267.939,16401
2022-05-31 13:38:00,268.082,268.133,267.689,267.879,47704
2022-05-31 13:37:00,268.461,268.497,268.044,268.076,29860
2022-05-31 13:36:00,268.417,268.556,268.275,268.45,40041
2022-05-31 13:35:00,268.279,268.448,268.201,268.401,52987
2022-05-31 13:34:00,268.003,268.33,267.896,268.271,26712
2022-05-31 13:33:00,267.875,268.271,267.839,267.983,38013
2022-05-31 13:32:00,267.826,267.906,267.699,267.859,14359
2022-05-31 13:31:00,267.767,267.867,267.669,267.81,21828
2022-05-31 13:30:00,267.718,267.887,267.604,267.82,25902
2022-05-31 13:29:00,267.432,267.788,267.374,267.702,27383
2022-05-31 13:28:00,267.826,267.857,267.433,267.485,24910
2022-05-31 13:27:00,267.855,267.916,267.778,267.84,16655
2022-05-31 13:26:00,267.895,268.024,267.763,267.835,21158
2022-05-31 13:25:00,267.757,267.985,267.689,267.899,22490
2022-05-31 13:24:00,267.752,267.877,267.689,267.741,24550
2022-05-31 13:23:00,267.786,267.936,267.719,267.756,14899
2022-05-31 13:22:00,267.973,268.044,267.709,267.781,14950
2022-05-31 13:21:00,268.013,268.123,267.906,267.987,11137
2022-05-31 13:20:00,268.033,268.103,267.896,268.032,14598
2022-05-31 13:19:00,268.003,268.103,267.955,268.027,31802
2022-05-31 13:18:00,267.885,268.084,267.807,267.987,22422
2022-05-31 13:17:00,268.289,268.369,267.876,267.909,23599
2022-05-31 13:16:00,268.407,268.438,268.093,268.283,26226
2022-05-31 13:15:00,268.663,268.694,268.378,268.431,18725
2022-05-31 13:14:00,268.54,268.684,268.378,268.657,26562
2022-05-31 13:13:00,268.633,268.669,268.432,268.539,19244
2022-05-31 13:12:00,268.702,268.802,268.595,268.667,15915
2022-05-31 13:11:00,268.761,268.792,268.614,268.72,20943
2022-05-31 13:10:00,269.007,269.056,268.703,268.785,18160
2022-05-31 13:09:00,269.096,269.196,268.989,269.036,29619
2022-05-31 13:08:00,269.125,269.285,269.057,269.092,49518
2022-05-31 13:07:00,269.047,269.295,268.782,269.11,34520
2022-05-31 13:06:00,268.899,269.098,268.831,269.061,22769
2022-05-31 13:05:00,268.672,268.92,268.644,268.893,12571
2022-05-31 13:04:00,268.485,268.783,268.457,268.67,17465
2022-05-31 13:03:00,268.672,268.704,268.394,268.509,27096
2022-05-31 13:02:00,269.017,269.058,268.614,268.755,25780
2022-05-31 13:01:00,269.145,269.176,268.944,269.002,11646
2022-05-31 13:00:00,269.096,269.265,268.989,269.13,17640
2022-05-31 12:59:00,269.086,269.137,268.905,269.097,16845
2022-05-31 12:58:00,269.007,269.206,268.979,269.105,15982
2022-05-31 12:57:00,269.096,269.127,268.821,269.031,34818
2022-05-31 12:56:00,269.086,269.344,269.057,269.12,39832
2022-05-31 12:55:00,269.053,269.127,268.925,269.085,11063
2022-05-31 12:54:00,268.997,269.245,268.969,269.051,19880
2022-05-31 12:53:00,269.214,269.245,268.939,268.996,14739
2022-05-31 12:52:00,268.928,269.324,268.88,269.198,50123
2022-05-31 12:51:00,268.874,269.098,268.841,268.923,16454
2022-05-31 12:50:00,268.82,268.901,268.723,268.854,17674
2022-05-31 12:49:00,268.771,268.852,268.644,268.814,21932
2022-05-31 12:48:00,268.579,268.812,268.546,268.765,20109
2022-05-31 12:47:00,268.663,268.694,268.536,268.598,16595
2022-05-31 12:46:00,268.791,268.822,268.575,268.657,38129
2022-05-31 12:45:00,268.928,269.122,268.742,268.775,23504
2022-05-31 12:44:00,269.214,269.245,268.87,268.915,29487
2022-05-31 12:43:00,269.125,269.265,268.998,269.218,19926
2022-05-31 12:42:00,269.214,269.285,269.087,269.138,20942
2022-05-31 12:41:00,269.234,269.295,269.102,269.218,9962
2022-05-31 12:40:00,269.244,269.354,269.101,269.238,40371
2022-05-31 12:39:00,269.017,269.292,268.878,269.264,32422
2022-05-31 12:38:00,268.948,269.117,268.861,269.011,62279
2022-05-31 12:37:00,268.81,268.98,268.678,268.952,25848
2022-05-31 12:36:00,269.194,269.249,268.792,268.824,31370
2022-05-31 12:35:00,268.732,269.236,268.703,269.198,30427
2022-05-31 12:34:00,268.643,268.763,268.555,268.736,38215
2022-05-31 12:33:00,268.574,268.736,268.506,268.647,19047
2022-05-31 12:32:00,268.397,268.645,268.339,268.559,15996
2022-05-31 12:31:00,268.446,268.596,268.339,268.431,18645
2022-05-31 12:30:00,268.53,268.596,268.329,268.46,23651
2022-05-31 12:29:00,268.289,268.576,268.228,268.549,22598
2022-05-31 12:28:00,268.387,268.438,268.231,268.278,37989
2022-05-31 12:27:00,268.269,268.453,268.142,268.411,25758
2022-05-31 12:26:00,268.229,268.418,268.112,268.234,34830
2022-05-31 12:25:00,268.082,268.281,268.053,268.234,36657
2022-05-31 12:24:00,267.816,268.133,267.778,268.091,24715
2022-05-31 12:23:00,268.003,268.054,267.795,267.855,20726
2022-05-31 12:22:00,267.993,268.084,267.817,268.007,26410
2022-05-31 12:21:00,268.308,268.372,267.906,267.987,25776
2022-05-31 12:20:00,268.436,268.477,268.191,268.303,14102
2022-05-31 12:19:00,268.077,268.468,268.004,268.431,20903
2022-05-31 12:18:00,268.545,268.664,268.093,268.125,29876
2022-05-31 12:17:00,268.613,268.753,268.496,268.529,28837
2022-05-31 12:16:00,268.633,268.778,268.516,268.647,28637
2022-05-31 12:15:00,268.623,268.819,268.477,268.603,33959
2022-05-31 12:14:00,269.066,269.127,268.595,268.646,50302
2022-05-31 12:13:00,269.184,269.236,269.028,269.08,12950
2022-05-31 12:12:00,269.116,269.236,268.998,269.1,11920
2022-05-31 12:11:00,269.214,269.285,269.087,269.139,19490
2022-05-31 12:10:00,269.253,269.364,269.146,269.223,20986
2022-05-31 12:09:00,269.401,269.432,269.161,269.228,26312
2022-05-31 12:08:00,269.312,269.413,269.205,269.386,27584
2022-05-31 12:07:00,269.49,269.679,269.284,269.326,26073
2022-05-31 12:06:00,269.411,269.511,269.284,269.445,41973
2022-05-31 12:05:00,269.619,269.688,269.372,269.43,27281
2022-05-31 12:04:00,269.588,269.669,269.363,269.627,43057
2022-05-31 12:03:00,269.293,269.669,269.259,269.582,54884
2022-05-31 12:02:00,269.047,269.324,268.949,269.297,37663
2022-05-31 12:01:00,268.8,269.157,268.772,269.016,23469
2022-05-31 12:00:00,268.741,268.911,268.713,268.814,24087
2022-05-31 11:59:00,268.751,268.901,268.683,268.765,30865
2022-05-31 11:58:00,268.884,268.93,268.644,268.721,30660
2022-05-31 11:57:00,269.111,269.142,268.821,268.874,27327
2022-05-31 11:56:00,268.889,269.216,268.831,269.13,45475
2022-05-31 11:55:00,268.505,268.93,268.467,268.898,50126
2022-05-31 11:54:00,268.474,268.556,268.329,268.504,30242
2022-05-31 11:53:00,268.101,268.523,268.073,268.47,31077
2022-05-31 11:52:00,268.476,268.507,267.954,268.076,38279
2022-05-31 11:51:00,267.639,268.527,267.61,268.499,72375
2022-05-31 11:50:00,267.639,267.749,267.546,267.672,34089
2022-05-31 11:49:00,267.614,267.818,267.571,267.633,43592
2022-05-31 11:48:00,267.427,267.798,267.37,267.675,23080
2022-05-31 11:47:00,267.402,267.542,267.295,267.416,31202
2022-05-31 11:46:00,267.343,267.542,267.246,267.397,18986
2022-05-31 11:45:00,267.087,267.325,267.039,267.298,23981
2022-05-31 11:44:00,266.94,267.138,266.774,267.092,27675
2022-05-31 11:43:00,266.979,267.178,266.892,266.964,34744
2022-05-31 11:42:00,266.664,267.06,266.547,266.954,44504
2022-05-31 11:41:00,266.556,266.744,266.429,266.629,23628
2022-05-31 11:40:00,266.743,266.794,266.459,266.55,21292
2022-05-31 11:39:00,266.575,266.774,266.537,266.737,19812
2022-05-31 11:38:00,266.664,266.705,266.543,266.575,15756
2022-05-31 11:37:00,266.625,266.744,266.478,266.619,34146
2022-05-31 11:36:00,266.315,266.715,266.252,266.629,35026
2022-05-31 11:35:00,266.231,266.439,266.114,266.304,26793
2022-05-31 11:34:00,266.31,266.39,266.193,266.235,18485
2022-05-31 11:33:00,266.113,266.331,266.075,266.299,23986
2022-05-31 11:32:00,266.093,266.262,265.966,266.102,41995
2022-05-31 11:31:00,266.083,266.223,266.021,266.107,22883
2022-05-31 11:30:00,266.379,266.488,266.085,266.117,31176
2022-05-31 11:29:00,266.703,266.794,266.34,266.422,15536
2022-05-31 11:28:00,266.851,266.912,266.636,266.668,27649
2022-05-31 11:27:00,266.881,266.917,266.705,266.855,21651
2022-05-31 11:26:00,266.654,266.912,266.498,266.885,23214
2022-05-31 11:25:00,266.571,266.705,266.329,266.678,11018
2022-05-31 11:24:00,266.556,266.597,266.38,266.54,19851
2022-05-31 11:23:00,266.822,266.991,266.488,266.53,28391
2022-05-31 11:22:00,266.295,266.859,266.267,266.831,41015
2022-05-31 11:21:00,266.179,266.36,266.094,266.314,41169
2022-05-31 11:20:00,266.26,266.41,266.124,266.161,31542
2022-05-31 11:19:00,266.201,266.487,266.168,266.283,40365
2022-05-31 11:18:00,266.275,266.36,266.094,266.186,28221
2022-05-31 11:17:00,266.428,266.518,266.232,266.284,26034
2022-05-31 11:16:00,266.463,266.636,266.331,266.412,19801
2022-05-31 11:15:00,266.27,266.518,266.124,266.481,20068
2022-05-31 11:14:00,266.536,266.587,266.183,266.286,32364
2022-05-31 11:13:00,266.615,266.725,266.429,266.55,19303
2022-05-31 11:12:00,266.59,266.667,266.37,266.53,34926
2022-05-31 11:11:00,266.881,266.932,266.547,266.58,19687
2022-05-31 11:10:00,267.077,267.108,266.852,266.914,18812
2022-05-31 11:09:00,267.009,267.192,266.843,267.062,33226
2022-05-31 11:08:00,267.166,267.296,266.911,267.013,44473
2022-05-31 11:07:00,267.235,267.276,266.961,267.17,32019
2022-05-31 11:06:00,267.274,267.355,267.098,267.239,28585
2022-05-31 11:05:00,267.393,267.522,267.148,267.269,48009
2022-05-31 11:04:00,267.255,267.473,267.108,267.446,36112
2022-05-31 11:03:00,267.137,267.296,267.015,267.269,46557
2022-05-31 11:02:00,267.225,267.375,266.995,267.121,53518
2022-05-31 11:01:00,267.078,267.414,267.01,267.229,67234
2022-05-31 11:00:00,266.952,267.252,266.843,267.105,45043
2022-05-31 10:59:00,266.95,267.079,266.852,266.944,30563
2022-05-31 10:58:00,266.703,267.03,266.606,267.003,30938
2022-05-31 10:57:00,266.792,266.971,266.616,266.715,29729
2022-05-31 10:56:00,266.9,267.01,266.675,266.777,31055
2022-05-31 10:55:00,267.038,267.104,266.843,266.905,31238
2022-05-31 10:54:00,266.772,267.099,266.715,267.032,27190
2022-05-31 10:53:00,266.802,267.089,266.685,266.747,42690
2022-05-31 10:52:00,266.871,266.922,266.646,266.806,28233
2022-05-31 10:51:00,266.674,267.01,266.646,266.865,25724
2022-05-31 10:50:00,266.595,266.892,266.557,266.688,25127
2022-05-31 10:49:00,266.674,266.872,266.468,266.58,45798
2022-05-31 10:48:00,266.95,267.06,266.616,266.698,61968
2022-05-31 10:47:00,266.979,267.06,266.705,266.964,37170
2022-05-31 10:46:00,266.95,267.109,266.547,267.032,55668
2022-05-31 10:45:00,266.95,267.06,266.606,266.939,40748
2022-05-31 10:44:00,266.871,267.069,266.715,267.042,29298
2022-05-31 10:43:00,266.812,267.138,266.734,266.885,45408
2022-05-31 10:42:00,266.664,266.872,266.468,266.836,28009
2022-05-31 10:41:00,267.028,267.237,266.508,266.693,47487
2022-05-31 10:40:00,266.715,267.089,266.498,267.023,44644
2022-05-31 10:39:00,266.497,266.735,266.439,266.708,31396
2022-05-31 10:38:00,266.28,266.666,266.242,266.496,28050
2022-05-31 10:37:00,266.487,266.656,266.242,266.288,42703
2022-05-31 10:36:00,266.497,266.636,266.365,266.491,28574
2022-05-31 10:35:00,266.398,266.607,266.34,266.466,30627
2022-05-31 10:34:00,266.585,266.695,266.37,266.402,29208
2022-05-31 10:33:00,266.753,266.813,266.498,266.589,32038
2022-05-31 10:32:00,266.969,267.04,266.675,266.737,37794
2022-05-31 10:31:00,266.703,267.128,266.596,266.944,53172
2022-05-31 10:30:00,266.3,266.685,266.242,266.639,26869
2022-05-31 10:29:00,266.418,266.508,266.203,266.393,27680
2022-05-31 10:28:00,266.497,266.833,266.34,266.373,41008
2022-05-31 10:27:00,266.359,266.577,266.22,266.501,39963
2022-05-31 10:26:00,266.182,266.385,266.135,266.334,17786
2022-05-31 10:25:00,266.556,266.616,266.134,266.205,36425
2022-05-31 10:24:00,266.585,266.656,266.291,266.521,29212
2022-05-31 10:23:00,266.758,266.991,266.419,266.58,75263
2022-05-31 10:22:00,266.694,266.882,266.557,266.708,47017
2022-05-31 10:21:00,266.585,266.833,266.537,266.702,66403
2022-05-31 10:20:00,266.113,266.735,266.025,266.609,60044
2022-05-31 10:19:00,265.788,266.193,265.704,266.142,28611
2022-05-31 10:18:00,265.689,265.964,265.612,265.861,20798
2022-05-31 10:17:00,265.727,265.917,265.651,265.753,27540
2022-05-31 10:16:00,265.876,266.114,265.651,265.723,39082
2022-05-31 10:15:00,265.867,266.085,265.701,265.861,60986
2022-05-31 10:14:00,265.32,265.937,265.277,265.91,64230
2022-05-31 10:13:00,265.02,265.445,264.982,265.334,58158
2022-05-31 10:12:00,264.99,265.267,264.943,265.014,41352
2022-05-31 10:11:00,264.99,265.159,264.834,264.965,33302
2022-05-31 10:10:00,264.912,265.199,264.736,264.965,38711
2022-05-31 10:09:00,265.177,265.297,264.825,264.906,95494
2022-05-31 10:08:00,265.68,265.839,265.11,265.142,49326
2022-05-31 10:07:00,265.729,265.927,265.612,265.664,48567
2022-05-31 10:06:00,266.113,266.213,265.701,265.753,40120
2022-05-31 10:05:00,266.142,266.479,266.075,266.186,42721
2022-05-31 10:04:00,266.615,266.676,266.094,266.166,36953
2022-05-31 10:03:00,266.137,266.715,266.094,266.619,42284
2022-05-31 10:02:00,266.132,266.508,266.094,266.167,19189
2022-05-31 10:01:00,266.644,266.679,265.996,266.078,42077
2022-05-31 10:00:00,266.566,266.804,266.37,266.619,45060
2022-05-31 09:59:00,266.398,266.794,266.36,266.594,44619
2022-05-31 09:58:00,266.526,266.735,266.331,266.422,26789
2022-05-31 09:57:00,266.743,266.941,266.311,266.535,51299
2022-05-31 09:56:00,266.3,266.858,266.203,266.737,51880
2022-05-31 09:55:00,266.034,266.54,265.957,266.333,56032
2022-05-31 09:54:00,266.349,266.395,265.966,266.053,40196
2022-05-31 09:53:00,265.817,266.42,265.779,266.393,40966
2022-05-31 09:52:00,266.024,266.4,265.789,265.822,41065
2022-05-31 09:51:00,266.467,266.498,265.927,266.028,51151
2022-05-31 09:50:00,266.093,266.616,266.065,266.452,44961
2022-05-31 09:49:00,266.408,266.656,265.937,266.11,48536
2022-05-31 09:48:00,266.625,266.907,266.252,266.432,57421
2022-05-31 09:47:00,266.31,266.784,266.272,266.688,51073
2022-05-31 09:46:00,266.408,266.538,266.134,266.304,68572
2022-05-31 09:45:00,265.67,266.567,265.297,266.383,88616
2022-05-31 09:44:00,265.414,265.799,265.386,265.674,45230
2022-05-31 09:43:00,265.325,265.533,265.115,265.428,58439
2022-05-31 09:42:00,266.014,266.045,265.13,265.3,94232
2022-05-31 09:41:00,266.561,266.784,265.819,266.009,172069
2022-05-31 09:40:00,266.969,267.01,266.409,266.56,85836
2022-05-31 09:39:00,266.723,267.365,266.616,266.983,112133
2022-05-31 09:38:00,266.31,267.119,266.104,266.737,111286
2022-05-31 09:37:00,265.965,266.36,265.809,266.304,102970
2022-05-31 09:36:00,266.235,266.37,265.907,266.004,68088
2022-05-31 09:35:00,265.906,266.469,265.77,266.272,119311
2022-05-31 09:34:00,266.241,266.316,265.829,265.864,136402
2022-05-31 09:33:00,266.753,266.804,265.996,266.255,119619
2022-05-31 09:32:00,266.959,267.325,266.4,266.737,154212
2022-05-31 09:31:00,267.304,267.483,266.813,266.924,135566
2022-05-31 09:30:00,268.269,268.458,267.158,267.367,724752
2022-05-31 09:29:00,268.033,268.064,268.004,268.037,100
2022-05-31 09:28:00,268.466,268.596,268.152,268.184,755
2022-05-31 09:27:00,268.623,268.95,268.388,268.785,1857
2022-05-31 09:26:00,268.672,268.704,268.644,268.677,129
2022-05-31 09:25:00,268.82,268.852,268.152,268.706,6899
2022-05-31 09:24:00,268.111,268.143,268.083,268.115,300
2022-05-31 09:23:00,268.131,268.212,268.093,268.125,363
2022-05-31 09:22:00,268.22,268.251,268.152,268.184,300
2022-05-31 09:21:00,268.141,268.241,268.112,268.214,1300
2022-05-31 09:20:00,267.983,268.015,267.946,267.982,900
2022-05-31 09:19:00,267.983,268.015,267.896,267.928,200
2022-05-31 09:18:00,267.786,267.956,267.758,267.928,300
2022-05-31 09:17:00,267.983,268.015,267.758,267.791,200
2022-05-31 09:16:00,267.914,267.946,267.62,267.653,1049
2022-05-31 09:15:00,268.082,268.113,267.975,268.007,300
2022-05-31 09:14:00,268.161,268.241,268.112,268.145,500
2022-05-31 09:13:00,267.983,268.212,267.955,268.184,1205
2022-05-31 09:12:00,267.983,268.015,267.935,267.968,300
2022-05-31 09:11:00,267.885,267.916,267.856,267.889,540
2022-05-31 09:10:00,267.757,267.916,267.729,267.889,300
2022-05-31 09:09:00,267.885,267.916,267.856,267.889,10000
2022-05-31 09:05:00,267.639,267.887,267.364,267.859,400
2022-05-31 09:04:00,267.59,267.621,267.561,267.594,130
2022-05-31 09:03:00,267.442,267.473,267.413,267.446,220
2022-05-31 09:02:00,267.668,267.818,267.374,267.407,6080
2022-05-31 09:01:00,267.402,267.522,267.374,267.495,213
2022-05-31 09:00:00,267.097,267.168,267.069,267.141,785
2022-05-31 08:57:00,267.314,267.345,267.266,267.298,600
2022-05-31 08:55:00,267.274,267.306,267.246,267.279,100
2022-05-31 08:54:00,267.196,267.276,267.167,267.249,1428
2022-05-31 08:52:00,267.343,267.375,267.266,267.298,2187
2022-05-31 08:49:00,267.156,267.227,267.128,267.2,500
2022-05-31 08:48:00,267.175,267.206,267.147,267.179,230
2022-05-31 08:47:00,267.085,267.116,267.057,267.089,100
2022-05-31 08:46:00,266.812,266.843,266.784,266.816,200
2022-05-31 08:45:00,266.851,266.922,266.783,266.816,1201
2022-05-31 08:44:00,266.999,267.03,266.971,267.003,100
2022-05-31 08:43:00,266.95,266.981,266.823,266.865,587
2022-05-31 08:42:00,266.95,266.981,266.921,266.954,100
2022-05-31 08:41:00,266.95,267.128,266.843,266.905,1059
2022-05-31 08:40:00,267.048,267.109,266.783,266.816,1132
2022-05-31 08:39:00,267.245,267.276,267.217,267.249,100
2022-05-31 08:38:00,267.068,267.227,267.02,267.2,912
2022-05-31 08:37:00,267.265,267.296,267.02,267.072,1012
2022-05-31 08:35:00,267.097,267.325,267.069,267.298,695
2022-05-31 08:34:00,267.097,267.128,266.921,267.003,1144
2022-05-31 08:33:00,266.851,266.882,266.823,266.855,950
2022-05-31 08:32:00,266.927,266.958,266.872,266.905,500
2022-05-31 08:31:00,267.097,267.148,267.069,267.121,200
2022-05-31 08:29:00,267.255,267.286,267.118,267.151,785
2022-05-31 08:28:00,267.048,267.128,267.02,267.101,1455
2022-05-31 08:27:00,266.822,266.853,266.793,266.826,230
2022-05-31 08:26:00,266.851,266.922,266.783,266.895,3195
2022-05-31 08:25:00,266.999,267.227,266.872,266.905,2001
2022-05-31 08:24:00,267.59,267.621,267.098,267.131,1240
2022-05-31 08:23:00,267.521,267.552,267.492,267.525,100
2022-05-31 08:21:00,267.424,267.455,267.395,267.428,200
2022-05-31 08:19:00,267.737,267.768,267.463,267.495,1400
2022-05-31 08:18:00,267.54,267.768,267.512,267.741,732
2022-05-31 08:17:00,267.491,267.522,267.463,267.495,1154
2022-05-31 08:16:00,267.609,267.709,267.463,267.682,1389
2022-05-31 08:13:00,267.492,267.572,267.463,267.544,406
2022-05-31 08:11:00,267.658,267.69,267.482,267.643,1512
2022-05-31 08:10:00,267.511,267.808,267.482,267.781,500
2022-05-31 08:09:00,268.005,268.036,267.679,267.712,800
2022-05-31 08:08:00,267.875,267.936,267.758,267.791,1009
2022-05-31 08:07:00,268.082,268.113,268.053,268.086,130
2022-05-31 08:06:00,267.678,267.877,267.65,267.85,572
2022-05-31 08:05:00,267.885,267.916,267.65,267.682,300
2022-05-31 08:04:00,267.846,267.877,267.817,267.85,288
2022-05-31 08:03:00,267.885,268.015,267.817,267.85,905
2022-05-31 08:02:00,268.131,268.162,268.004,268.135,887
2022-05-31 08:01:00,271.144,271.175,268.243,268.283,344
2022-05-31 08:00:00,268.426,269.037,267.955,268.578,14772
2022-05-31 07:59:00,268.377,268.408,268.349,268.381,114
2022-05-31 07:52:00,268.082,268.113,268.004,268.037,588
2022-05-31 07:43:00,268.249,268.655,268.171,268.627,1661
2022-05-31 07:42:00,268.653,268.684,268.624,268.657,100
2022-05-31 07:40:00,268.239,268.271,268.211,268.243,300
2022-05-31 07:38:00,268.554,268.792,268.526,268.765,1627
2022-05-31 07:37:00,268.387,268.418,268.359,268.391,397
2022-05-31 07:36:00,268.436,268.468,268.359,268.391,399
2022-05-31 07:34:00,268.17,268.231,268.142,268.204,742
2022-05-31 07:33:00,268.348,268.408,268.319,268.381,252
2022-05-31 07:30:00,268.18,268.212,268.152,268.184,400
2022-05-31 07:28:00,268.279,268.31,268.25,268.283,252
2022-05-31 07:26:00,268.328,268.359,268.26,268.293,600
2022-05-31 07:24:00,268.357,268.389,268.329,268.362,313
2022-05-31 07:22:00,268.417,268.448,268.329,268.362,509
2022-05-31 07:21:00,268.574,268.605,268.546,268.578,100
2022-05-31 07:20:00,268.574,268.605,268.546,268.578,100
2022-05-31 07:19:00,268.574,268.605,268.546,268.578,300
2022-05-31 07:18:00,268.584,268.615,268.555,268.588,403
2022-05-31 07:17:00,268.554,268.586,268.526,268.559,388
2022-05-31 07:15:00,268.525,268.556,268.447,268.48,700
2022-05-31 07:14:00,268.574,268.625,268.496,268.549,2548
2022-05-31 07:12:00,268.781,268.812,268.575,268.608,4476
2022-05-31 07:11:00,268.85,268.881,268.762,268.795,1670
2022-05-31 07:10:00,268.781,268.852,268.742,268.824,300
2022-05-31 07:09:00,268.761,268.802,268.733,268.775,500
2022-05-31 07:08:00,268.702,268.792,268.674,268.765,500
2022-05-31 07:07:00,268.672,268.753,268.546,268.578,2012
2022-05-31 07:06:00,268.594,268.625,268.555,268.588,927
2022-05-31 07:05:00,268.643,268.704,268.575,268.677,2521
2022-05-31 07:04:00,268.613,268.645,268.585,268.618,100
2022-05-31 07:00:00,268.476,268.507,268.447,268.48,100
2022-05-31 06:56:00,268.377,268.408,268.349,268.381,891
2022-05-31 06:55:00,268.426,268.458,268.398,268.431,100
2022-05-31 06:54:00,268.18,268.241,268.152,268.184,1011
2022-05-31 06:51:00,268.357,268.458,268.329,268.431,760
2022-05-31 06:47:00,268.18,268.212,268.152,268.184,982
2022-05-31 06:44:00,268.229,268.507,268.201,268.48,849
2022-05-31 06:42:00,268.2,268.231,268.171,268.204,100
2022-05-31 06:41:00,267.983,268.261,267.955,268.234,316
2022-05-31 06:40:00,267.983,268.015,267.955,267.987,116
2022-05-31 06:39:00,267.491,267.522,267.463,267.495,100
2022-05-31 06:29:00,267.501,267.532,267.473,267.505,100
2022-05-31 06:24:00,267.511,267.542,267.482,267.515,100
2022-05-31 06:21:00,267.521,267.552,267.492,267.525,192
2022-05-31 06:16:00,268.033,268.064,268.004,268.037,1000
2022-05-31 06:15:00,267.885,268.054,267.856,268.027,200
2022-05-31 06:11:00,267.511,267.798,267.482,267.771,569
2022-05-31 06:10:00,267.757,267.798,267.709,267.771,1084
2022-05-31 06:09:00,267.757,267.788,267.729,267.761,390
2022-05-31 06:08:00,267.757,267.788,267.729,267.761,100
2022-05-31 06:07:00,267.491,267.522,267.463,267.495,484
2022-05-31 06:05:00,267.471,267.503,267.443,267.476,100
2022-05-31 06:03:00,267.757,267.788,267.729,267.761,100
2022-05-31 05:56:00,268.033,268.064,268.004,268.037,199
2022-05-31 05:55:00,267.954,268.064,267.925,268.037,729
2022-05-31 05:53:00,267.954,267.985,267.925,267.958,151
2022-05-31 05:50:00,267.786,267.818,267.758,267.791,400
2022-05-31 05:45:00,267.688,267.818,267.63,267.791,764
2022-05-31 05:42:00,267.796,267.828,267.758,267.791,898
2022-05-31 05:41:00,268.033,268.064,268.004,268.037,100
2022-05-31 05:40:00,268.072,268.103,268.044,268.076,419
2022-05-31 05:38:00,267.816,267.847,267.788,267.82,100
2022-05-31 05:32:00,268.476,268.507,268.447,268.48,100
2022-05-31 05:30:00,268.741,268.773,268.713,268.746,102
2022-05-31 05:27:00,268.348,268.379,268.319,268.352,147
2022-05-31 05:24:00,267.934,267.965,267.778,267.81,310
2022-05-31 05:15:00,268.279,268.31,268.093,268.125,220
2022-05-31 05:11:00,268.505,268.536,268.477,268.509,110
2022-05-31 05:05:00,268.791,268.822,268.762,268.795,100
2022-05-31 05:04:00,268.988,269.019,268.959,268.992,200
2022-05-31 05:02:00,269.293,269.324,269.264,269.297,100
2022-05-31 04:57:00,269.775,269.807,269.747,269.779,100
2022-05-31 04:38:00,269.864,269.895,269.825,269.858,962
2022-05-31 04:34:00,270.002,270.033,269.973,270.006,100
2022-05-31 04:31:00,270.1,270.132,270.071,270.104,100
2022-05-31 04:29:00,270.021,270.053,269.993,270.025,120
2022-05-31 04:25:00,269.923,269.954,269.894,269.927,174
2022-05-31 04:23:00,269.755,269.787,269.727,269.76,200
2022-05-31 04:22:00,269.431,269.462,269.402,269.435,100
2022-05-31 04:21:00,269.746,269.777,269.461,269.494,320
2022-05-31 04:20:00,269.746,269.777,269.717,269.75,500
2022-05-31 04:19:00,269.411,269.442,269.382,269.415,250
2022-05-31 04:18:00,269.608,269.639,269.579,269.612,100
2022-05-31 04:16:00,269.165,269.196,269.136,269.169,128
2022-05-31 04:14:00,268.83,268.861,268.802,268.834,100
2022-05-31 04:12:00,268.869,269.048,268.831,268.864,456
2022-05-31 04:10:00,268.82,268.852,268.792,268.824,230
2022-05-31 04:09:00,268.869,268.901,268.841,268.874,550
2022-05-31 04:04:00,268.8,268.832,268.742,268.775,231
2022-05-31 04:03:00,268.86,268.891,268.742,268.785,500
2022-05-31 04:02:00,267.993,268.024,267.965,267.997,105
2022-05-31 04:01:00,268.407,268.438,268.378,268.411,200
2022-05-31 04:00:00,269.401,269.432,268.191,268.234,634
2022-05-27 19:59:00,269.755,269.787,269.727,269.76,616
2022-05-27 19:58:00,269.736,269.767,269.707,269.74,100
2022-05-27 19:56:00,269.559,269.59,269.53,269.563,100
2022-05-27 19:54:00,269.509,269.541,269.481,269.514,509
2022-05-27 19:52:00,269.618,269.649,269.589,269.622,300
2022-05-27 19:51:00,269.637,269.669,269.609,269.641,968
2022-05-27 19:45:00,269.706,269.738,269.678,269.71,192
2022-05-27 19:25:00,269.559,269.59,269.53,269.563,100
2022-05-27 19:21:00,269.667,269.698,269.638,269.671,100
2022-05-27 19:19:00,269.706,269.738,269.678,269.71,434
2022-05-27 19:18:00,269.667,269.698,269.638,269.671,130
2022-05-27 19:14:00,269.687,269.718,269.658,269.691,1000
2022-05-27 19:04:00,269.411,269.442,269.382,269.415,100
2022-05-27 19:02:00,269.637,269.669,269.609,269.641,300
2022-05-27 18:53:00,269.411,269.442,269.382,269.415,130
2022-05-27 18:52:00,269.509,269.541,269.481,269.514,1000
2022-05-27 18:49:00,269.362,269.393,269.333,269.366,391
2022-05-27 18:47:00,269.342,269.373,269.313,269.346,494
2022-05-27 18:45:00,269.411,269.482,269.382,269.454,600
2022-05-27 18:44:00,269.411,269.442,269.382,269.415,100
2022-05-27 18:43:00,269.362,269.393,269.333,269.366,100
2022-05-27 18:41:00,269.342,269.442,269.313,269.415,1330
2022-05-27 18:36:00,269.401,269.432,269.313,269.346,1111
2022-05-27 18:33:00,269.372,269.403,269.343,269.376,300
2022-05-27 18:25:00,269.332,269.462,269.304,269.415,700
2022-05-27 18:22:00,269.263,269.295,269.235,269.267,936
2022-05-27 18:19:00,269.224,269.255,269.195,269.228,100
2022-05-27 18:16:00,269.184,269.216,269.156,269.189,285
2022-05-27 18:14:00,269.273,269.304,269.244,269.277,100
2022-05-27 18:11:00,269.322,269.354,269.294,269.326,145
2022-05-27 18:09:00,269.322,269.354,269.294,269.326,200
2022-05-27 18:08:00,269.273,269.305,269.245,269.277,200
2022-05-27 18:07:00,269.322,269.354,269.294,269.326,637
2022-05-27 18:05:00,269.204,269.236,269.166,269.198,202
2022-05-27 18:04:00,269.194,269.226,269.166,269.198,100
2022-05-27 18:03:00,269.204,269.236,269.176,269.208,321
2022-05-27 18:02:00,269.253,269.285,269.225,269.258,1000
2022-05-27 18:01:00,269.253,269.285,269.225,269.258,500
2022-05-27 18:00:00,269.223,269.254,269.194,269.227,300
2022-05-27 17:58:00,269.263,269.295,269.235,269.267,399
2022-05-27 17:52:00,269.197,269.295,269.168,269.267,1090
2022-05-27 17:44:00,269.165,269.196,269.136,269.169,1000
2022-05-27 17:43:00,269.165,269.216,269.136,269.189,2003
2022-05-27 17:41:00,269.165,269.196,269.136,269.169,1465
2022-05-27 17:39:00,269.165,269.196,269.136,269.169,100
2022-05-27 17:37:00,269.214,269.245,269.185,269.218,106
2022-05-27 17:30:00,269.214,269.245,269.185,269.218,275
2022-05-27 17:29:00,269.027,269.098,268.998,269.07,8200
2022-05-27 17:26:00,269.066,269.098,269.038,269.07,508
2022-05-27 17:25:00,268.938,269.098,268.91,269.061,3280
2022-05-27 17:24:00,268.952,268.983,268.923,268.956,100
2022-05-27 17:23:00,269.183,269.215,268.742,268.775,800
2022-05-27 17:22:00,269.165,269.196,269.136,269.169,1972
2022-05-27 17:20:00,269.135,269.196,269.107,269.169,400
2022-05-27 17:19:00,269.076,269.108,269.048,269.08,109
2022-05-27 17:18:00,269.155,269.186,269.126,269.159,200
2022-05-27 17:17:00,269.056,269.196,269.028,269.169,6020
2022-05-27 17:16:00,269.165,269.196,268.989,269.07,9027
2022-05-27 17:15:00,269.263,269.295,269.146,269.179,5559
2022-05-27 17:14:00,269.224,269.295,269.195,269.267,1554
2022-05-27 17:13:00,269.224,269.255,268.979,269.011,34567
2022-05-27 17:12:00,269.165,269.255,269.136,269.218,992
2022-05-27 17:11:00,269.165,269.245,269.136,269.191,2333
2022-05-27 17:10:00,269.234,269.265,269.137,269.228,3238
2022-05-27 17:09:00,269.234,269.265,269.087,269.169,2073
2022-05-27 17:08:00,269.24,269.272,269.212,269.244,200
2022-05-27 17:06:00,269.079,269.111,269.051,269.083,100
2022-05-27 17:02:00,269.066,269.098,268.99,269.023,1600
2022-05-27 17:01:00,269.293,269.344,268.979,269.021,11698
2022-05-27 17:00:00,269.499,269.531,269.471,269.504,1000
2022-05-27 16:59:00,269.44,269.511,269.412,269.484,339
2022-05-27 16:58:00,269.342,269.373,269.313,269.346,100
2022-05-27 16:57:00,269.46,269.511,269.432,269.484,1338
2022-05-27 16:53:00,269.362,269.393,269.274,269.366,2030
2022-05-27 16:52:00,269.362,269.393,269.333,269.366,207
2022-05-27 16:51:00,269.362,269.393,269.323,269.356,349
2022-05-27 16:48:00,269.314,269.345,269.285,269.318,350
2022-05-27 16:47:00,269.283,269.314,269.254,269.287,100
2022-05-27 16:46:00,269.283,269.314,269.254,269.287,300
2022-05-27 16:45:00,269.411,269.59,269.382,269.563,200
2022-05-27 16:44:00,269.47,269.501,269.441,269.474,100
2022-05-27 16:42:00,269.214,269.245,269.186,269.218,300
2022-05-27 16:41:00,269.509,269.679,269.481,269.623,2577
2022-05-27 16:40:00,269.46,269.492,269.235,269.267,3896
2022-05-27 16:39:00,269.411,269.442,269.382,269.415,200
2022-05-27 16:38:00,269.677,269.708,269.648,269.681,100
2022-05-27 16:36:00,269.559,269.59,269.53,269.563,1202
2022-05-27 16:35:00,269.627,269.659,269.447,269.563,600
2022-05-27 16:34:00,269.426,269.458,269.398,269.43,160
2022-05-27 16:32:00,269.559,269.59,269.52,269.553,200
2022-05-27 16:29:00,269.165,269.679,269.136,269.651,3587
2022-05-27 16:28:00,269.263,269.295,268.989,269.021,783
2022-05-27 16:27:00,269.224,269.285,269.195,269.258,1200
2022-05-27 16:23:00,269.184,269.216,269.156,269.189,100
2022-05-27 16:22:00,269.224,269.255,269.195,269.228,100
2022-05-27 16:21:00,269.183,269.215,269.155,269.188,1000
2022-05-27 16:20:00,269.214,269.245,269.136,269.179,624
2022-05-27 16:19:00,269.007,269.157,268.979,269.13,5209
2022-05-27 16:18:00,269.076,269.275,269.048,269.248,218
2022-05-27 16:17:00,269.253,269.295,269.225,269.267,1292
2022-05-27 16:16:00,269.096,269.285,269.067,269.258,652
2022-05-27 16:15:00,269.116,269.147,269.067,269.1,203
2022-05-27 16:14:00,269.017,269.127,268.989,269.1,300
2022-05-27 16:13:00,269.007,269.039,268.979,269.011,17553
2022-05-27 16:11:00,268.968,268.999,268.939,268.972,100
2022-05-27 16:10:00,268.928,269.176,268.9,269.149,773
2022-05-27 16:09:00,268.909,269.028,268.861,268.893,4993
2022-05-27 16:08:00,268.82,269.039,268.792,269.011,79053
2022-05-27 16:07:00,268.771,268.852,268.742,268.775,500
2022-05-27 16:06:00,268.702,268.733,268.654,268.696,4364
2022-05-27 16:05:00,268.712,268.773,268.654,268.746,1247
2022-05-27 16:04:00,268.604,268.704,268.575,268.677,1124
2022-05-27 16:03:00,269.007,269.039,268.742,268.775,410111
2022-05-27 16:02:00,269.007,269.039,268.565,269.011,440251
2022-05-27 16:01:00,269.007,269.039,268.477,268.509,4233
2022-05-27 16:00:00,269.007,269.039,268.841,268.992,4349478
2022-05-27 15:59:00,268.81,269.137,268.674,269.002,474377
2022-05-27 15:58:00,268.732,268.999,268.654,268.805,177285
2022-05-27 15:57:00,268.751,268.93,268.693,268.746,188478
2022-05-27 15:56:00,268.545,268.802,268.477,268.755,177993
2022-05-27 15:55:00,268.274,268.674,268.24,268.544,210311
2022-05-27 15:54:00,267.855,268.596,267.807,268.283,267019
2022-05-27 15:53:00,267.54,267.906,267.433,267.85,63953
2022-05-27 15:52:00,267.826,267.887,267.482,267.559,70079
2022-05-27 15:51:00,267.757,267.867,267.571,267.8,71437
2022-05-27 15:50:00,267.786,268.034,267.719,267.761,109687
2022-05-27 15:49:00,267.609,267.808,267.394,267.781,72821
2022-05-27 15:48:00,267.619,267.65,267.492,267.613,55539
2022-05-27 15:47:00,267.599,267.67,267.473,267.61,34609
2022-05-27 15:46:00,267.727,267.759,267.492,267.623,40427
2022-05-27 15:45:00,268.013,268.093,267.661,267.741,42224
2022-05-27 15:44:00,267.905,268.084,267.808,268.017,52174
2022-05-27 15:43:00,267.727,267.965,267.689,267.909,36140
2022-05-27 15:42:00,267.55,267.837,267.502,267.732,43322
2022-05-27 15:41:00,267.599,267.691,267.473,267.554,29477
2022-05-27 15:40:00,267.609,267.69,267.471,267.633,43972
2022-05-27 15:39:00,267.649,267.729,267.576,267.618,34704
2022-05-27 15:38:00,267.58,267.685,267.374,267.653,27242
2022-05-27 15:37:00,267.53,267.67,267.492,267.574,27598
2022-05-27 15:36:00,267.599,267.778,267.466,267.554,40024
2022-05-27 15:35:00,267.875,267.916,267.541,267.613,43883
2022-05-27 15:34:00,268.023,268.113,267.837,267.889,41353
2022-05-27 15:33:00,268.259,268.301,267.945,268.017,57740
2022-05-27 15:32:00,268.19,268.32,268.162,268.253,54947
2022-05-27 15:31:00,268.062,268.251,268.034,268.194,52544
2022-05-27 15:30:00,267.895,268.152,267.837,268.066,41037
2022-05-27 15:29:00,267.973,268.031,267.866,267.919,27053
2022-05-27 15:28:00,267.944,268.054,267.876,267.976,37419
2022-05-27 15:27:00,268.013,268.054,267.916,267.958,21329
2022-05-27 15:26:00,268.101,268.152,267.984,268.017,27633
2022-05-27 15:25:00,268.023,268.162,267.955,268.106,56250
2022-05-27 15:24:00,267.924,268.064,267.872,268.017,43569
2022-05-27 15:23:00,267.795,267.975,267.758,267.938,52280
2022-05-27 15:22:00,267.698,267.835,267.66,267.791,65049
2022-05-27 15:21:00,267.742,267.788,267.63,267.682,34365
2022-05-27 15:20:00,267.594,267.783,267.522,267.751,35513
2022-05-27 15:19:00,267.422,267.65,267.384,267.594,40891
2022-05-27 15:18:00,267.324,267.483,267.236,267.42,37250
2022-05-27 15:17:00,267.314,267.394,267.229,267.328,22381
2022-05-27 15:16:00,267.335,267.384,267.143,267.328,39933
2022-05-27 15:15:00,267.363,267.483,267.266,267.338,58992
2022-05-27 15:14:00,267.432,267.473,267.325,267.377,31260
2022-05-27 15:13:00,267.388,267.503,267.359,267.436,33169
2022-05-27 15:12:00,267.406,267.468,267.354,267.387,19836
2022-05-27 15:11:00,267.466,267.522,267.354,267.407,42113
2022-05-27 15:10:00,267.55,267.621,267.345,267.456,35491
2022-05-27 15:09:00,267.54,267.631,267.492,267.549,37562
2022-05-27 15:08:00,267.471,267.572,267.374,267.535,31298
2022-05-27 15:07:00,267.353,267.552,267.325,267.476,51530
2022-05-27 15:06:00,267.365,267.522,267.286,267.357,51261
2022-05-27 15:05:00,267.097,267.404,267.049,267.351,54366
2022-05-27 15:04:00,266.969,267.119,266.931,267.092,29961
2022-05-27 15:03:00,266.772,266.991,266.709,266.954,20339
2022-05-27 15:02:00,266.851,266.932,266.705,266.767,35791
2022-05-27 15:01:00,266.9,267.148,266.803,266.875,46576
2022-05-27 15:00:00,266.891,266.932,266.754,266.885,24566
2022-05-27 14:59:00,266.854,266.941,266.774,266.898,15450
2022-05-27 14:58:00,266.772,266.882,266.729,266.85,33288
2022-05-27 14:57:00,266.733,266.813,266.616,266.786,20183
2022-05-27 14:56:00,266.728,266.784,266.655,266.752,22444
2022-05-27 14:55:00,266.557,266.764,266.508,266.727,17450
2022-05-27 14:54:00,266.595,266.626,266.4,266.58,23349
2022-05-27 14:53:00,266.713,266.754,266.565,266.597,25055
2022-05-27 14:52:00,266.664,266.794,266.577,266.717,29104
2022-05-27 14:51:00,266.566,266.705,266.518,266.653,30331
2022-05-27 14:50:00,266.654,266.74,266.528,266.58,36534
2022-05-27 14:49:00,266.551,266.705,266.388,266.649,31615
2022-05-27 14:48:00,266.467,266.597,266.38,266.57,26360
2022-05-27 14:47:00,266.487,266.518,266.4,266.461,16794
2022-05-27 14:46:00,266.654,266.69,266.409,266.481,27729
2022-05-27 14:45:00,266.613,266.715,266.498,266.649,28986
2022-05-27 14:44:00,266.556,266.731,266.508,266.611,41555
2022-05-27 14:43:00,266.477,266.597,266.429,266.56,30015
2022-05-27 14:42:00,266.31,266.567,266.222,266.461,39507
2022-05-27 14:41:00,266.551,266.597,266.262,266.324,40615
2022-05-27 14:40:00,266.565,266.677,266.478,266.53,29017
2022-05-27 14:39:00,266.891,266.922,266.429,266.55,56217
2022-05-27 14:38:00,266.743,266.951,266.705,266.905,41362
2022-05-27 14:37:00,266.644,266.784,266.616,266.732,23047
2022-05-27 14:36:00,266.654,266.705,266.528,266.649,11372
2022-05-27 14:35:00,266.556,266.685,266.468,266.649,21574
2022-05-27 14:34:00,266.522,266.592,266.449,266.565,12541
2022-05-27 14:33:00,266.507,266.602,266.449,266.539,13814
2022-05-27 14:32:00,266.497,266.573,266.39,266.516,18989
2022-05-27 14:31:00,266.556,266.636,266.419,266.501,23681
2022-05-27 14:30:00,266.605,266.666,266.508,266.57,14741
2022-05-27 14:29:00,266.552,266.661,266.523,266.619,11142
2022-05-27 14:28:00,266.546,266.661,266.518,266.55,22828
2022-05-27 14:27:00,266.62,266.676,266.468,266.521,25670
2022-05-27 14:26:00,266.585,266.646,266.468,266.599,32227
2022-05-27 14:25:00,266.664,266.695,266.546,266.599,32130
2022-05-27 14:24:00,266.615,266.705,266.557,266.666,11521
2022-05-27 14:23:00,266.63,266.715,266.547,266.629,28440
2022-05-27 14:22:00,266.615,266.656,266.557,266.629,10710
2022-05-27 14:21:00,266.516,266.656,266.488,266.629,29234
2022-05-27 14:20:00,266.495,266.6,266.419,266.511,18833
2022-05-27 14:19:00,266.438,266.534,266.36,266.493,22617
2022-05-27 14:18:00,266.428,266.488,266.311,266.437,26371
2022-05-27 14:17:00,266.546,266.597,266.375,266.432,23760
2022-05-27 14:16:00,266.471,266.597,266.443,266.55,26705
2022-05-27 14:15:00,266.369,266.538,266.34,266.481,18747
2022-05-27 14:14:00,266.398,266.439,266.291,266.368,17092
2022-05-27 14:13:00,266.467,266.528,266.37,266.402,9447
2022-05-27 14:12:00,266.438,266.538,266.311,266.461,12234
2022-05-27 14:11:00,266.605,266.636,266.338,266.422,18478
2022-05-27 14:10:00,266.516,266.661,266.488,266.619,15584
2022-05-27 14:09:00,266.354,266.547,266.326,266.501,27049
2022-05-27 14:08:00,266.29,266.469,266.242,266.363,33339
2022-05-27 14:07:00,266.309,266.341,266.193,266.294,14493
2022-05-27 14:06:00,266.452,266.488,266.203,266.314,19542
2022-05-27 14:05:00,266.58,266.621,266.35,266.461,17804
2022-05-27 14:04:00,266.507,266.676,266.429,266.57,25968
2022-05-27 14:03:00,266.438,266.565,266.355,266.511,23707
2022-05-27 14:02:00,266.521,266.574,266.272,266.427,36521
2022-05-27 14:01:00,266.534,266.616,266.449,266.53,32290
2022-05-27 14:00:00,266.674,266.715,266.488,266.521,20968
2022-05-27 13:59:00,266.566,266.715,266.518,266.678,16602
2022-05-27 13:58:00,266.62,266.676,266.464,266.56,26416
2022-05-27 13:57:00,266.664,266.754,266.587,266.639,34146
2022-05-27 13:56:00,266.728,266.764,266.596,266.668,23950
2022-05-27 13:55:00,266.861,266.892,266.685,266.737,20213
2022-05-27 13:54:00,266.861,266.902,266.754,266.855,19585
2022-05-27 13:53:00,266.743,266.902,266.705,266.875,32411
2022-05-27 13:52:00,266.664,266.784,266.636,266.753,13288
2022-05-27 13:51:00,266.743,266.932,266.636,266.668,24510
2022-05-27 13:50:00,266.753,266.843,266.705,266.737,6298
2022-05-27 13:49:00,266.875,266.941,266.744,266.777,16068
2022-05-27 13:48:00,266.94,266.981,266.803,266.885,23859
2022-05-27 13:47:00,266.851,267.01,266.823,266.934,23078
2022-05-27 13:46:00,266.713,266.912,266.685,266.836,24780
2022-05-27 13:45:00,266.605,266.744,266.488,266.717,27600
2022-05-27 13:44:00,266.546,266.747,266.518,266.57,27016
2022-05-27 13:43:00,266.664,266.764,266.498,266.54,21010
2022-05-27 13:42:00,266.615,266.735,266.557,266.658,34242
2022-05-27 13:41:00,266.743,266.897,266.587,266.639,31708
2022-05-27 13:40:00,266.861,266.912,266.665,266.717,21892
2022-05-27 13:39:00,266.999,267.06,266.823,266.855,25745
2022-05-27 13:38:00,266.979,267.04,266.902,266.983,12081
2022-05-27 13:37:00,267.092,267.188,266.921,266.964,14502
2022-05-27 13:36:00,266.989,267.133,266.916,267.1,23810
2022-05-27 13:35:00,266.886,267.015,266.749,266.973,46537
2022-05-27 13:34:00,266.969,267.029,266.831,266.885,24109
2022-05-27 13:33:00,266.999,267.06,266.951,266.993,13402
2022-05-27 13:32:00,267.097,267.154,266.98,267.013,21201
2022-05-27 13:31:00,267.215,267.247,267.049,267.092,22331
2022-05-27 13:30:00,267.186,267.296,267.098,267.21,18946
2022-05-27 13:29:00,267.201,267.301,267.108,267.17,13953
2022-05-27 13:28:00,267.196,267.261,267.12,267.2,19901
2022-05-27 13:27:00,267.361,267.392,267.177,267.21,17339
2022-05-27 13:26:00,267.393,267.487,267.335,267.387,11524
2022-05-27 13:25:00,267.481,267.571,267.384,267.416,14526
2022-05-27 13:24:00,267.462,267.601,267.433,267.476,15855
2022-05-27 13:23:00,267.649,267.709,267.374,267.426,29132
2022-05-27 13:22:00,267.644,267.719,267.591,267.643,23942
2022-05-27 13:21:00,267.708,267.759,267.581,267.663,23629
2022-05-27 13:20:00,267.718,267.798,267.669,267.704,20327
2022-05-27 13:19:00,267.599,267.778,267.571,267.722,38224
2022-05-27 13:18:00,267.604,267.695,267.551,267.604,23406
2022-05-27 13:17:00,267.56,267.68,267.522,267.623,20056
2022-05-27 13:16:00,267.55,267.581,267.443,267.554,11517
2022-05-27 13:15:00,267.53,267.611,267.453,267.554,23870
2022-05-27 13:14:00,267.526,267.601,267.433,267.525,16933
2022-05-27 13:13:00,267.422,267.562,267.337,267.53,17553
2022-05-27 13:12:00,267.383,267.503,267.266,267.436,11789
2022-05-27 13:11:00,267.442,267.516,267.305,267.397,16210
2022-05-27 13:10:00,267.471,267.581,267.364,267.436,22829
2022-05-27 13:09:00,267.432,267.55,267.394,267.466,24896
2022-05-27 13:08:00,267.363,267.581,267.335,267.446,22985
2022-05-27 13:07:00,267.363,267.439,267.256,267.364,22465
2022-05-27 13:06:00,267.334,267.399,267.236,267.372,21169
2022-05-27 13:05:00,267.353,267.463,267.286,267.338,22583
2022-05-27 13:04:00,267.422,267.483,267.286,267.345,11754
2022-05-27 13:03:00,267.304,267.463,267.158,267.426,68859
2022-05-27 13:02:00,267.58,267.616,267.236,267.298,34202
2022-05-27 13:01:00,267.432,267.611,267.404,267.554,36477
2022-05-27 13:00:00,267.402,267.473,267.274,267.426,12697
2022-05-27 12:59:00,267.432,267.512,267.345,267.421,15606
2022-05-27 12:58:00,267.432,267.512,267.364,267.436,9294
2022-05-27 12:57:00,267.466,267.512,267.374,267.446,27946
2022-05-27 12:56:00,267.471,267.522,267.3,267.446,38628
2022-05-27 12:55:00,267.324,267.503,267.286,267.476,21882
2022-05-27 12:54:00,267.245,267.414,267.217,267.348,25069
2022-05-27 12:53:00,267.215,267.335,267.167,267.239,9361
2022-05-27 12:52:00,267.235,267.35,267.128,267.21,30785
2022-05-27 12:51:00,267.068,267.266,267.03,267.23,16177
2022-05-27 12:50:00,267.097,267.178,266.961,267.062,19069
2022-05-27 12:49:00,267.215,267.247,267.059,267.092,25309
2022-05-27 12:48:00,267.284,267.365,267.158,267.229,20469
2022-05-27 12:47:00,267.319,267.355,267.207,267.264,16072
2022-05-27 12:46:00,267.23,267.394,267.202,267.318,13580
2022-05-27 12:45:00,267.314,267.414,267.118,267.22,29136
2022-05-27 12:44:00,267.513,267.544,267.25,267.308,14475
2022-05-27 12:43:00,267.389,267.509,267.354,267.482,13996
2022-05-27 12:42:00,267.388,267.557,267.359,267.402,23688
2022-05-27 12:41:00,267.294,267.473,267.266,267.416,13790
2022-05-27 12:40:00,267.251,267.34,267.158,267.269,20495
2022-05-27 12:39:00,267.274,267.415,267.212,267.249,33372
2022-05-27 12:38:00,267.442,267.522,267.217,267.259,23704
2022-05-27 12:37:00,267.265,267.522,267.231,267.436,21212
2022-05-27 12:36:00,267.156,267.355,267.04,267.284,24628
2022-05-27 12:35:00,267.334,267.375,267.113,267.17,40797
2022-05-27 12:34:00,267.442,267.512,267.295,267.338,27474
2022-05-27 12:33:00,267.521,267.552,267.345,267.416,26660
2022-05-27 12:32:00,267.619,267.7,267.463,267.505,17920
2022-05-27 12:31:00,267.496,267.66,267.463,267.604,10916
2022-05-27 12:30:00,267.58,267.611,267.364,267.495,18227
2022-05-27 12:29:00,267.688,267.729,267.476,267.574,18255
2022-05-27 12:28:00,267.708,267.828,267.66,267.692,22865
2022-05-27 12:27:00,267.668,267.759,267.581,267.712,15216
2022-05-27 12:26:00,267.668,267.759,267.61,267.672,28424
2022-05-27 12:25:00,267.462,267.69,267.374,267.663,23716
2022-05-27 12:24:00,267.53,267.601,267.443,267.485,14635
2022-05-27 12:23:00,267.52,267.581,267.438,267.535,11116
2022-05-27 12:22:00,267.619,267.69,267.453,267.515,15745
2022-05-27 12:21:00,267.55,267.67,267.514,267.574,17482
2022-05-27 12:20:00,267.806,267.916,267.482,267.525,34605
2022-05-27 12:19:00,267.806,267.847,267.679,267.81,51566
2022-05-27 12:18:00,267.796,267.867,267.729,267.815,25628
2022-05-27 12:17:00,267.905,267.965,267.689,267.8,41892
2022-05-27 12:16:00,267.934,268.024,267.876,267.938,33833
2022-05-27 12:15:00,267.994,268.025,267.896,267.928,15105
2022-05-27 12:14:00,267.924,268.108,267.847,268.007,29173
2022-05-27 12:13:00,268.072,268.113,267.886,267.923,20359
2022-05-27 12:12:00,268.042,268.103,267.925,268.056,13103
2022-05-27 12:11:00,267.944,268.113,267.916,268.047,14173
2022-05-27 12:10:00,267.91,267.995,267.837,267.938,17732
2022-05-27 12:09:00,267.942,267.985,267.856,267.938,9971
2022-05-27 12:08:00,267.924,268.034,267.863,267.919,19730
2022-05-27 12:07:00,267.944,267.995,267.817,267.909,43202
2022-05-27 12:06:00,268.101,268.133,267.896,267.928,26767
2022-05-27 12:05:00,268.072,268.212,268.004,268.106,18952
2022-05-27 12:04:00,268.197,268.251,268.014,268.047,34521
2022-05-27 12:03:00,268.072,268.212,267.965,268.184,14781
2022-05-27 12:02:00,268.161,268.192,267.984,268.071,18739
2022-05-27 12:01:00,268.101,268.241,268.004,268.175,31044
2022-05-27 12:00:00,268.003,268.212,267.94,268.101,33169
2022-05-27 11:59:00,267.845,268.034,267.812,268.007,20600
2022-05-27 11:58:00,267.639,267.887,267.61,267.838,13046
2022-05-27 11:57:00,267.668,267.739,267.492,267.643,20909
2022-05-27 11:56:00,267.865,267.896,267.63,267.682,17693
2022-05-27 11:55:00,267.855,267.985,267.8,267.889,10232
2022-05-27 11:54:00,267.905,268.02,267.793,267.859,12882
2022-05-27 11:53:00,267.964,267.995,267.778,267.899,22926
2022-05-27 11:52:00,268.057,268.123,267.92,267.978,12920
2022-05-27 11:51:00,268.051,268.159,267.906,268.081,31342
2022-05-27 11:50:00,267.983,268.162,267.935,268.037,28189
2022-05-27 11:49:00,267.914,268.084,267.837,268.002,19844
2022-05-27 11:48:00,267.826,268.044,267.783,267.912,29170
2022-05-27 11:47:00,267.944,268.015,267.719,267.82,27692
2022-05-27 11:46:00,267.836,268.015,267.758,267.958,16859
2022-05-27 11:45:00,267.727,267.887,267.64,267.82,21986
2022-05-27 11:44:00,267.855,267.926,267.635,267.729,29519
2022-05-27 11:43:00,267.796,267.916,267.758,267.85,25288
2022-05-27 11:42:00,267.762,267.946,267.66,267.791,54042
2022-05-27 11:41:00,267.53,267.808,267.482,267.761,23735
2022-05-27 11:40:00,267.54,267.572,267.443,267.544,16998
2022-05-27 11:39:00,267.615,267.699,267.482,267.535,30503
2022-05-27 11:38:00,267.663,267.749,267.541,267.604,22388
2022-05-27 11:37:00,267.481,267.693,267.384,267.666,12011
2022-05-27 11:36:00,267.545,267.621,267.345,267.5,28847
2022-05-27 11:35:00,267.609,267.669,267.496,267.528,24945
2022-05-27 11:34:00,267.639,267.739,267.541,267.632,22358
2022-05-27 11:33:00,267.741,267.78,267.591,267.652,37839
2022-05-27 11:32:00,267.678,267.788,267.541,267.761,41031
2022-05-27 11:31:00,267.59,267.729,267.512,267.658,40425
2022-05-27 11:30:00,267.432,267.611,267.323,267.564,23687
2022-05-27 11:29:00,267.373,267.494,267.305,267.407,29493
2022-05-27 11:28:00,267.458,267.503,267.295,267.362,26654
2022-05-27 11:27:00,267.235,267.522,267.207,267.466,27939
2022-05-27 11:26:00,267.422,267.453,267.158,267.229,28339
2022-05-27 11:25:00,267.595,267.641,267.286,267.454,22664
2022-05-27 11:24:00,267.56,267.65,267.497,267.574,13937
2022-05-27 11:23:00,267.658,267.69,267.507,267.564,24097
2022-05-27 11:22:00,267.649,267.768,267.582,267.682,32140
2022-05-27 11:21:00,267.353,267.729,267.325,267.653,45569
2022-05-27 11:20:00,267.353,267.394,267.241,267.357,31189
2022-05-27 11:19:00,267.324,267.552,267.286,267.348,37297
2022-05-27 11:18:00,267.422,267.453,267.251,267.328,39338
2022-05-27 11:17:00,267.537,267.709,267.345,267.416,29632
2022-05-27 11:16:00,267.422,267.601,267.354,267.554,47717
2022-05-27 11:15:00,267.383,267.463,267.246,267.412,22527
2022-05-27 11:14:00,267.481,267.58,267.266,267.407,32010
2022-05-27 11:13:00,267.491,267.581,267.394,267.485,29602
2022-05-27 11:12:00,267.402,267.611,267.348,267.495,22215
2022-05-27 11:11:00,267.265,267.512,267.236,267.403,32264
2022-05-27 11:10:00,267.215,267.306,267.123,267.274,27311
2022-05-27 11:09:00,267.256,267.306,267.067,267.21,21057
2022-05-27 11:08:00,267.265,267.375,267.172,267.259,16624
2022-05-27 11:07:00,267.22,267.335,267.108,267.288,32085
2022-05-27 11:06:00,267.156,267.267,267.01,267.22,27116
2022-05-27 11:05:00,266.979,267.197,266.902,267.151,33139
2022-05-27 11:04:00,267.038,267.207,266.931,266.969,38489
2022-05-27 11:03:00,266.644,267.079,266.547,267.042,41198
2022-05-27 11:02:00,266.93,266.961,266.552,266.668,35538
2022-05-27 11:01:00,267.028,267.247,266.834,266.919,38840
2022-05-27 11:00:00,266.999,267.119,266.852,267.042,41022
2022-05-27 10:59:00,266.753,267.0,266.695,266.973,32805
2022-05-27 10:58:00,266.9,266.941,266.636,266.747,54900
2022-05-27 10:57:00,266.881,267.0,266.803,266.895,35339
2022-05-27 10:56:00,266.959,267.05,266.823,266.885,56441
2022-05-27 10:55:00,267.077,267.16,266.885,266.955,32220
2022-05-27 10:54:00,266.92,267.107,266.843,267.076,43632
2022-05-27 10:53:00,267.147,267.222,266.892,266.94,51291
2022-05-27 10:52:00,267.462,267.493,267.098,267.19,26613
2022-05-27 10:51:00,267.452,267.572,267.217,267.426,32203
2022-05-27 10:50:00,267.53,267.601,267.286,267.461,32430
2022-05-27 10:49:00,267.53,267.601,267.473,267.544,25377
2022-05-27 10:48:00,267.4,267.581,267.372,267.505,23830
2022-05-27 10:47:00,267.294,267.444,267.212,267.416,20855
2022-05-27 10:46:00,267.338,267.424,267.126,267.269,36367
2022-05-27 10:45:00,267.416,267.453,267.246,267.357,34013
2022-05-27 10:44:00,267.54,267.581,267.217,267.426,41108
2022-05-27 10:43:00,267.471,267.581,267.305,267.554,28205
2022-05-27 10:42:00,267.442,267.572,267.295,267.495,28659
2022-05-27 10:41:00,267.501,267.611,267.34,267.436,42080
2022-05-27 10:40:00,267.727,267.773,267.443,267.486,45853
2022-05-27 10:39:00,267.875,267.916,267.605,267.761,43755
2022-05-27 10:38:00,267.816,268.024,267.788,267.905,26084
2022-05-27 10:37:00,267.962,268.004,267.729,267.82,24740
2022-05-27 10:36:00,267.826,268.011,267.738,267.963,31154
2022-05-27 10:35:00,267.58,267.888,267.551,267.847,42194
2022-05-27 10:34:00,267.668,267.749,267.473,267.554,42057
2022-05-27 10:33:00,267.599,267.764,267.541,267.691,26066
2022-05-27 10:32:00,267.629,267.758,267.591,267.638,23888
2022-05-27 10:31:00,267.668,267.739,267.522,267.623,22115
2022-05-27 10:30:00,267.57,267.709,267.512,267.663,35266
2022-05-27 10:29:00,267.708,267.768,267.509,267.574,54082
2022-05-27 10:28:00,267.701,267.808,267.61,267.702,29197
2022-05-27 10:27:00,267.737,267.975,267.66,267.712,41293
2022-05-27 10:26:00,267.688,267.828,267.541,267.741,30082
2022-05-27 10:25:00,267.678,267.788,267.394,267.714,44452
2022-05-27 10:24:00,267.916,268.074,267.63,267.682,55565
2022-05-27 10:23:00,267.908,268.093,267.821,267.938,40810
2022-05-27 10:22:00,267.675,267.985,267.502,267.909,43812
2022-05-27 10:21:00,267.57,267.749,267.512,267.663,26471
2022-05-27 10:20:00,267.54,267.7,267.433,267.544,47802
2022-05-27 10:19:00,267.637,267.768,267.423,267.54,35792
2022-05-27 10:18:00,267.649,267.719,267.354,267.633,32816
2022-05-27 10:17:00,267.462,267.7,267.364,267.663,61239
2022-05-27 10:16:00,267.591,267.828,267.325,267.476,69080
2022-05-27 10:15:00,267.58,267.785,267.453,267.579,66607
2022-05-27 10:14:00,267.215,267.611,267.108,267.584,47495
2022-05-27 10:13:00,267.186,267.266,267.079,267.229,33116
2022-05-27 10:12:00,267.424,267.473,267.079,267.229,48081
2022-05-27 10:11:00,267.107,267.552,267.063,267.426,60155
2022-05-27 10:10:00,267.117,267.276,266.977,267.101,76131
2022-05-27 10:09:00,266.881,267.237,266.852,267.121,68423
2022-05-27 10:08:00,266.703,266.922,266.528,266.86,55110
2022-05-27 10:07:00,267.102,267.256,266.627,266.688,61666
2022-05-27 10:06:00,266.932,267.178,266.881,267.131,58361
2022-05-27 10:05:00,266.91,266.991,266.646,266.924,59707
2022-05-27 10:04:00,266.876,267.0,266.596,266.914,70239
2022-05-27 10:03:00,266.694,267.01,266.665,266.893,46143
2022-05-27 10:02:00,266.615,266.991,266.577,266.708,87759
2022-05-27 10:01:00,266.61,266.764,266.419,266.608,46435
2022-05-27 10:00:00,266.635,266.774,266.302,266.599,66800
2022-05-27 09:59:00,266.694,266.784,266.488,266.588,60452
2022-05-27 09:58:00,266.448,266.774,266.419,266.666,57542
2022-05-27 09:57:00,266.403,266.538,266.193,266.432,31727
2022-05-27 09:56:00,266.408,266.567,266.273,266.412,42956
2022-05-27 09:55:00,266.014,266.469,265.898,266.393,79973
2022-05-27 09:54:00,266.083,266.262,265.789,265.999,43970
2022-05-27 09:53:00,266.014,266.142,265.76,266.097,44257
2022-05-27 09:52:00,266.251,266.311,265.878,266.038,42421
2022-05-27 09:51:00,265.896,266.341,265.789,266.284,37318
2022-05-27 09:50:00,266.014,266.045,265.533,265.9,61307
2022-05-27 09:49:00,266.201,266.38,265.838,265.989,54840
2022-05-27 09:48:00,265.788,266.321,265.76,266.215,76355
2022-05-27 09:47:00,265.404,265.947,265.361,265.805,57354
2022-05-27 09:46:00,265.237,265.484,265.13,265.329,60849
2022-05-27 09:45:00,265.0,265.474,264.825,265.26,81974
2022-05-27 09:44:00,265.394,265.445,264.923,264.962,48142
2022-05-27 09:43:00,265.384,265.661,265.12,265.398,55719
2022-05-27 09:42:00,265.453,265.592,265.208,265.349,41125
2022-05-27 09:41:00,265.907,266.114,265.386,265.428,66263
2022-05-27 09:40:00,265.847,266.144,265.632,265.969,70999
2022-05-27 09:39:00,265.995,266.144,265.553,265.772,72767
2022-05-27 09:38:00,265.571,266.095,265.484,266.023,75465
2022-05-27 09:37:00,265.758,266.159,265.455,265.595,168457
2022-05-27 09:36:00,265.049,265.829,265.021,265.772,119250
2022-05-27 09:35:00,264.769,265.307,264.716,265.054,95726
2022-05-27 09:34:00,264.951,265.08,264.588,264.748,69647
2022-05-27 09:33:00,264.577,265.13,264.293,264.945,89913
2022-05-27 09:32:00,263.986,264.578,263.86,264.551,65463
2022-05-27 09:31:00,263.681,264.39,263.569,264.03,87842
2022-05-27 09:30:00,264.35,264.883,263.387,263.648,535521
2022-05-27 09:29:00,264.231,264.273,264.203,264.246,500
2022-05-27 09:28:00,264.045,264.303,264.017,264.276,700
2022-05-27 09:26:00,263.848,263.978,263.82,263.912,618
2022-05-27 09:25:00,263.661,263.889,263.348,263.852,2782
2022-05-27 09:24:00,263.327,263.387,262.994,263.36,3569
2022-05-27 09:23:00,263.327,263.485,263.299,263.331,2649
2022-05-27 09:22:00,263.258,263.357,263.23,263.331,3516
2022-05-27 09:21:00,263.405,263.436,263.377,263.409,105
2022-05-27 09:20:00,263.504,263.574,263.387,263.478,1127
2022-05-27 09:19:00,263.583,263.623,263.525,263.557,2084
2022-05-27 09:18:00,263.72,263.751,263.555,263.587,1281
2022-05-27 09:17:00,263.848,263.968,263.82,263.852,1658
2022-05-27 09:16:00,263.72,263.751,263.692,263.724,100
2022-05-27 09:15:00,263.848,263.879,263.771,263.803,2593
2022-05-27 09:13:00,263.779,263.81,263.752,263.784,100
2022-05-27 09:11:00,263.77,263.8,263.742,263.774,200
2022-05-27 09:10:00,263.819,263.85,263.791,263.823,111
2022-05-27 09:09:00,263.75,263.82,263.624,263.656,350
2022-05-27 09:08:00,263.868,263.899,263.82,263.852,8571
2022-05-27 09:07:00,264.045,264.076,264.017,264.049,796
2022-05-27 09:06:00,264.144,264.175,264.116,264.148,150
2022-05-27 09:05:00,264.154,264.273,264.126,264.217,636
2022-05-27 09:04:00,264.242,264.273,263.948,263.98,300
2022-05-27 09:03:00,264.321,264.371,264.116,264.148,2688
2022-05-27 09:02:00,264.331,264.401,264.303,264.364,822
2022-05-27 09:01:00,264.242,264.362,264.214,264.296,2964
2022-05-27 09:00:00,264.045,264.243,264.017,264.217,1960
2022-05-27 08:58:00,263.937,264.076,263.909,264.049,522
2022-05-27 08:57:00,263.848,263.997,263.82,263.971,1366
2022-05-27 08:56:00,263.986,264.027,263.82,263.852,5653
2022-05-27 08:55:00,264.006,264.037,263.978,264.01,100
2022-05-27 08:54:00,264.017,264.048,263.801,263.833,1899
2022-05-27 08:53:00,264.095,264.125,263.998,264.03,412
2022-05-27 08:52:00,264.242,264.273,264.017,264.049,1854
2022-05-27 08:51:00,264.321,264.352,264.017,264.049,1700
2022-05-27 08:50:00,264.085,264.336,264.057,264.309,1367
2022-05-27 08:49:00,264.498,264.529,264.263,264.325,2903
2022-05-27 08:48:00,264.195,264.46,263.998,264.335,6887
2022-05-27 08:47:00,263.947,264.175,263.919,264.148,3027
2022-05-27 08:46:00,263.789,263.978,263.702,263.852,6458
2022-05-27 08:45:00,263.455,263.879,263.427,263.823,4826
2022-05-27 08:44:00,263.464,263.495,263.437,263.469,634
2022-05-27 08:43:00,263.464,263.495,263.309,263.341,870
2022-05-27 08:42:00,263.504,263.535,263.358,263.469,2599
2022-05-27 08:41:00,263.445,263.722,263.368,263.498,4604
2022-05-27 08:40:00,263.504,263.535,263.289,263.321,3384
2022-05-27 08:39:00,263.258,263.663,263.23,263.518,2140
2022-05-27 08:38:00,263.455,263.495,263.132,263.164,2884
2022-05-27 08:37:00,263.464,263.495,263.397,263.469,1500
2022-05-27 08:36:00,263.366,263.623,263.338,263.469,8621
2022-05-27 08:35:00,262.884,263.387,262.856,263.36,2238
2022-05-27 08:34:00,262.962,262.993,262.846,262.878,255
2022-05-27 08:33:00,262.224,262.993,262.196,262.966,1449
2022-05-27 08:32:00,262.441,262.471,262.147,262.179,900
2022-05-27 08:31:00,262.431,262.461,262.403,262.435,100
2022-05-27 08:30:00,262.46,262.983,262.176,262.947,15802
2022-05-27 08:28:00,262.667,262.698,262.472,262.504,300
2022-05-27 08:27:00,262.647,262.678,262.619,262.651,240
2022-05-27 08:18:00,262.637,262.668,262.59,262.622,460
2022-05-27 08:16:00,262.864,262.895,262.59,262.622,200
2022-05-27 08:15:00,262.864,262.895,262.787,262.819,2000
2022-05-27 08:14:00,263.002,263.032,262.974,263.006,864
2022-05-27 08:10:00,263.346,263.377,263.21,263.341,786
2022-05-27 08:09:00,263.061,263.101,263.033,263.065,775
2022-05-27 08:08:00,263.061,263.091,263.033,263.065,119
2022-05-27 08:07:00,263.1,263.131,263.043,263.075,202
2022-05-27 08:06:00,263.454,263.485,263.427,263.459,100
2022-05-27 08:05:00,262.834,263.495,262.651,263.469,2499
2022-05-27 08:02:00,262.16,262.856,262.132,262.83,516
2022-05-27 08:01:00,262.214,262.245,261.1,262.179,2266
2022-05-27 08:00:00,262.866,263.338,261.852,262.13,13770
2022-05-27 07:58:00,262.096,262.127,262.068,262.1,671
2022-05-27 07:53:00,262.057,262.107,261.871,261.903,521
2022-05-27 07:52:00,262.175,262.205,262.048,262.08,2637
2022-05-27 07:50:00,262.48,262.511,262.423,262.454,484
2022-05-27 07:42:00,262.765,262.895,262.738,262.868,330
2022-05-27 07:39:00,262.45,262.481,262.423,262.454,2033
2022-05-27 07:36:00,262.45,262.481,262.423,262.454,871
2022-05-27 07:34:00,262.48,262.511,262.452,262.484,100
2022-05-27 07:31:00,262.756,262.786,262.728,262.76,197
2022-05-27 07:29:00,262.588,262.629,262.541,262.573,705
2022-05-27 07:24:00,262.47,262.501,262.442,262.474,400
2022-05-27 07:23:00,262.569,262.599,262.541,262.573,109
2022-05-27 07:21:00,262.884,262.934,262.541,262.573,859
2022-05-27 07:18:00,262.864,262.895,262.836,262.868,421
2022-05-27 07:07:00,262.943,262.973,262.915,262.947,100
2022-05-27 07:06:00,262.962,262.993,262.915,262.947,250
2022-05-27 07:01:00,263.149,263.18,263.121,263.153,200
2022-05-27 07:00:00,263.041,263.17,262.905,262.966,1562
2022-05-27 06:59:00,263.356,263.387,263.328,263.36,636
2022-05-27 06:54:00,263.258,263.288,263.23,263.262,100
2022-05-27 06:50:00,262.864,262.895,262.836,262.868,978
2022-05-27 06:49:00,262.962,262.993,262.934,262.966,100
2022-05-27 06:21:00,262.913,262.944,262.885,262.917,170
2022-05-27 06:10:00,262.952,263.318,262.925,263.291,290
2022-05-27 06:02:00,263.533,263.564,263.377,263.409,300
2022-05-27 06:00:00,263.622,263.682,263.594,263.656,203
2022-05-27 05:55:00,263.159,263.771,263.131,263.744,8739
2022-05-27 05:52:00,263.159,263.19,263.131,263.163,1000
2022-05-27 05:50:00,263.159,263.19,263.131,263.163,310
2022-05-27 05:35:00,262.746,262.776,262.718,262.75,398
2022-05-27 05:34:00,262.716,262.747,262.688,262.72,598
2022-05-27 05:28:00,262.716,262.747,262.688,262.72,150
2022-05-27 05:27:00,262.716,262.747,262.669,262.72,450
2022-05-27 05:26:00,262.519,262.55,262.491,262.523,242
2022-05-27 05:24:00,262.509,262.54,262.482,262.514,374
2022-05-27 05:22:00,262.519,262.55,262.491,262.523,500
2022-05-27 05:18:00,262.5,262.53,262.472,262.504,168
2022-05-27 05:15:00,262.421,262.451,262.393,262.425,117
2022-05-27 05:07:00,262.598,262.629,262.57,262.602,100
2022-05-27 05:05:00,262.608,262.639,262.58,262.612,100
2022-05-27 05:03:00,262.618,262.648,262.59,262.622,488
2022-05-27 05:01:00,262.618,262.835,262.59,262.809,474
2022-05-27 04:58:00,262.765,262.875,262.738,262.848,356
2022-05-27 04:55:00,262.765,262.796,262.738,262.77,636
2022-05-27 04:48:00,262.854,262.885,262.826,262.858,456
2022-05-27 04:47:00,262.864,262.895,262.836,262.868,100
2022-05-27 04:46:00,263.238,263.269,263.033,263.065,485
2022-05-27 04:44:00,263.08,263.111,263.053,263.085,199
2022-05-27 04:41:00,263.1,263.131,263.072,263.104,100
2022-05-27 04:32:00,263.159,263.19,263.131,263.163,168
2022-05-27 04:16:00,261.958,261.989,261.93,261.962,258
2022-05-26 19:59:00,261.958,262.008,261.93,261.962,796
2022-05-26 19:58:00,261.87,261.91,261.842,261.883,293
2022-05-26 19:57:00,261.781,261.811,261.753,261.785,361
2022-05-26 19:52:00,261.781,261.811,261.753,261.785,360
2022-05-26 19:48:00,261.87,261.9,261.842,261.874,300
2022-05-26 19:47:00,261.81,261.861,261.783,261.834,361
2022-05-26 19:46:00,261.781,261.811,261.753,261.785,105
2022-05-26 19:45:00,261.781,261.811,261.753,261.785,356
2022-05-26 19:42:00,261.732,261.762,261.704,261.736,216
2022-05-26 19:39:00,261.633,261.664,261.606,261.637,2000
2022-05-26 19:33:00,261.633,261.664,261.606,261.637,178
2022-05-26 19:16:00,261.387,261.418,261.359,261.391,100
2022-05-26 19:11:00,261.584,261.615,261.556,261.588,1367
2022-05-26 19:10:00,261.584,261.615,261.556,261.588,500
2022-05-26 19:06:00,261.554,261.585,261.527,261.559,150
2022-05-26 19:05:00,261.486,261.516,261.458,261.49,800
2022-05-26 19:04:00,261.417,261.487,261.389,261.46,300
2022-05-26 19:02:00,261.466,261.516,261.438,261.49,665
2022-05-26 18:53:00,261.574,261.605,261.546,261.578,100
2022-05-26 18:48:00,261.289,261.319,261.261,261.293,1285
2022-05-26 18:47:00,261.367,261.398,261.34,261.371,100
2022-05-26 18:45:00,261.446,261.477,261.418,261.45,200
2022-05-26 18:41:00,261.338,261.368,261.251,261.283,200
2022-05-26 18:37:00,261.328,261.368,261.3,261.342,200
2022-05-26 18:36:00,261.072,261.27,261.025,261.056,3604
2022-05-26 18:35:00,261.505,261.536,261.478,261.509,746
2022-05-26 18:29:00,261.604,261.634,261.546,261.578,216
2022-05-26 18:27:00,261.682,261.713,261.556,261.588,343
2022-05-26 18:26:00,261.85,261.88,261.802,261.834,1300
2022-05-26 18:25:00,261.948,261.989,261.921,261.962,413
2022-05-26 18:24:00,261.781,261.811,261.753,261.785,2295
2022-05-26 18:23:00,261.682,261.811,261.655,261.785,1475
2022-05-26 18:19:00,261.623,261.664,261.596,261.637,200
2022-05-26 18:18:00,261.505,261.536,261.478,261.509,300
2022-05-26 18:17:00,261.407,261.437,261.379,261.411,100
2022-05-26 18:14:00,261.072,261.359,261.044,261.332,390
2022-05-26 18:10:00,261.328,261.359,261.271,261.303,1210
2022-05-26 17:54:00,261.19,261.221,261.163,261.194,100
2022-05-26 17:46:00,261.092,261.122,261.064,261.096,109
2022-05-26 17:45:00,261.093,261.123,261.065,261.097,100
2022-05-26 17:44:00,261.094,261.124,261.064,261.096,427
2022-05-26 17:41:00,261.093,261.124,261.065,261.097,500
2022-05-26 17:38:00,261.19,261.221,261.163,261.194,135
2022-05-26 17:32:00,261.269,261.299,261.241,261.273,100
2022-05-26 17:30:00,261.259,261.299,261.231,261.273,200
2022-05-26 17:29:00,261.141,261.171,261.113,261.145,100
2022-05-26 17:23:00,261.142,261.172,261.114,261.146,500
2022-05-26 17:14:00,261.279,261.309,261.251,261.283,135
2022-05-26 17:09:00,261.141,261.171,261.113,261.145,1003
2022-05-26 17:03:00,261.208,261.239,261.18,261.212,130
2022-05-26 16:45:00,261.043,261.073,261.015,261.047,400
2022-05-26 16:41:00,260.955,260.986,260.927,260.959,500
2022-05-26 16:40:00,260.895,260.965,260.867,260.938,200
2022-05-26 16:39:00,260.895,260.925,260.867,260.899,3892
2022-05-26 16:38:00,260.895,260.925,260.867,260.899,500
2022-05-26 16:37:00,260.009,260.039,259.981,260.013,100
2022-05-26 16:36:00,260.905,260.984,259.883,260.958,4990
2022-05-26 16:33:00,260.895,260.925,260.828,260.86,537
2022-05-26 16:32:00,261.092,261.122,260.867,260.899,3866
2022-05-26 16:31:00,261.092,261.811,261.015,261.785,343
2022-05-26 16:30:00,261.072,261.103,261.035,261.066,300
2022-05-26 16:29:00,261.121,261.152,261.094,261.125,100
2022-05-26 16:28:00,261.092,261.122,261.064,261.096,200
2022-05-26 16:27:00,261.249,261.28,261.113,261.165,767
2022-05-26 16:25:00,261.141,261.171,261.113,261.145,2776
2022-05-26 16:24:00,261.141,261.171,261.113,261.145,672
2022-05-26 16:23:00,261.299,261.329,261.113,261.145,541
2022-05-26 16:22:00,261.141,261.26,261.113,261.234,1234
2022-05-26 16:21:00,261.781,261.811,261.753,261.785,2000
2022-05-26 16:20:00,261.141,261.171,261.113,261.145,100
2022-05-26 16:19:00,261.151,261.181,261.113,261.145,3200
2022-05-26 16:18:00,261.239,261.27,261.123,261.155,600
2022-05-26 16:17:00,261.289,261.319,261.212,261.243,344
2022-05-26 16:16:00,261.338,261.368,261.212,261.293,3637
2022-05-26 16:15:00,261.781,261.811,261.753,261.785,9082
2022-05-26 16:13:00,261.781,261.811,261.753,261.785,6700
2022-05-26 16:12:00,261.387,261.418,261.359,261.391,155
2022-05-26 16:10:00,261.387,261.418,261.359,261.391,1500
2022-05-26 16:09:00,261.387,261.418,261.359,261.391,200
2022-05-26 16:08:00,261.387,261.811,261.261,261.293,27709
2022-05-26 16:07:00,261.407,261.437,261.359,261.391,2429
2022-05-26 16:06:00,261.476,261.516,261.379,261.49,5875
2022-05-26 16:05:00,261.781,261.811,261.293,261.48,3595
2022-05-26 16:03:00,261.486,261.516,261.458,261.49,544
2022-05-26 16:02:00,261.722,261.752,261.35,261.391,4701
2022-05-26 16:01:00,261.781,261.811,261.704,261.785,280385
2022-05-26 16:00:00,261.732,261.949,261.704,261.785,3884639
2022-05-26 15:59:00,261.86,262.028,261.497,261.746,466051
2022-05-26 15:58:00,261.781,261.949,261.625,261.874,197379
2022-05-26 15:57:00,261.919,261.949,261.517,261.775,121749
2022-05-26 15:56:00,261.83,262.107,261.704,261.903,106988
2022-05-26 15:55:00,261.761,262.048,261.615,261.834,117615
2022-05-26 15:54:00,261.958,262.284,261.606,261.746,132448
2022-05-26 15:53:00,262.007,262.166,261.852,261.972,65530
2022-05-26 15:52:00,261.801,262.245,261.586,262.002,101024
2022-05-26 15:51:00,262.185,262.245,261.733,261.805,83288
2022-05-26 15:50:00,262.608,263.003,262.009,262.203,208961
2022-05-26 15:49:00,262.421,262.629,262.393,262.578,78055
2022-05-26 15:48:00,262.204,262.456,262.078,262.42,70393
2022-05-26 15:47:00,262.273,262.402,262.019,262.208,81493
2022-05-26 15:46:00,261.958,262.392,261.842,262.277,68511
2022-05-26 15:45:00,262.032,262.264,261.852,261.952,71931
2022-05-26 15:44:00,261.919,262.077,261.827,262.038,34307
2022-05-26 15:43:00,261.663,261.93,261.62,261.883,70156
2022-05-26 15:42:00,261.712,261.743,261.576,261.672,35037
2022-05-26 15:41:00,261.493,261.733,261.369,261.706,34396
2022-05-26 15:40:00,261.407,261.644,261.3,261.499,40321
2022-05-26 15:39:00,261.23,261.45,261.074,261.4,44881
2022-05-26 15:38:00,261.038,261.393,261.01,261.253,51467
2022-05-26 15:37:00,260.983,261.171,260.946,261.045,42558
2022-05-26 15:36:00,260.944,261.053,260.867,261.007,36755
2022-05-26 15:35:00,261.117,261.201,260.848,260.968,31168
2022-05-26 15:34:00,261.121,261.299,261.005,261.14,29868
2022-05-26 15:33:00,260.865,261.142,260.739,261.116,34968
2022-05-26 15:32:00,261.161,261.221,260.794,260.869,32768
2022-05-26 15:31:00,260.905,261.24,260.848,261.17,34308
2022-05-26 15:30:00,261.18,261.408,260.956,260.988,44264
2022-05-26 15:29:00,261.259,261.516,261.172,261.204,63431
2022-05-26 15:28:00,260.855,261.309,260.818,261.28,40984
2022-05-26 15:27:00,260.934,260.984,260.788,260.869,47180
2022-05-26 15:26:00,260.974,261.068,260.887,260.919,35271
2022-05-26 15:25:00,261.062,261.103,260.916,260.958,25830
2022-05-26 15:24:00,260.924,261.171,260.808,261.059,33370
2022-05-26 15:23:00,260.855,261.073,260.808,260.919,47132
2022-05-26 15:22:00,261.052,261.117,260.818,260.879,58228
2022-05-26 15:21:00,261.087,261.244,261.015,261.086,28531
2022-05-26 15:20:00,261.417,261.467,261.035,261.086,27684
2022-05-26 15:19:00,261.249,261.575,261.222,261.406,37846
2022-05-26 15:18:00,261.131,261.388,261.074,261.258,31172
2022-05-26 15:17:00,261.426,261.516,261.094,261.165,29578
2022-05-26 15:16:00,261.722,261.752,261.384,261.421,39817
2022-05-26 15:15:00,261.8,261.999,261.645,261.736,31873
2022-05-26 15:14:00,261.712,261.88,261.615,261.839,19746
2022-05-26 15:13:00,261.732,261.861,261.615,261.736,25536
2022-05-26 15:12:00,261.83,261.89,261.679,261.736,25814
2022-05-26 15:11:00,261.899,261.949,261.743,261.854,30761
2022-05-26 15:10:00,261.948,262.028,261.753,261.893,31277
2022-05-26 15:09:00,262.027,262.058,261.871,261.952,28581
2022-05-26 15:08:00,262.066,262.136,261.96,262.011,30387
2022-05-26 15:07:00,261.845,262.136,261.743,262.11,27644
2022-05-26 15:06:00,261.85,261.979,261.684,261.849,31626
2022-05-26 15:05:00,261.574,261.91,261.497,261.854,52922
2022-05-26 15:04:00,261.427,261.605,261.212,261.568,66351
2022-05-26 15:03:00,261.584,261.674,261.34,261.45,51834
2022-05-26 15:02:00,261.601,261.723,261.507,261.587,36431
2022-05-26 15:01:00,261.948,262.003,261.562,261.594,41551
2022-05-26 15:00:00,261.973,262.048,261.788,261.938,18457
2022-05-26 14:59:00,261.968,262.077,261.911,262.002,16767
2022-05-26 14:58:00,262.002,262.117,261.901,261.972,32686
2022-05-26 14:57:00,261.909,262.038,261.852,262.002,35545
2022-05-26 14:56:00,261.746,261.949,261.714,261.883,44188
2022-05-26 14:55:00,261.771,261.841,261.694,261.751,14177
2022-05-26 14:54:00,261.83,261.92,261.714,261.755,22094
2022-05-26 14:53:00,261.707,261.821,261.645,261.785,12493
2022-05-26 14:52:00,261.83,261.861,261.645,261.726,15233
2022-05-26 14:51:00,261.732,261.88,261.704,261.81,23834
2022-05-26 14:50:00,261.761,261.939,261.714,261.76,24816
2022-05-26 14:49:00,261.633,261.844,261.576,261.785,29691
2022-05-26 14:48:00,261.663,261.765,261.615,261.672,22856
2022-05-26 14:47:00,261.722,261.767,261.566,261.647,13737
2022-05-26 14:46:00,261.801,261.831,261.537,261.726,35625
2022-05-26 14:45:00,261.879,261.989,261.763,261.805,78969
2022-05-26 14:44:00,261.85,261.969,261.802,261.893,31728
2022-05-26 14:43:00,261.85,261.949,261.793,261.869,65653
2022-05-26 14:42:00,261.87,261.93,261.783,261.864,32619
2022-05-26 14:41:00,261.781,261.905,261.606,261.869,36230
2022-05-26 14:40:00,261.81,261.92,261.665,261.786,34141
2022-05-26 14:39:00,261.889,261.939,261.763,261.844,17063
2022-05-26 14:38:00,261.855,261.939,261.743,261.893,25868
2022-05-26 14:37:00,261.633,261.91,261.537,261.834,20881
2022-05-26 14:36:00,261.83,261.89,261.596,261.657,43021
2022-05-26 14:35:00,261.909,261.989,261.773,261.834,32656
2022-05-26 14:34:00,261.879,261.969,261.793,261.883,23449
2022-05-26 14:33:00,261.929,261.979,261.798,261.883,31938
2022-05-26 14:32:00,261.914,262.018,261.881,261.943,22932
2022-05-26 14:31:00,261.909,262.018,261.832,261.933,22407
2022-05-26 14:30:00,262.194,262.284,261.861,261.893,40437
2022-05-26 14:29:00,262.47,262.525,262.127,262.179,35454
2022-05-26 14:28:00,262.364,262.52,262.314,262.454,17156
2022-05-26 14:27:00,262.421,262.491,262.324,262.356,14340
2022-05-26 14:26:00,262.588,262.631,262.314,262.425,34372
2022-05-26 14:25:00,262.647,262.717,262.521,262.582,36875
2022-05-26 14:24:00,262.559,262.678,262.482,262.642,20404
2022-05-26 14:23:00,262.598,262.629,262.442,262.538,18044
2022-05-26 14:22:00,262.569,262.678,262.511,262.597,23806
2022-05-26 14:21:00,262.411,262.612,262.344,262.563,21860
2022-05-26 14:20:00,262.352,262.442,262.302,262.415,16860
2022-05-26 14:19:00,262.381,262.412,262.236,262.346,14468
2022-05-26 14:18:00,262.411,262.481,262.344,262.376,10880
2022-05-26 14:17:00,262.441,262.511,262.354,262.415,33487
2022-05-26 14:16:00,262.559,262.619,262.364,262.445,13035
2022-05-26 14:15:00,262.431,262.619,262.383,262.563,19929
2022-05-26 14:14:00,262.47,262.54,262.413,262.454,11417
2022-05-26 14:13:00,262.391,262.54,262.364,262.484,18966
2022-05-26 14:12:00,262.381,262.486,262.334,262.386,11227
2022-05-26 14:11:00,262.313,262.402,262.167,262.376,18418
2022-05-26 14:10:00,262.362,262.471,262.292,262.371,12213
2022-05-26 14:09:00,262.342,262.402,262.24,262.356,18887
2022-05-26 14:08:00,262.27,262.461,262.186,262.326,25845
2022-05-26 14:07:00,262.313,262.373,262.196,262.267,23569
2022-05-26 14:06:00,262.391,262.422,262.216,262.297,13499
2022-05-26 14:05:00,262.495,262.541,262.354,262.395,19722
2022-05-26 14:04:00,262.411,262.569,262.314,262.542,21869
2022-05-26 14:03:00,262.332,262.54,262.265,262.42,23347
2022-05-26 14:02:00,262.45,262.511,262.314,262.356,12559
2022-05-26 14:01:00,262.441,262.491,262.245,262.454,14465
2022-05-26 14:00:00,262.455,262.599,262.403,262.459,24383
2022-05-26 13:59:00,262.362,262.525,262.295,262.44,18468
2022-05-26 13:58:00,262.272,262.442,262.244,262.386,22991
2022-05-26 13:57:00,262.175,262.284,262.019,262.256,26484
2022-05-26 13:56:00,262.037,262.181,261.803,262.154,30414
2022-05-26 13:55:00,262.185,262.255,261.95,262.061,30629
2022-05-26 13:54:00,262.194,262.274,262.117,262.218,11966
2022-05-26 13:53:00,262.263,262.323,262.186,262.248,14287
2022-05-26 13:52:00,262.253,262.392,262.206,262.292,25311
2022-05-26 13:51:00,262.185,262.284,262.108,262.248,14692
2022-05-26 13:50:00,262.204,262.304,262.103,262.208,33148
2022-05-26 13:49:00,262.165,262.255,262.048,262.218,13189
2022-05-26 13:48:00,262.096,262.24,262.063,262.189,16097
2022-05-26 13:47:00,262.232,262.263,262.039,262.144,15040
2022-05-26 13:46:00,262.204,262.323,262.167,262.218,20055
2022-05-26 13:45:00,262.198,262.304,262.147,262.218,12462
2022-05-26 13:44:00,262.126,262.289,262.088,262.228,15692
2022-05-26 13:43:00,262.076,262.136,261.999,262.085,8311
2022-05-26 13:42:00,261.968,262.1,261.881,262.061,30699
2022-05-26 13:41:00,262.116,262.181,261.934,261.972,23945
2022-05-26 13:40:00,262.007,262.171,261.961,262.11,13852
2022-05-26 13:39:00,262.002,262.067,261.93,261.992,21952
2022-05-26 13:38:00,261.998,262.087,261.94,262.002,9152
2022-05-26 13:37:00,261.998,262.087,261.965,262.002,12926
2022-05-26 13:36:00,262.047,262.107,261.94,261.978,12194
2022-05-26 13:35:00,262.175,262.225,261.97,262.051,8544
2022-05-26 13:34:00,262.278,262.309,262.137,262.169,11709
2022-05-26 13:33:00,262.057,262.304,262.019,262.276,17662
2022-05-26 13:32:00,262.017,262.127,261.989,262.061,15571
2022-05-26 13:31:00,261.909,262.107,261.881,262.011,13365
2022-05-26 13:30:00,261.958,262.018,261.812,261.913,23062
2022-05-26 13:29:00,261.909,261.989,261.773,261.943,32137
2022-05-26 13:28:00,262.012,262.077,261.832,261.903,15180
2022-05-26 13:27:00,262.184,262.215,261.93,262.041,18860
2022-05-26 13:26:00,262.135,262.323,262.085,262.198,32271
2022-05-26 13:25:00,261.924,262.117,261.862,262.09,28521
2022-05-26 13:24:00,261.948,262.087,261.891,261.923,18897
2022-05-26 13:23:00,262.096,262.146,261.886,261.943,22416
2022-05-26 13:22:00,262.263,262.294,262.029,262.1,88711
2022-05-26 13:21:00,262.342,262.373,262.167,262.247,14343
2022-05-26 13:20:00,262.204,262.363,262.147,262.336,11162
2022-05-26 13:19:00,262.244,262.373,262.167,262.221,18503
2022-05-26 13:18:00,262.204,262.373,262.158,262.238,12492
2022-05-26 13:17:00,262.204,262.338,262.157,262.248,13773
2022-05-26 13:16:00,262.341,262.392,262.137,262.169,20671
2022-05-26 13:15:00,262.441,262.481,262.28,262.346,18282
2022-05-26 13:14:00,262.342,262.486,262.304,262.445,16401
2022-05-26 13:13:00,262.145,262.361,262.068,262.335,13351
2022-05-26 13:12:00,262.303,262.333,262.029,262.139,25897
2022-05-26 13:11:00,262.385,262.461,262.196,262.297,21382
2022-05-26 13:10:00,262.48,262.629,262.296,262.395,42565
2022-05-26 13:09:00,262.224,262.501,262.193,262.44,42889
2022-05-26 13:08:00,262.208,262.286,262.152,262.218,27389
2022-05-26 13:07:00,262.193,262.259,262.108,262.213,13801
2022-05-26 13:06:00,262.194,262.255,262.105,262.198,21831
2022-05-26 13:05:00,262.185,262.274,262.088,262.208,11616
2022-05-26 13:04:00,262.096,262.205,262.068,262.179,14556
2022-05-26 13:03:00,262.086,262.162,261.976,262.115,18822
2022-05-26 13:02:00,261.948,262.117,261.891,262.07,29859
2022-05-26 13:01:00,261.935,262.087,261.907,261.972,21095
2022-05-26 13:00:00,261.978,262.018,261.852,261.933,17528
2022-05-26 12:59:00,261.978,262.117,261.95,261.982,26283
2022-05-26 12:58:00,261.948,261.999,261.793,261.962,22487
2022-05-26 12:57:00,261.968,262.028,261.812,261.923,19202
2022-05-26 12:56:00,261.81,261.999,261.762,261.972,37022
2022-05-26 12:55:00,261.712,261.831,261.586,261.803,23537
2022-05-26 12:54:00,261.751,261.782,261.586,261.716,16888
2022-05-26 12:53:00,261.673,261.792,261.581,261.765,16846
2022-05-26 12:52:00,261.686,261.752,261.581,261.687,15838
2022-05-26 12:51:00,261.623,261.831,261.596,261.682,39708
2022-05-26 12:50:00,261.486,261.703,261.448,261.657,22577
2022-05-26 12:49:00,261.456,261.595,261.423,261.495,28735
2022-05-26 12:48:00,261.486,261.536,261.374,261.445,15773
2022-05-26 12:47:00,261.367,261.516,261.301,261.49,17925
2022-05-26 12:46:00,261.348,261.437,261.271,261.371,15211
2022-05-26 12:45:00,261.259,261.418,261.113,261.342,28045
2022-05-26 12:44:00,261.308,261.378,261.182,261.283,23642
2022-05-26 12:43:00,261.299,261.388,261.241,261.303,24944
2022-05-26 12:42:00,261.346,261.378,261.212,261.303,19189
2022-05-26 12:41:00,261.431,261.477,261.32,261.352,28938
2022-05-26 12:40:00,261.535,261.698,261.399,261.435,23675
2022-05-26 12:39:00,261.515,261.6,261.468,261.544,20099
2022-05-26 12:38:00,261.417,261.536,261.359,261.509,35140
2022-05-26 12:37:00,261.358,261.477,261.31,261.45,17396
2022-05-26 12:36:00,261.466,261.496,261.31,261.357,17915
2022-05-26 12:35:00,261.49,261.536,261.359,261.45,23305
2022-05-26 12:34:00,261.486,261.615,261.428,261.519,11765
2022-05-26 12:33:00,261.574,261.605,261.409,261.529,27350
2022-05-26 12:32:00,261.628,261.659,261.522,261.583,19183
2022-05-26 12:31:00,261.83,261.861,261.566,261.637,16550
2022-05-26 12:30:00,261.81,261.9,261.674,261.795,20811
2022-05-26 12:29:00,261.722,261.871,261.65,261.834,19470
2022-05-26 12:28:00,261.623,261.811,261.581,261.726,14952
2022-05-26 12:27:00,261.653,261.787,261.576,261.637,13114
2022-05-26 12:26:00,261.692,261.728,261.576,261.632,25308
2022-05-26 12:25:00,261.687,261.787,261.635,261.706,33805
2022-05-26 12:24:00,261.436,261.723,261.409,261.687,42388
2022-05-26 12:23:00,261.417,261.506,261.33,261.45,34583
2022-05-26 12:22:00,261.436,261.477,261.261,261.401,25578
2022-05-26 12:21:00,261.348,261.546,261.305,261.46,47985
2022-05-26 12:20:00,261.082,261.427,261.044,261.352,49146
2022-05-26 12:19:00,261.043,261.112,260.956,261.076,29668
2022-05-26 12:18:00,261.235,261.28,261.005,261.047,27328
2022-05-26 12:17:00,261.239,261.339,261.172,261.243,18234
2022-05-26 12:16:00,261.218,261.325,261.143,261.258,27017
2022-05-26 12:15:00,261.18,261.319,261.133,261.263,41610
2022-05-26 12:14:00,261.18,261.27,261.129,261.196,18187
2022-05-26 12:13:00,261.151,261.319,261.094,261.204,36407
2022-05-26 12:12:00,261.243,261.29,261.133,261.175,36637
2022-05-26 12:11:00,261.121,261.339,261.064,261.253,34277
2022-05-26 12:10:00,260.924,261.142,260.877,261.116,21903
2022-05-26 12:09:00,260.944,261.034,260.788,260.938,23864
2022-05-26 12:08:00,260.905,260.984,260.828,260.938,17421
2022-05-26 12:07:00,261.062,261.093,260.848,260.884,15926
2022-05-26 12:06:00,261.023,261.142,260.964,261.066,27410
2022-05-26 12:05:00,261.102,261.181,260.975,261.022,38023
2022-05-26 12:04:00,260.954,261.142,260.858,261.116,13534
2022-05-26 12:03:00,261.072,261.103,260.848,260.928,31932
2022-05-26 12:02:00,260.855,261.122,260.828,261.056,23069
2022-05-26 12:01:00,260.708,261.043,260.444,260.85,70210
2022-05-26 12:00:00,260.836,260.891,260.601,260.672,25744
2022-05-26 11:59:00,261.003,261.048,260.793,260.869,21951
2022-05-26 11:58:00,260.873,261.073,260.833,260.978,18188
2022-05-26 11:57:00,261.082,261.112,260.843,260.889,32608
2022-05-26 11:56:00,260.875,261.171,260.828,261.096,26123
2022-05-26 11:55:00,260.855,261.034,260.769,260.869,25626
2022-05-26 11:54:00,260.9,260.955,260.798,260.85,23033
2022-05-26 11:53:00,260.838,260.97,260.759,260.898,21051
2022-05-26 11:52:00,260.737,260.925,260.71,260.845,30966
2022-05-26 11:51:00,260.668,260.807,260.542,260.722,26047
2022-05-26 11:50:00,260.678,260.738,260.587,260.653,9689
2022-05-26 11:49:00,260.54,260.728,260.493,260.693,13207
2022-05-26 11:48:00,260.723,260.805,260.473,260.525,29485
2022-05-26 11:47:00,260.747,260.807,260.583,260.727,17880
2022-05-26 11:46:00,260.664,260.891,260.621,260.76,18265
2022-05-26 11:45:00,260.915,260.994,260.641,260.672,17909
2022-05-26 11:44:00,260.816,260.937,260.779,260.91,14485
2022-05-26 11:43:00,260.974,261.004,260.739,260.83,20451
2022-05-26 11:42:00,260.959,261.112,260.887,260.963,23144
2022-05-26 11:41:00,260.924,261.122,260.828,260.958,20073
2022-05-26 11:40:00,261.082,261.122,260.887,260.928,17978
2022-05-26 11:39:00,260.944,261.122,260.848,261.066,22099
2022-05-26 11:38:00,260.718,261.122,260.67,260.948,26951
2022-05-26 11:37:00,260.59,261.093,260.562,260.732,26313
2022-05-26 11:36:00,260.54,260.659,260.424,260.579,26625
2022-05-26 11:35:00,260.476,260.662,260.385,260.535,51296
2022-05-26 11:34:00,260.59,260.728,260.439,260.471,37125
2022-05-26 11:33:00,260.747,260.778,260.488,260.574,26610
2022-05-26 11:32:00,261.043,261.201,260.67,260.719,19427
2022-05-26 11:31:00,260.934,261.28,260.907,261.071,38473
2022-05-26 11:30:00,260.6,261.004,260.419,260.92,50266
2022-05-26 11:29:00,260.929,260.999,260.552,260.604,37274
2022-05-26 11:28:00,260.954,261.024,260.808,260.948,20135
2022-05-26 11:27:00,261.033,261.103,260.897,260.943,17674
2022-05-26 11:26:00,261.072,261.147,260.848,261.007,31604
2022-05-26 11:25:00,261.111,261.206,261.035,261.096,27541
2022-05-26 11:24:00,261.062,261.201,261.035,261.101,24015
2022-05-26 11:23:00,261.077,261.211,260.975,261.076,32902
2022-05-26 11:22:00,261.092,261.216,261.025,261.096,38212
2022-05-26 11:21:00,261.156,261.324,261.064,261.111,40061
2022-05-26 11:20:00,261.195,261.226,261.035,261.155,42647
2022-05-26 11:19:00,261.189,261.319,261.133,261.204,37119
2022-05-26 11:18:00,261.343,261.373,261.103,261.175,39629
2022-05-26 11:17:00,261.299,261.388,261.163,261.347,41491
2022-05-26 11:16:00,261.687,261.762,261.261,261.307,38006
2022-05-26 11:15:00,261.84,261.92,261.546,261.677,26019
2022-05-26 11:14:00,261.584,261.874,261.517,261.829,25973
2022-05-26 11:13:00,261.525,261.644,261.448,261.583,26603
2022-05-26 11:12:00,261.702,261.733,261.432,261.549,31124
2022-05-26 11:11:00,261.633,261.807,261.576,261.701,18394
2022-05-26 11:10:00,261.84,261.89,261.603,261.667,28386
2022-05-26 11:09:00,261.948,261.989,261.797,261.844,16372
2022-05-26 11:08:00,261.909,262.013,261.793,261.933,26837
2022-05-26 11:07:00,261.83,261.987,261.655,261.923,39352
2022-05-26 11:06:00,261.898,261.979,261.704,261.795,23011
2022-05-26 11:05:00,261.919,262.097,261.802,261.864,35674
2022-05-26 11:04:00,261.535,261.989,261.507,261.913,46802
2022-05-26 11:03:00,261.535,261.565,261.389,261.539,25333
2022-05-26 11:02:00,261.476,261.575,261.399,261.539,29095
2022-05-26 11:01:00,261.299,261.565,261.251,261.487,38028
2022-05-26 11:00:00,261.043,261.418,260.916,261.312,52129
2022-05-26 10:59:00,260.698,261.093,260.651,261.027,42540
2022-05-26 10:58:00,260.649,260.778,260.473,260.653,38345
2022-05-26 10:57:00,260.649,260.709,260.473,260.643,38670
2022-05-26 10:56:00,260.718,260.768,260.582,260.643,58137
2022-05-26 10:55:00,260.787,260.847,260.562,260.707,42116
2022-05-26 10:54:00,260.885,260.94,260.72,260.781,39154
2022-05-26 10:53:00,260.934,261.063,260.828,260.889,24908
2022-05-26 10:52:00,261.102,261.132,260.887,260.938,37779
2022-05-26 10:51:00,261.18,261.359,261.064,261.12,39099
2022-05-26 10:50:00,261.013,261.29,260.985,261.175,48342
2022-05-26 10:49:00,261.121,261.181,260.897,261.027,34236
2022-05-26 10:48:00,261.018,261.171,260.828,261.135,45122
2022-05-26 10:47:00,261.102,261.184,260.867,261.013,52003
2022-05-26 10:46:00,260.777,261.354,260.749,261.105,42052
2022-05-26 10:45:00,260.757,260.876,260.611,260.791,27469
2022-05-26 10:44:00,260.826,260.979,260.7,260.732,41590
2022-05-26 10:43:00,260.895,261.024,260.769,260.83,36041
2022-05-26 10:42:00,261.308,261.339,260.838,260.938,19291
2022-05-26 10:41:00,261.171,261.398,260.897,261.312,24668
2022-05-26 10:40:00,261.121,261.431,261.054,261.224,42451
2022-05-26 10:39:00,261.072,261.211,260.966,261.155,28286
2022-05-26 10:38:00,260.796,261.112,260.759,261.037,30315
2022-05-26 10:37:00,260.995,261.142,260.582,260.86,49157
2022-05-26 10:36:00,261.052,261.112,260.857,261.007,52373
2022-05-26 10:35:00,260.747,261.093,260.72,261.066,52153
2022-05-26 10:34:00,260.728,260.915,260.542,260.751,37438
2022-05-26 10:33:00,260.875,260.906,260.66,260.71,22276
2022-05-26 10:32:00,260.895,261.063,260.808,260.889,23157
2022-05-26 10:31:00,261.033,261.108,260.729,260.899,32559
2022-05-26 10:30:00,260.954,261.26,260.867,261.076,54627
2022-05-26 10:29:00,261.121,261.211,260.72,260.928,41810
2022-05-26 10:28:00,261.249,261.29,260.946,261.145,39655
2022-05-26 10:27:00,261.121,261.304,260.975,261.214,45740
2022-05-26 10:26:00,261.367,261.516,261.035,261.086,41797
2022-05-26 10:25:00,261.415,261.516,261.232,261.381,31289
2022-05-26 10:24:00,261.348,261.496,261.271,261.43,36285
2022-05-26 10:23:00,261.83,261.871,261.301,261.352,55582
2022-05-26 10:22:00,261.535,262.107,261.428,261.824,70638
2022-05-26 10:21:00,261.289,261.555,261.172,261.529,54963
2022-05-26 10:20:00,261.289,261.398,260.992,261.273,83525
2022-05-26 10:19:00,261.029,261.344,260.966,261.293,88190
2022-05-26 10:18:00,260.55,261.034,260.286,261.007,51323
2022-05-26 10:17:00,260.796,260.827,260.523,260.574,29497
2022-05-26 10:16:00,260.816,260.911,260.69,260.82,27538
2022-05-26 10:15:00,260.59,260.837,260.493,260.791,33410
2022-05-26 10:14:00,260.472,260.758,260.296,260.574,31622
2022-05-26 10:13:00,260.196,260.541,260.129,260.446,27721
2022-05-26 10:12:00,260.304,260.571,260.168,260.219,50006
2022-05-26 10:11:00,259.96,260.315,259.824,260.279,39243
2022-05-26 10:10:00,259.989,260.098,259.775,259.988,38410
2022-05-26 10:09:00,260.353,260.384,259.863,259.973,30630
2022-05-26 10:08:00,260.403,260.453,260.129,260.338,39538
2022-05-26 10:07:00,260.59,261.004,260.345,260.377,52601
2022-05-26 10:06:00,260.629,260.837,260.483,260.525,43615
2022-05-26 10:05:00,260.54,260.659,260.257,260.633,36756
2022-05-26 10:04:00,260.668,260.728,260.355,260.574,54185
2022-05-26 10:03:00,260.885,260.92,260.503,260.653,40913
2022-05-26 10:02:00,261.082,261.112,260.444,260.855,54516
2022-05-26 10:01:00,260.944,261.211,260.641,261.017,45659
2022-05-26 10:00:00,260.471,261.122,260.434,260.924,64103
2022-05-26 09:59:00,260.836,260.906,260.395,260.451,29484
2022-05-26 09:58:00,260.575,260.882,260.521,260.84,37924
2022-05-26 09:57:00,260.826,261.014,260.503,260.594,56635
2022-05-26 09:56:00,260.58,260.994,260.336,260.899,89940
2022-05-26 09:55:00,260.664,260.827,260.395,260.574,35857
2022-05-26 09:54:00,260.787,260.895,260.631,260.672,49261
2022-05-26 09:53:00,260.678,260.876,260.523,260.807,56991
2022-05-26 09:52:00,260.294,260.758,260.099,260.692,62951
2022-05-26 09:51:00,260.255,260.591,260.227,260.289,35244
2022-05-26 09:50:00,260.245,260.433,259.907,260.241,51576
2022-05-26 09:49:00,260.226,260.463,259.942,260.269,62331
2022-05-26 09:48:00,259.96,260.285,259.932,260.243,37815
2022-05-26 09:47:00,259.27,260.295,259.135,259.929,45124
2022-05-26 09:46:00,259.28,259.773,259.253,259.324,42788
2022-05-26 09:45:00,259.428,259.596,258.987,259.266,51592
2022-05-26 09:44:00,259.339,259.537,259.125,259.41,52478
2022-05-26 09:43:00,259.3,259.808,259.184,259.314,62892
2022-05-26 09:42:00,259.142,259.438,258.943,259.245,65710
2022-05-26 09:41:00,259.28,259.409,258.957,259.137,99065
2022-05-26 09:40:00,258.995,259.379,258.869,259.274,48305
2022-05-26 09:39:00,259.152,259.202,258.613,258.979,69777
2022-05-26 09:38:00,258.542,259.695,258.475,259.204,99128
2022-05-26 09:37:00,258.345,258.602,258.081,258.546,64414
2022-05-26 09:36:00,258.66,258.749,258.19,258.329,76901
2022-05-26 09:35:00,258.178,258.735,258.052,258.665,143010
2022-05-26 09:34:00,257.577,258.267,257.451,258.172,74944
2022-05-26 09:33:00,257.508,258.09,257.352,257.601,38724
2022-05-26 09:32:00,257.843,258.08,257.501,257.561,53941
2022-05-26 09:31:00,258.143,258.474,257.619,257.817,72223
2022-05-26 09:30:00,258.207,258.454,257.697,258.073,335639
2022-05-26 09:28:00,258.197,258.227,258.17,258.201,1503
2022-05-26 09:27:00,258.197,258.227,258.17,258.201,190
2022-05-26 09:26:00,258.197,258.227,258.17,258.201,310
2022-05-26 09:22:00,258.631,258.661,258.436,258.467,384
2022-05-26 09:21:00,258.631,259.08,258.603,259.054,650
2022-05-26 09:20:00,258.729,258.759,258.702,258.733,200
2022-05-26 09:19:00,258.729,258.759,258.692,258.723,492
2022-05-26 09:18:00,258.729,258.759,258.603,258.635,500
2022-05-26 09:16:00,258.936,258.966,258.889,258.92,1122
2022-05-26 09:15:00,259.32,259.35,259.292,259.324,250
2022-05-26 09:14:00,259.221,259.35,259.194,259.324,600
2022-05-26 09:12:00,259.31,259.34,259.282,259.314,1000
2022-05-26 09:11:00,259.202,259.232,259.174,259.206,200
2022-05-26 09:10:00,259.189,259.222,259.161,259.196,300
2022-05-26 09:09:00,259.123,259.301,259.095,259.274,400
2022-05-26 09:08:00,259.142,259.173,259.115,259.146,100
2022-05-26 09:07:00,259.152,259.183,259.095,259.127,287
2022-05-26 09:06:00,259.123,259.173,259.095,259.146,490
2022-05-26 09:03:00,259.142,259.517,259.115,259.422,300
2022-05-26 09:02:00,259.566,259.596,259.391,259.422,500
2022-05-26 09:01:00,259.615,259.645,259.587,259.619,400
2022-05-26 08:59:00,259.418,259.645,259.391,259.619,250
2022-05-26 08:58:00,259.576,259.606,259.538,259.57,500
2022-05-26 08:57:00,259.704,259.793,259.676,259.767,1070
2022-05-26 08:55:00,259.467,259.645,259.391,259.619,737
2022-05-26 08:54:00,259.615,259.744,259.587,259.717,785
2022-05-26 08:53:00,259.418,259.685,259.391,259.658,1856
2022-05-26 08:52:00,259.446,259.477,259.419,259.45,100
2022-05-26 08:51:00,259.369,259.448,259.341,259.422,2100
2022-05-26 08:50:00,259.261,259.448,259.233,259.422,819
2022-05-26 08:48:00,259.418,259.448,259.391,259.422,100
2022-05-26 08:46:00,259.654,259.685,259.627,259.658,100
2022-05-26 08:45:00,259.457,259.488,259.43,259.462,300
2022-05-26 08:43:00,259.635,259.665,259.135,259.422,930
2022-05-26 08:41:00,259.497,259.842,259.381,259.816,1233
2022-05-26 08:39:00,259.517,259.547,259.489,259.521,150
2022-05-26 08:38:00,259.408,259.537,259.263,259.422,4112
2022-05-26 08:37:00,258.631,259.094,258.603,259.068,5425
2022-05-26 08:36:00,259.024,259.054,258.603,258.635,350
2022-05-26 08:35:00,258.827,258.877,258.8,258.851,200
2022-05-26 08:33:00,259.221,259.537,259.194,259.511,1700
2022-05-26 08:31:00,258.847,258.927,258.505,258.536,1234
2022-05-26 08:30:00,259.27,259.301,258.898,259.127,4430
2022-05-26 08:29:00,259.515,259.545,259.488,259.519,100
2022-05-26 08:23:00,259.526,259.557,259.499,259.53,100
2022-05-26 08:19:00,259.525,259.555,259.498,259.529,1492
2022-05-26 08:16:00,259.28,259.311,259.253,259.284,120
2022-05-26 08:14:00,259.418,259.448,259.391,259.422,100
2022-05-26 08:13:00,259.517,259.645,259.489,259.619,630
2022-05-26 08:12:00,259.339,259.37,259.243,259.274,200
2022-05-26 08:08:00,259.28,259.951,259.036,259.068,745
2022-05-26 08:07:00,259.054,259.084,259.026,259.058,100
2022-05-26 08:06:00,259.113,259.143,258.898,258.93,1044
2022-05-26 08:04:00,259.093,259.124,259.066,259.097,678
2022-05-26 08:03:00,259.123,259.163,257.78,259.137,1389
2022-05-26 08:02:00,259.251,259.744,259.125,259.717,2250
2022-05-26 08:01:00,257.232,259.311,256.93,259.284,737
2022-05-26 08:00:00,259.664,260.827,259.223,259.255,11501
2022-05-26 07:59:00,259.467,259.498,259.292,259.324,554
2022-05-26 07:58:00,259.448,259.478,259.42,259.452,240
2022-05-26 07:57:00,259.566,259.596,259.538,259.57,100
2022-05-26 07:56:00,259.615,259.645,259.469,259.501,1300
2022-05-26 07:55:00,259.763,259.793,259.587,259.747,1299
2022-05-26 07:54:00,259.841,259.872,259.735,259.767,360
2022-05-26 07:53:00,260.107,260.138,259.883,259.914,1503
2022-05-26 07:52:00,260.127,260.157,260.099,260.131,100
2022-05-26 07:51:00,260.107,260.138,260.08,260.111,100
2022-05-26 07:49:00,260.196,260.226,260.168,260.2,165
2022-05-26 07:48:00,260.147,260.177,260.109,260.151,521
2022-05-26 07:45:00,260.038,260.069,259.971,260.003,220
2022-05-26 07:44:00,260.097,260.128,260.07,260.101,119
2022-05-26 07:43:00,260.078,260.128,260.001,260.033,587
2022-05-26 07:42:00,260.097,260.128,260.07,260.101,435
2022-05-26 07:40:00,259.91,259.941,259.863,259.895,400
2022-05-26 07:35:00,259.96,259.99,259.647,259.678,455
2022-05-26 07:33:00,260.147,260.177,260.119,260.151,236
2022-05-26 07:32:00,260.225,260.256,260.198,260.229,143
2022-05-26 07:30:00,260.6,260.63,260.572,260.604,100
2022-05-26 07:27:00,260.6,260.63,260.572,260.604,100
2022-05-26 07:24:00,260.403,260.453,260.375,260.426,200
2022-05-26 07:21:00,260.403,260.433,260.375,260.407,120
2022-05-26 07:19:00,260.166,260.433,260.139,260.407,366
2022-05-26 07:17:00,260.275,260.305,260.247,260.279,200
2022-05-26 07:16:00,260.363,260.433,260.316,260.377,910
2022-05-26 07:15:00,260.255,260.285,260.227,260.259,542
2022-05-26 07:14:00,260.088,260.285,260.06,260.259,2235
2022-05-26 07:13:00,259.91,259.941,259.883,259.914,200
2022-05-26 07:12:00,259.91,259.941,259.883,259.914,200
2022-05-26 07:11:00,260.235,260.266,260.208,260.239,209
2022-05-26 07:10:00,259.664,259.695,259.637,259.668,100
2022-05-26 07:09:00,259.694,259.724,259.647,259.678,200
2022-05-26 07:06:00,259.96,259.99,259.932,259.964,295
2022-05-26 07:05:00,260.107,260.138,260.08,260.111,200
2022-05-26 07:02:00,259.802,260.433,259.775,260.407,1079
2022-05-26 07:01:00,259.182,259.842,259.154,259.806,651
2022-05-26 07:00:00,259.29,259.36,258.81,259.334,1991
2022-05-26 06:57:00,259.901,259.941,259.873,259.914,213
2022-05-26 06:56:00,259.674,259.931,259.647,259.905,200
2022-05-26 06:53:00,259.408,259.448,259.381,259.422,251
2022-05-26 06:51:00,259.418,259.448,259.381,259.412,200
2022-05-26 06:18:00,258.768,258.799,258.741,258.772,245
2022-05-26 06:13:00,259.044,259.074,259.017,259.048,245
2022-05-26 06:09:00,259.31,259.34,259.282,259.314,100
2022-05-26 06:07:00,258.926,259.074,258.898,259.048,410
2022-05-26 06:03:00,258.68,258.71,258.652,258.684,100
2022-05-26 05:56:00,258.916,258.946,258.889,258.92,105
2022-05-26 05:55:00,258.719,258.759,258.692,258.733,200
2022-05-26 05:51:00,258.512,258.543,258.485,258.516,199
2022-05-26 05:50:00,258.552,258.582,258.524,258.556,200
2022-05-26 05:49:00,258.916,258.946,258.889,258.92,110
2022-05-26 05:46:00,258.916,258.946,258.889,258.92,105
2022-05-26 05:45:00,258.522,258.562,258.495,258.536,200
2022-05-26 05:28:00,257.951,257.981,257.924,257.955,245
2022-05-26 05:06:00,257.331,257.361,257.304,257.335,224
2022-05-26 04:59:00,257.449,257.479,257.304,257.335,755
2022-05-26 04:53:00,257.548,257.578,257.51,257.542,462
2022-05-26 04:52:00,257.676,257.706,257.54,257.571,2142
2022-05-26 04:51:00,257.626,257.656,257.589,257.62,273
2022-05-26 04:50:00,257.577,257.607,257.55,257.581,100
2022-05-26 04:31:00,257.941,257.971,257.914,257.945,100
2022-05-26 04:30:00,257.931,257.962,257.904,257.935,100
2022-05-26 04:28:00,258.227,258.267,258.199,258.241,200
2022-05-26 04:26:00,258.286,258.316,258.259,258.29,189
2022-05-26 04:22:00,258.818,258.848,258.79,258.822,125
2022-05-26 04:17:00,258.69,258.72,258.662,258.694,113
2022-05-26 04:12:00,259.221,259.251,258.82,258.851,205
2022-05-26 04:11:00,259.231,259.261,259.204,259.235,129
2022-05-25 19:59:00,257.991,258.021,257.963,257.995,100
2022-05-25 19:56:00,257.991,258.021,257.963,257.995,200
2022-05-25 19:55:00,257.715,257.745,257.688,257.719,439
2022-05-25 19:51:00,257.991,258.021,257.963,257.995,204
2022-05-25 19:49:00,258.138,258.168,258.111,258.142,290
2022-05-25 19:47:00,258.237,258.267,258.209,258.241,100
2022-05-25 19:40:00,258.059,258.129,257.963,257.995,1188
2022-05-25 19:39:00,258.325,258.355,258.298,258.329,100
2022-05-25 19:38:00,258.237,258.267,258.209,258.241,100
2022-05-25 19:34:00,258.237,258.267,258.209,258.241,625
2022-05-25 19:29:00,258.434,258.464,258.406,258.438,109
2022-05-25 19:28:00,258.424,258.464,258.396,258.438,380
2022-05-25 19:26:00,258.424,258.454,258.396,258.428,100
2022-05-25 19:18:00,258.286,258.316,258.259,258.29,408
2022-05-25 19:07:00,258.335,258.365,258.308,258.339,812
2022-05-25 19:04:00,258.325,258.355,258.298,258.329,249
2022-05-25 19:03:00,258.325,258.355,258.298,258.329,459
2022-05-25 18:51:00,258.237,258.355,258.209,258.329,400
2022-05-25 18:50:00,258.325,258.355,258.298,258.329,100
2022-05-25 18:48:00,257.991,258.021,257.963,257.995,100
2022-05-25 18:45:00,258.335,258.405,258.308,258.379,300
2022-05-25 18:43:00,258.424,258.454,258.396,258.428,200
2022-05-25 18:42:00,258.266,258.296,258.239,258.27,100
2022-05-25 18:36:00,258.266,258.296,258.239,258.27,100
2022-05-25 18:33:00,257.941,257.971,257.914,257.945,518
2022-05-25 18:28:00,258.089,258.119,257.914,257.945,466
2022-05-25 18:27:00,258.187,258.218,258.16,258.191,100
2022-05-25 18:26:00,258.187,258.218,258.16,258.191,400
2022-05-25 18:22:00,258.453,258.483,258.426,258.457,100
2022-05-25 18:18:00,258.315,258.346,258.288,258.319,100
2022-05-25 18:15:00,258.434,258.464,257.924,257.955,1665
2022-05-25 18:14:00,258.375,258.464,258.347,258.438,3922
2022-05-25 18:10:00,258.404,258.454,258.377,258.428,1667
2022-05-25 18:01:00,258.335,258.71,258.308,258.684,695
2022-05-25 18:00:00,257.636,258.365,257.609,258.319,7079
2022-05-25 17:58:00,257.662,257.692,257.635,257.666,100
2022-05-25 17:57:00,257.173,257.203,257.146,257.177,216
2022-05-25 17:52:00,257.194,257.224,257.167,257.198,100
2022-05-25 17:40:00,257.385,257.415,257.358,257.389,100
2022-05-25 17:39:00,257.154,257.381,257.126,257.355,1344
2022-05-25 17:34:00,257.41,257.489,257.382,257.453,877
2022-05-25 17:32:00,257.616,257.647,257.589,257.62,100
2022-05-25 17:31:00,257.877,257.907,257.849,257.881,269
2022-05-25 17:26:00,257.711,257.741,257.684,257.715,100
2022-05-25 17:22:00,257.429,257.459,257.323,257.355,700
2022-05-25 17:21:00,257.193,257.223,257.166,257.197,100
2022-05-25 17:20:00,257.154,257.184,256.812,256.843,200
2022-05-25 17:19:00,257.154,257.184,257.126,257.158,100
2022-05-25 17:17:00,256.847,256.877,256.82,256.851,400
2022-05-25 17:15:00,257.36,257.391,257.323,257.355,1133
2022-05-25 17:12:00,257.449,257.479,257.422,257.453,200
2022-05-25 17:06:00,257.695,257.725,257.658,257.689,218
2022-05-25 17:05:00,257.725,257.755,257.697,257.729,300
2022-05-25 17:02:00,257.449,257.479,257.422,257.453,500
2022-05-25 17:01:00,257.449,257.479,257.422,257.453,233
2022-05-25 17:00:00,257.567,257.597,257.422,257.453,2067
2022-05-25 16:59:00,257.449,257.696,257.422,257.453,400
2022-05-25 16:58:00,257.636,257.676,257.599,257.63,952
2022-05-25 16:57:00,257.449,257.479,257.422,257.453,100
2022-05-25 16:56:00,257.252,257.282,257.176,257.207,1339
2022-05-25 16:55:00,257.518,257.548,257.491,257.522,1085
2022-05-25 16:54:00,257.646,257.676,257.491,257.522,550
2022-05-25 16:53:00,257.646,257.676,257.619,257.65,269
2022-05-25 16:49:00,257.225,257.255,257.198,257.229,639
2022-05-25 16:48:00,256.898,256.928,256.752,256.892,1275
2022-05-25 16:47:00,256.612,256.869,256.585,256.843,2135
2022-05-25 16:46:00,256.784,256.814,256.723,256.754,530
2022-05-25 16:45:00,257.014,257.105,256.831,256.862,1664
2022-05-25 16:44:00,257.498,257.528,256.979,257.01,2332
2022-05-25 16:42:00,257.597,258.483,257.51,258.457,14639
2022-05-25 16:41:00,257.511,257.587,257.484,257.561,200
2022-05-25 16:40:00,257.794,257.824,257.766,257.798,400
2022-05-25 16:39:00,257.794,257.824,257.766,257.798,500
2022-05-25 16:38:00,257.439,257.725,257.412,257.699,1665
2022-05-25 16:37:00,257.252,257.282,257.225,257.256,100
2022-05-25 16:36:00,257.213,257.243,257.186,257.217,100
2022-05-25 16:35:00,256.839,256.869,256.811,256.843,300
2022-05-25 16:34:00,256.957,257.469,256.93,257.443,740
2022-05-25 16:33:00,256.956,256.987,256.9,256.961,765
2022-05-25 16:32:00,256.957,256.987,256.93,256.961,300
2022-05-25 16:31:00,256.661,256.829,256.634,256.803,2244
2022-05-25 16:30:00,258.453,258.483,256.703,256.734,1045
2022-05-25 16:29:00,256.15,256.76,256.122,256.734,1610
2022-05-25 16:28:00,255.972,256.179,255.807,256.026,1300
2022-05-25 16:27:00,256.022,256.12,255.945,256.085,1712
2022-05-25 16:26:00,255.972,256.396,255.945,256.37,1768
2022-05-25 16:25:00,256.189,256.481,255.985,256.026,1596
2022-05-25 16:24:00,256.661,256.691,255.994,256.091,3278
2022-05-25 16:22:00,257.026,257.056,256.93,256.99,770
2022-05-25 16:21:00,256.996,257.184,256.93,256.961,2339
2022-05-25 16:20:00,258.453,258.483,257.225,257.256,2963
2022-05-25 16:19:00,257.941,257.971,257.914,257.945,428
2022-05-25 16:17:00,257.695,257.725,257.668,257.699,100
2022-05-25 16:16:00,257.951,258.483,257.914,258.457,20862
2022-05-25 16:15:00,258.266,258.296,258.081,258.113,1090
2022-05-25 16:14:00,258.424,258.483,258.396,258.457,4642
2022-05-25 16:13:00,258.424,258.464,258.396,258.438,1159
2022-05-25 16:11:00,258.187,258.267,258.16,258.241,200
2022-05-25 16:10:00,258.237,258.267,258.209,258.241,100
2022-05-25 16:09:00,258.04,258.139,258.012,258.113,1361
2022-05-25 16:08:00,258.04,258.483,258.012,258.457,23315
2022-05-25 16:07:00,258.453,258.493,257.865,257.995,11107
2022-05-25 16:06:00,258.483,258.562,258.219,258.457,2836
2022-05-25 16:05:00,258.542,258.572,258.514,258.546,300
2022-05-25 16:04:00,258.493,258.562,258.455,258.487,1770
2022-05-25 16:03:00,258.624,258.655,258.505,258.536,777
2022-05-25 16:02:00,258.434,258.562,258.406,258.536,9528
2022-05-25 16:01:00,258.453,258.611,258.426,258.585,159254
2022-05-25 16:00:00,258.453,258.483,256.386,258.457,3198354
2022-05-25 15:59:00,258.384,258.621,258.147,258.595,319030
2022-05-25 15:58:00,258.503,258.557,258.209,258.398,88408
2022-05-25 15:57:00,258.424,258.592,258.259,258.516,71463
2022-05-25 15:56:00,258.463,258.759,258.347,258.422,67062
2022-05-25 15:55:00,258.01,258.582,257.865,258.487,76750
2022-05-25 15:54:00,257.744,258.424,257.717,257.995,126376
2022-05-25 15:53:00,257.764,258.011,257.314,257.758,127007
2022-05-25 15:52:00,257.882,258.05,257.707,257.985,57631
2022-05-25 15:51:00,258.069,258.178,257.707,257.881,69814
2022-05-25 15:50:00,258.542,258.572,257.491,258.083,165507
2022-05-25 15:49:00,258.487,258.602,258.19,258.546,47027
2022-05-25 15:48:00,258.709,258.784,258.298,258.497,38049
2022-05-25 15:47:00,258.503,258.769,258.318,258.713,33777
2022-05-25 15:46:00,258.315,258.592,258.268,258.497,30643
2022-05-25 15:45:00,258.68,258.726,258.278,258.319,43290
2022-05-25 15:44:00,258.591,258.739,258.505,258.713,44425
2022-05-25 15:43:00,258.571,258.69,258.446,258.595,43889
2022-05-25 15:42:00,258.394,258.641,258.367,258.557,30946
2022-05-25 15:41:00,258.0,258.552,257.944,258.428,44650
2022-05-25 15:40:00,258.532,258.611,257.973,258.049,61234
2022-05-25 15:39:00,258.67,258.744,258.475,258.58,30773
2022-05-25 15:38:00,258.473,258.749,258.406,258.674,48200
2022-05-25 15:37:00,258.252,258.647,258.17,258.497,39275
2022-05-25 15:36:00,258.611,258.715,258.209,258.27,66946
2022-05-25 15:35:00,258.847,258.887,258.485,258.595,68595
2022-05-25 15:34:00,259.083,259.173,258.633,258.93,55138
2022-05-25 15:33:00,258.901,259.281,258.839,259.137,49478
2022-05-25 15:32:00,259.477,259.606,258.879,258.91,80072
2022-05-25 15:31:00,259.359,259.567,259.253,259.471,38123
2022-05-25 15:30:00,259.192,259.507,259.164,259.319,41263
2022-05-25 15:29:00,259.241,259.33,259.095,259.196,18041
2022-05-25 15:28:00,259.413,259.498,259.066,259.225,36795
2022-05-25 15:27:00,259.383,259.567,259.302,259.412,31112
2022-05-25 15:26:00,259.413,259.537,259.282,259.343,26899
2022-05-25 15:25:00,259.344,259.429,259.144,259.402,27039
2022-05-25 15:24:00,259.251,259.399,259.076,259.353,29844
2022-05-25 15:23:00,259.103,259.271,259.036,259.245,31915
2022-05-25 15:22:00,259.576,259.635,259.095,259.127,41400
2022-05-25 15:21:00,259.328,259.773,259.287,259.565,39256
2022-05-25 15:20:00,259.379,259.507,259.194,259.373,45884
2022-05-25 15:19:00,259.635,259.699,259.272,259.363,38659
2022-05-25 15:18:00,259.723,259.793,259.351,259.609,52301
2022-05-25 15:17:00,259.891,259.975,259.597,259.767,58076
2022-05-25 15:16:00,259.792,260.128,259.715,259.89,47407
2022-05-25 15:15:00,260.107,260.177,259.725,259.806,62250
2022-05-25 15:14:00,260.22,260.315,259.971,260.101,25255
2022-05-25 15:13:00,260.196,260.325,260.094,260.22,24262
2022-05-25 15:12:00,260.324,260.413,260.099,260.2,41250
2022-05-25 15:11:00,260.186,260.403,260.154,260.357,35672
2022-05-25 15:10:00,260.127,260.216,259.991,260.179,24135
2022-05-25 15:09:00,260.196,260.354,259.981,260.141,30170
2022-05-25 15:08:00,260.117,260.433,260.021,260.2,45223
2022-05-25 15:07:00,260.249,260.279,259.834,260.141,44575
2022-05-25 15:06:00,260.225,260.29,260.03,260.239,52991
2022-05-25 15:05:00,260.176,260.285,259.971,260.21,60244
2022-05-25 15:04:00,260.464,260.502,260.04,260.19,29602
2022-05-25 15:03:00,260.324,260.512,259.991,260.466,67524
2022-05-25 15:02:00,260.088,260.438,260.06,260.298,72665
2022-05-25 15:01:00,259.94,260.157,259.814,260.052,65448
2022-05-25 15:00:00,259.635,259.99,259.45,259.954,43803
2022-05-25 14:59:00,259.487,259.715,259.43,259.649,28313
2022-05-25 14:58:00,259.566,259.704,259.42,259.531,55305
2022-05-25 14:57:00,259.802,259.941,259.533,259.565,50831
2022-05-25 14:56:00,259.989,260.049,259.765,259.845,71122
2022-05-25 14:55:00,259.894,260.118,259.804,259.993,88846
2022-05-25 14:54:00,259.595,259.96,259.548,259.89,103383
2022-05-25 14:53:00,259.241,259.665,259.204,259.599,60204
2022-05-25 14:52:00,259.064,259.301,258.908,259.274,38674
2022-05-25 14:51:00,259.457,259.714,259.046,259.087,58680
2022-05-25 14:50:00,258.923,259.586,258.879,259.442,69506
2022-05-25 14:49:00,259.093,259.281,258.751,258.935,45100
2022-05-25 14:48:00,259.211,259.281,259.021,259.127,27502
2022-05-25 14:47:00,259.123,259.311,258.997,259.176,31851
2022-05-25 14:46:00,259.32,259.419,259.007,259.156,38329
2022-05-25 14:45:00,259.192,259.448,258.898,259.294,38799
2022-05-25 14:44:00,259.221,259.429,259.031,259.166,50218
2022-05-25 14:43:00,259.457,259.773,259.144,259.235,82024
2022-05-25 14:42:00,259.054,259.458,258.938,259.432,63945
2022-05-25 14:41:00,258.955,259.251,258.8,259.048,61201
2022-05-25 14:40:00,258.554,259.055,258.526,258.959,37376
2022-05-25 14:39:00,258.631,258.661,258.377,258.605,47965
2022-05-25 14:38:00,258.877,259.055,258.623,258.654,41427
2022-05-25 14:37:00,258.758,258.995,258.692,258.881,34465
2022-05-25 14:36:00,258.946,259.064,258.652,258.792,62164
2022-05-25 14:35:00,258.985,259.251,258.849,258.94,77693
2022-05-25 14:34:00,258.552,259.045,258.524,258.969,79700
2022-05-25 14:33:00,258.375,258.621,258.318,258.546,33078
2022-05-25 14:32:00,258.704,258.749,258.259,258.388,57755
2022-05-25 14:31:00,258.709,258.917,258.603,258.713,36477
2022-05-25 14:30:00,258.719,258.917,258.534,258.723,66025
2022-05-25 14:29:00,258.596,258.848,258.485,258.713,51115
2022-05-25 14:28:00,258.798,258.917,258.436,258.585,62762
2022-05-25 14:27:00,258.611,258.828,258.45,258.802,56617
2022-05-25 14:26:00,258.059,258.68,257.934,258.615,98166
2022-05-25 14:25:00,257.813,258.227,257.727,258.044,53544
2022-05-25 14:24:00,258.099,258.227,257.717,257.804,38834
2022-05-25 14:23:00,257.991,258.218,257.894,258.083,59515
2022-05-25 14:22:00,258.266,258.562,257.963,258.059,47984
2022-05-25 14:21:00,258.03,258.543,257.875,258.29,86410
2022-05-25 14:20:00,257.872,258.159,257.437,258.083,83894
2022-05-25 14:19:00,257.892,258.198,257.569,257.862,67100
2022-05-25 14:18:00,257.912,258.144,257.806,257.876,65824
2022-05-25 14:17:00,258.148,258.178,257.648,257.935,86386
2022-05-25 14:16:00,257.439,258.129,257.264,258.103,90319
2022-05-25 14:15:00,256.927,257.459,256.831,257.394,49054
2022-05-25 14:14:00,256.957,257.174,256.752,256.912,44430
2022-05-25 14:13:00,255.972,256.987,255.911,256.941,45791
2022-05-25 14:12:00,256.366,256.521,255.807,256.026,40638
2022-05-25 14:11:00,256.258,256.691,255.994,256.488,43906
2022-05-25 14:10:00,255.903,256.947,255.876,256.242,106973
2022-05-25 14:09:00,255.716,255.963,255.286,255.75,41674
2022-05-25 14:08:00,255.239,256.189,255.177,255.77,47109
2022-05-25 14:07:00,255.204,255.372,254.725,255.258,51959
2022-05-25 14:06:00,256.346,256.598,255.217,255.267,81097
2022-05-25 14:05:00,256.888,257.331,256.27,256.341,51481
2022-05-25 14:04:00,256.78,257.213,256.467,256.882,43968
2022-05-25 14:03:00,257.449,257.706,256.221,256.764,96734
2022-05-25 14:02:00,256.721,257.853,256.656,257.453,120080
2022-05-25 14:01:00,256.77,257.075,256.339,256.675,48060
2022-05-25 14:00:00,256.297,257.282,255.945,256.793,97741
2022-05-25 13:59:00,256.396,256.504,256.201,256.262,24206
2022-05-25 13:58:00,256.361,256.445,256.29,256.39,14765
2022-05-25 13:57:00,256.278,256.435,256.172,256.365,11683
2022-05-25 13:56:00,256.192,256.322,255.994,256.296,18139
2022-05-25 13:55:00,256.248,256.445,256.142,256.173,13322
2022-05-25 13:54:00,256.258,256.317,256.113,256.291,15408
2022-05-25 13:53:00,256.297,256.367,256.18,256.267,16265
2022-05-25 13:52:00,256.238,256.352,256.142,256.272,17292
2022-05-25 13:51:00,256.415,256.465,256.231,256.281,17472
2022-05-25 13:50:00,256.563,256.608,256.319,256.429,28266
2022-05-25 13:49:00,256.494,256.583,256.378,256.557,19169
2022-05-25 13:48:00,256.353,256.544,256.27,256.469,15655
2022-05-25 13:47:00,256.238,256.357,256.122,256.321,14178
2022-05-25 13:46:00,256.406,256.455,256.201,256.247,21823
2022-05-25 13:45:00,256.484,256.613,256.378,256.409,13485
2022-05-25 13:44:00,256.474,256.573,256.437,256.488,21052
2022-05-25 13:43:00,256.445,256.603,256.3,256.498,30601
2022-05-25 13:42:00,256.11,256.465,256.083,256.439,17241
2022-05-25 13:41:00,256.189,256.258,255.985,256.163,19578
2022-05-25 13:40:00,256.406,256.593,256.211,256.257,51400
2022-05-25 13:39:00,256.396,256.499,256.309,256.419,35163
2022-05-25 13:38:00,256.376,256.603,256.309,256.39,30388
2022-05-25 13:37:00,256.209,256.514,256.181,256.345,51970
2022-05-25 13:36:00,256.199,256.246,256.054,256.218,15374
2022-05-25 13:35:00,255.977,256.248,255.886,256.198,28515
2022-05-25 13:34:00,255.903,256.042,255.78,255.976,28630
2022-05-25 13:33:00,255.596,255.943,255.539,255.917,20035
2022-05-25 13:32:00,255.575,255.697,255.453,255.592,14570
2022-05-25 13:31:00,255.531,255.756,255.453,255.582,19460
2022-05-25 13:30:00,255.519,255.707,255.433,255.523,17149
2022-05-25 13:29:00,255.382,255.726,255.332,255.548,25467
2022-05-25 13:28:00,255.303,255.5,255.276,255.405,12545
2022-05-25 13:27:00,255.451,255.48,255.236,255.415,25471
2022-05-25 13:26:00,255.067,255.441,255.035,255.415,29973
2022-05-25 13:25:00,254.968,255.077,254.764,255.051,18392
2022-05-25 13:24:00,254.9,254.984,254.734,254.958,8985
2022-05-25 13:23:00,254.987,255.077,254.862,254.923,26883
2022-05-25 13:22:00,255.165,255.244,254.938,254.992,19308
2022-05-25 13:21:00,254.948,255.303,254.912,255.218,37222
2022-05-25 13:20:00,255.096,255.155,254.882,254.928,14225
2022-05-25 13:19:00,255.15,255.18,254.961,255.13,26127
2022-05-25 13:18:00,255.372,255.441,255.108,255.159,13835
2022-05-25 13:17:00,255.401,255.441,255.187,255.376,21238
2022-05-25 13:16:00,255.436,255.618,255.335,255.425,29440
2022-05-25 13:15:00,255.332,255.559,255.295,255.417,24006
2022-05-25 13:14:00,255.017,255.352,254.956,255.327,20622
2022-05-25 13:13:00,254.673,255.027,254.646,255.002,13374
2022-05-25 13:12:00,255.027,255.067,254.646,254.706,29201
2022-05-25 13:11:00,255.284,255.313,254.912,255.021,26472
2022-05-25 13:10:00,255.431,255.539,255.217,255.287,17731
2022-05-25 13:09:00,255.441,255.539,255.35,255.445,17676
2022-05-25 13:08:00,255.362,255.49,255.187,255.435,15361
2022-05-25 13:07:00,255.264,255.49,255.237,255.405,11294
2022-05-25 13:06:00,255.598,255.717,255.266,255.297,25715
2022-05-25 13:05:00,255.412,255.618,255.384,255.582,18769
2022-05-25 13:04:00,255.391,255.421,255.217,255.395,14157
2022-05-25 13:03:00,255.528,255.579,255.286,255.366,10843
2022-05-25 13:02:00,255.421,255.579,255.236,255.543,22277
2022-05-25 13:01:00,255.46,255.618,255.384,255.464,11615
2022-05-25 13:00:00,255.726,255.76,255.404,255.448,34925
2022-05-25 12:59:00,255.539,255.805,255.502,255.779,33128
2022-05-25 12:58:00,255.273,255.598,255.246,255.484,47826
2022-05-25 12:57:00,255.057,255.414,255.03,255.267,11453
2022-05-25 12:56:00,255.431,255.466,255.01,255.046,27591
2022-05-25 12:55:00,255.51,255.56,255.355,255.445,14856
2022-05-25 12:54:00,255.5,255.589,255.326,255.504,20107
2022-05-25 12:53:00,255.391,255.52,255.212,255.425,22244
2022-05-25 12:52:00,255.736,255.904,255.345,255.415,66919
2022-05-25 12:51:00,255.618,255.854,255.468,255.77,48967
2022-05-25 12:50:00,255.785,255.894,255.542,255.62,120820
2022-05-25 12:49:00,255.172,256.189,255.141,255.829,263891
2022-05-25 12:48:00,254.978,255.213,254.941,255.169,12462
2022-05-25 12:47:00,255.008,255.106,254.902,254.972,17319
2022-05-25 12:46:00,254.88,255.057,254.823,255.021,11461
2022-05-25 12:45:00,254.857,255.047,254.744,254.888,25549
2022-05-25 12:44:00,254.653,254.88,254.606,254.854,28781
2022-05-25 12:43:00,254.663,254.752,254.523,254.667,27151
2022-05-25 12:42:00,254.84,254.87,254.626,254.657,14732
2022-05-25 12:41:00,254.702,254.84,254.587,254.815,21560
2022-05-25 12:40:00,254.761,254.89,254.695,254.746,20771
2022-05-25 12:39:00,254.939,254.968,254.72,254.765,11696
2022-05-25 12:38:00,254.781,254.998,254.739,254.948,17425
2022-05-25 12:37:00,254.702,254.837,254.597,254.775,19705
2022-05-25 12:36:00,254.939,254.978,254.587,254.696,18204
2022-05-25 12:35:00,254.889,255.018,254.862,254.972,19522
2022-05-25 12:34:00,254.899,255.018,254.808,254.905,16018
2022-05-25 12:33:00,255.096,255.136,254.823,254.903,17048
2022-05-25 12:32:00,255.323,255.461,255.084,255.12,31263
2022-05-25 12:31:00,255.096,255.348,255.049,255.287,31991
2022-05-25 12:30:00,254.973,255.283,254.946,255.061,48567
2022-05-25 12:29:00,254.84,255.018,254.725,254.982,24596
2022-05-25 12:28:00,254.712,254.899,254.606,254.84,22955
2022-05-25 12:27:00,254.742,254.801,254.616,254.746,25332
2022-05-25 12:26:00,254.84,254.919,254.725,254.755,16199
2022-05-25 12:25:00,255.057,255.136,254.803,254.903,16080
2022-05-25 12:24:00,254.988,255.116,254.892,255.071,14638
2022-05-25 12:23:00,254.84,255.067,254.803,254.938,34919
2022-05-25 12:22:00,254.889,254.929,254.665,254.849,54263
2022-05-25 12:21:00,255.057,255.106,254.784,254.911,18259
2022-05-25 12:20:00,255.185,255.234,254.912,255.056,25962
2022-05-25 12:19:00,255.234,255.366,255.02,255.199,20221
2022-05-25 12:18:00,255.254,255.372,255.02,255.248,37312
2022-05-25 12:17:00,255.51,255.677,255.236,255.267,26284
2022-05-25 12:16:00,255.48,255.554,255.355,255.504,22979
2022-05-25 12:15:00,255.692,255.766,255.384,255.471,29172
2022-05-25 12:14:00,255.539,255.736,255.512,255.71,19220
2022-05-25 12:13:00,255.48,255.658,255.423,255.553,23593
2022-05-25 12:12:00,255.638,255.707,255.379,255.465,37687
2022-05-25 12:11:00,255.239,255.677,255.177,255.651,54818
2022-05-25 12:10:00,254.998,255.254,254.843,255.228,41864
2022-05-25 12:09:00,255.283,255.421,254.803,254.972,48460
2022-05-25 12:08:00,255.47,255.5,255.236,255.287,21106
2022-05-25 12:07:00,255.352,255.53,255.256,255.504,23611
2022-05-25 12:06:00,255.497,255.633,255.345,255.376,22410
2022-05-25 12:05:00,255.451,255.618,255.364,255.514,23333
2022-05-25 12:04:00,255.409,255.539,255.374,255.445,9502
2022-05-25 12:03:00,255.608,255.638,255.374,255.425,20696
2022-05-25 12:02:00,255.598,255.707,255.478,255.622,22479
2022-05-25 12:01:00,255.382,255.658,255.236,255.602,22301
2022-05-25 12:00:00,255.465,255.579,255.315,255.425,35232
2022-05-25 11:59:00,255.717,255.766,255.433,255.464,19595
2022-05-25 11:58:00,255.653,255.963,255.626,255.75,22422
2022-05-25 11:57:00,255.716,255.8,255.542,255.661,20839
2022-05-25 11:56:00,255.559,255.795,255.522,255.73,14864
2022-05-25 11:55:00,255.608,255.776,255.463,255.518,13439
2022-05-25 11:54:00,255.864,255.894,255.551,255.594,17663
2022-05-25 11:53:00,255.667,255.943,255.61,255.888,21038
2022-05-25 11:52:00,255.579,255.697,255.453,255.651,25341
2022-05-25 11:51:00,255.716,255.761,255.483,255.563,21249
2022-05-25 11:50:00,255.767,255.835,255.581,255.73,20822
2022-05-25 11:49:00,255.987,256.017,255.709,255.76,63561
2022-05-25 11:48:00,255.669,256.101,255.601,255.986,92707
2022-05-25 11:47:00,255.431,255.736,255.394,255.681,18789
2022-05-25 11:46:00,255.746,255.914,255.335,255.454,74220
2022-05-25 11:45:00,255.519,255.766,255.458,255.74,27492
2022-05-25 11:44:00,255.323,255.864,255.295,255.533,53494
2022-05-25 11:43:00,255.008,255.342,254.941,255.307,61450
2022-05-25 11:42:00,255.106,255.136,254.823,255.031,26791
2022-05-25 11:41:00,255.254,255.352,255.089,255.12,26156
2022-05-25 11:40:00,255.027,255.283,254.939,255.258,26945
2022-05-25 11:39:00,254.958,255.185,254.843,255.011,27120
2022-05-25 11:38:00,254.662,254.954,254.547,254.928,34275
2022-05-25 11:37:00,254.732,254.89,254.601,254.662,31293
2022-05-25 11:36:00,254.417,254.742,254.35,254.687,32670
2022-05-25 11:35:00,254.85,255.008,254.282,254.421,55361
2022-05-25 11:34:00,254.801,254.929,254.597,254.824,29848
2022-05-25 11:33:00,254.93,255.086,254.798,254.888,18282
2022-05-25 11:32:00,255.342,255.47,254.951,254.992,18174
2022-05-25 11:31:00,255.185,255.487,255.03,255.356,18155
2022-05-25 11:30:00,255.278,255.323,254.912,255.208,40458
2022-05-25 11:29:00,255.372,255.47,255.172,255.287,26728
2022-05-25 11:28:00,255.382,255.525,255.227,255.366,17872
2022-05-25 11:27:00,255.303,255.441,255.153,255.376,18052
2022-05-25 11:26:00,255.195,255.342,255.04,255.307,29413
2022-05-25 11:25:00,255.436,255.468,255.172,255.233,12896
2022-05-25 11:24:00,255.46,255.579,255.286,255.415,13981
2022-05-25 11:23:00,255.49,255.549,255.305,255.459,21566
2022-05-25 11:22:00,255.283,255.594,255.246,255.484,54924
2022-05-25 11:21:00,255.135,255.318,254.99,255.267,30866
2022-05-25 11:20:00,255.382,255.421,255.161,255.192,21196
2022-05-25 11:19:00,255.344,255.431,255.182,255.371,19550
2022-05-25 11:18:00,255.406,255.618,255.276,255.327,27672
2022-05-25 11:17:00,255.559,255.677,255.374,255.424,16422
2022-05-25 11:16:00,255.647,255.677,255.246,255.558,63607
2022-05-25 11:15:00,255.416,255.682,255.389,255.642,23376
2022-05-25 11:14:00,255.539,255.648,255.266,255.435,39736
2022-05-25 11:13:00,255.559,255.662,255.384,255.524,48310
2022-05-25 11:12:00,255.165,255.589,255.128,255.563,58125
2022-05-25 11:11:00,255.017,255.303,254.971,255.154,25248
2022-05-25 11:10:00,254.998,255.155,254.931,255.041,28408
2022-05-25 11:09:00,254.82,255.067,254.793,254.992,17753
2022-05-25 11:08:00,255.067,255.214,254.764,254.795,40847
2022-05-25 11:07:00,254.929,255.116,254.793,255.066,33892
2022-05-25 11:06:00,254.568,254.978,254.449,254.933,37418
2022-05-25 11:05:00,254.269,254.673,254.232,254.578,42364
2022-05-25 11:04:00,254.939,254.968,254.085,254.283,65922
2022-05-25 11:03:00,255.352,255.382,254.921,254.957,35800
2022-05-25 11:02:00,255.449,255.53,255.099,255.327,48218
2022-05-25 11:01:00,255.519,255.697,255.423,255.469,39342
2022-05-25 11:00:00,255.638,255.677,255.345,255.494,46054
2022-05-25 10:59:00,255.746,255.825,255.596,255.63,29449
2022-05-25 10:58:00,255.726,255.854,255.591,255.77,33720
2022-05-25 10:57:00,255.574,255.854,255.335,255.696,29931
2022-05-25 10:56:00,255.48,255.746,255.369,255.538,28818
2022-05-25 10:55:00,255.48,255.795,255.369,255.504,40269
2022-05-25 10:54:00,255.47,255.667,255.355,255.454,33485
2022-05-25 10:53:00,255.332,255.648,255.305,255.474,28129
2022-05-25 10:52:00,255.51,255.628,255.315,255.376,25630
2022-05-25 10:51:00,255.879,255.943,255.473,255.504,39421
2022-05-25 10:50:00,255.682,255.933,255.62,255.875,52876
2022-05-25 10:49:00,255.313,255.79,255.227,255.701,26795
2022-05-25 10:48:00,255.574,255.608,255.158,255.366,42098
2022-05-25 10:47:00,255.923,256.071,255.522,255.579,35746
2022-05-25 10:46:00,256.169,256.241,255.876,255.947,49198
2022-05-25 10:45:00,256.14,256.209,255.906,256.154,31288
2022-05-25 10:44:00,255.972,256.189,255.778,256.158,32805
2022-05-25 10:43:00,255.726,255.943,255.512,255.917,32187
2022-05-25 10:42:00,255.647,255.974,255.601,255.692,55745
2022-05-25 10:41:00,256.1,256.136,255.61,255.691,41879
2022-05-25 10:40:00,256.602,256.691,256.053,256.085,31874
2022-05-25 10:39:00,256.622,256.711,256.404,256.552,29806
2022-05-25 10:38:00,256.524,256.741,256.457,256.616,29305
2022-05-25 10:37:00,256.504,256.691,256.467,256.557,44047
2022-05-25 10:36:00,256.691,256.78,256.428,256.488,31714
2022-05-25 10:35:00,256.73,256.869,256.585,256.725,35058
2022-05-25 10:34:00,256.337,256.829,256.28,256.725,76845
2022-05-25 10:33:00,256.154,256.367,256.044,256.326,31860
2022-05-25 10:32:00,256.051,256.229,255.965,256.109,18554
2022-05-25 10:31:00,256.1,256.219,255.975,256.045,43608
2022-05-25 10:30:00,256.12,256.386,255.906,256.065,47358
2022-05-25 10:29:00,256.223,256.396,256.073,256.124,62204
2022-05-25 10:28:00,255.913,256.257,255.866,256.231,135623
2022-05-25 10:27:00,255.626,256.032,255.551,255.907,49006
2022-05-25 10:26:00,255.598,255.815,255.473,255.647,30739
2022-05-25 10:25:00,255.587,255.672,255.463,255.592,36857
2022-05-25 10:24:00,255.618,255.687,255.463,255.563,34736
2022-05-25 10:23:00,255.559,255.638,255.374,255.612,24941
2022-05-25 10:22:00,255.411,255.676,255.34,255.582,18738
2022-05-25 10:21:00,255.539,255.697,255.217,255.346,34139
2022-05-25 10:20:00,255.707,255.736,255.281,255.553,86494
2022-05-25 10:19:00,255.928,256.002,255.591,255.71,55203
2022-05-25 10:18:00,255.126,256.042,254.946,255.907,94685
2022-05-25 10:17:00,255.106,255.48,255.02,255.12,64049
2022-05-25 10:16:00,255.165,255.392,254.882,255.08,65609
2022-05-25 10:15:00,254.978,255.214,254.833,255.146,54837
2022-05-25 10:14:00,254.692,255.175,254.469,254.992,97471
2022-05-25 10:13:00,254.121,254.693,253.996,254.667,57051
2022-05-25 10:12:00,253.541,254.19,253.317,254.106,38799
2022-05-25 10:11:00,253.275,253.895,253.189,253.535,58195
2022-05-25 10:10:00,253.521,253.649,253.189,253.289,60537
2022-05-25 10:09:00,253.457,253.541,253.115,253.515,46399
2022-05-25 10:08:00,253.531,253.846,253.455,253.505,43539
2022-05-25 10:07:00,253.314,253.629,253.228,253.515,55967
2022-05-25 10:06:00,253.629,253.708,253.14,253.417,91392
2022-05-25 10:05:00,254.427,254.456,253.588,253.619,84575
2022-05-25 10:04:00,254.692,254.791,254.321,254.47,41261
2022-05-25 10:03:00,254.564,254.791,254.36,254.657,48765
2022-05-25 10:02:00,254.486,254.85,254.36,254.529,56354
2022-05-25 10:01:00,255.155,255.185,254.124,254.5,47518
2022-05-25 10:00:00,255.234,255.372,254.698,255.1,46172
2022-05-25 09:59:00,255.037,255.569,254.961,255.248,59130
2022-05-25 09:58:00,255.134,255.441,254.774,255.031,30285
2022-05-25 09:57:00,255.273,255.51,254.872,255.139,57239
2022-05-25 09:56:00,255.067,255.431,254.961,255.317,63451
2022-05-25 09:55:00,254.752,255.2,254.544,255.051,54223
2022-05-25 09:54:00,254.624,255.116,254.508,254.755,47806
2022-05-25 09:53:00,254.594,255.018,254.473,254.627,41372
2022-05-25 09:52:00,254.712,255.047,254.341,254.613,49838
2022-05-25 09:51:00,255.342,255.598,254.572,254.765,59146
2022-05-25 09:50:00,255.175,255.48,254.956,255.297,61545
2022-05-25 09:49:00,255.362,255.51,255.069,255.159,28107
2022-05-25 09:48:00,255.795,256.032,255.345,255.415,54453
2022-05-25 09:47:00,256.406,256.504,255.542,255.779,54743
2022-05-25 09:46:00,256.583,256.928,256.349,256.439,76205
2022-05-25 09:45:00,256.11,257.331,256.053,256.577,114624
2022-05-25 09:44:00,255.962,256.229,255.724,256.114,53940
2022-05-25 09:43:00,255.971,256.125,255.502,255.937,48852
2022-05-25 09:42:00,255.913,256.273,255.866,255.98,62159
2022-05-25 09:41:00,256.445,256.642,255.807,255.927,103302
2022-05-25 09:40:00,255.569,256.593,255.542,256.513,86972
2022-05-25 09:39:00,255.824,256.012,255.266,255.563,70408
2022-05-25 09:38:00,255.342,256.051,255.217,255.838,120714
2022-05-25 09:37:00,255.5,255.854,255.217,255.395,69942
2022-05-25 09:36:00,255.067,255.717,254.961,255.514,101665
2022-05-25 09:35:00,254.742,255.072,254.469,255.046,61799
2022-05-25 09:34:00,254.894,255.224,254.449,254.657,65799
2022-05-25 09:33:00,254.653,255.003,254.222,254.854,50422
2022-05-25 09:32:00,254.338,254.702,254.026,254.618,61998
2022-05-25 09:31:00,254.535,254.83,254.016,254.322,64798
2022-05-25 09:30:00,254.141,255.146,253.524,254.588,421833
2022-05-25 09:29:00,254.249,254.279,254.075,254.106,513
2022-05-25 09:28:00,254.397,254.427,254.37,254.401,972
2022-05-25 09:27:00,254.545,254.574,254.242,254.273,3084
2022-05-25 09:25:00,254.633,254.663,254.606,254.637,497
2022-05-25 09:24:00,254.889,254.919,254.862,254.893,804
2022-05-25 09:23:00,254.722,254.801,254.695,254.775,315
2022-05-25 09:22:00,254.692,254.722,254.665,254.696,100
2022-05-25 09:18:00,254.692,254.722,254.665,254.696,1644
2022-05-25 09:17:00,254.545,254.722,254.518,254.696,640
2022-05-25 09:14:00,254.614,254.643,254.508,254.539,224
2022-05-25 09:13:00,254.643,254.722,254.577,254.696,450
2022-05-25 09:12:00,254.82,254.85,254.793,254.824,1100
2022-05-25 09:11:00,254.82,254.85,254.793,254.824,226
2022-05-25 09:09:00,254.535,254.565,254.508,254.539,100
2022-05-25 09:08:00,254.948,254.978,254.921,254.952,100
2022-05-25 09:07:00,254.633,254.752,254.606,254.726,215
2022-05-25 09:05:00,254.407,254.437,254.38,254.411,200
2022-05-25 09:04:00,254.614,254.643,254.478,254.509,3317
2022-05-25 09:03:00,254.614,254.752,254.587,254.726,557
2022-05-25 09:02:00,254.752,254.781,254.715,254.746,566
2022-05-25 09:00:00,254.653,255.018,254.587,254.952,2693
2022-05-25 08:59:00,254.771,254.821,254.626,254.657,8344
2022-05-25 08:58:00,254.689,254.821,254.662,254.795,2435
2022-05-25 08:57:00,254.397,254.604,254.37,254.578,2082
2022-05-25 08:52:00,254.594,254.624,254.567,254.598,100
2022-05-25 08:51:00,254.496,254.574,254.469,254.549,407
2022-05-25 08:50:00,254.466,254.496,254.439,254.47,300
2022-05-25 08:49:00,254.299,254.328,254.173,254.204,2032
2022-05-25 08:48:00,254.299,254.328,254.272,254.303,200
2022-05-25 08:47:00,254.318,254.348,254.291,254.322,200
2022-05-25 08:46:00,254.348,254.378,254.321,254.352,199
2022-05-25 08:45:00,254.731,254.76,254.704,254.735,100
2022-05-25 08:42:00,254.269,254.299,254.242,254.273,100
2022-05-25 08:41:00,254.309,254.634,254.154,254.608,764
2022-05-25 08:40:00,254.604,254.634,254.37,254.401,500
2022-05-25 08:39:00,254.692,254.722,254.665,254.696,100
2022-05-25 08:37:00,254.643,254.673,254.597,254.627,592
2022-05-25 08:36:00,254.702,254.732,254.665,254.696,674
2022-05-25 08:35:00,254.889,254.919,254.764,254.795,1713
2022-05-25 08:34:00,254.436,254.919,254.41,254.893,11615
2022-05-25 08:33:00,254.003,254.466,253.976,254.44,3752
2022-05-25 08:32:00,254.289,254.318,254.026,254.056,890
2022-05-25 08:31:00,254.003,254.279,253.839,253.869,1711
2022-05-25 08:30:00,254.003,254.043,253.799,253.83,2188
2022-05-25 08:24:00,254.299,254.328,254.272,254.303,1718
2022-05-25 08:23:00,254.279,254.328,254.252,254.303,498
2022-05-25 08:20:00,254.013,254.043,253.986,254.017,100
2022-05-25 08:16:00,254.299,254.328,254.272,254.303,496
2022-05-25 08:15:00,254.22,254.328,254.193,254.303,2642
2022-05-25 08:14:00,254.22,254.25,254.193,254.224,2530
2022-05-25 08:13:00,254.003,254.033,253.976,254.007,2998
2022-05-25 08:12:00,253.807,253.836,253.78,253.811,550
2022-05-25 08:10:00,253.806,253.836,253.779,253.81,117
2022-05-25 08:09:00,254.003,254.033,253.976,254.007,1992
2022-05-25 08:07:00,253.905,253.934,253.878,253.909,100
2022-05-25 08:06:00,254.021,254.161,253.927,254.007,2886
2022-05-25 08:05:00,254.249,254.279,254.222,254.253,466
2022-05-25 08:04:00,254.013,254.043,253.986,254.017,100
2022-05-25 08:02:00,254.368,254.989,254.341,254.963,945
2022-05-25 08:01:00,254.013,254.043,253.987,254.017,100
2022-05-25 08:00:00,255.103,255.992,253.829,254.696,15355
2022-05-25 07:58:00,254.397,254.427,254.37,254.401,388
2022-05-25 07:57:00,254.417,254.446,254.39,254.421,100
2022-05-25 07:56:00,254.2,254.506,254.173,254.48,570
2022-05-25 07:51:00,254.151,254.279,254.124,254.253,832
2022-05-25 07:50:00,254.121,254.151,253.967,253.997,842
2022-05-25 07:49:00,254.072,254.279,254.045,254.253,279
2022-05-25 07:46:00,253.954,253.984,253.927,253.958,651
2022-05-25 07:44:00,254.013,254.043,253.957,253.988,372
2022-05-25 07:41:00,254.309,254.338,253.976,254.234,5465
2022-05-25 07:40:00,254.348,254.378,254.291,254.322,400
2022-05-25 07:39:00,254.397,254.427,254.37,254.401,100
2022-05-25 07:38:00,254.368,254.486,254.321,254.46,1097
2022-05-25 07:37:00,254.377,254.407,254.35,254.381,100
2022-05-25 07:36:00,254.436,254.476,254.41,254.45,300
2022-05-25 07:35:00,254.259,254.437,254.232,254.372,858
2022-05-25 07:32:00,254.604,254.634,254.577,254.608,191
2022-05-25 07:31:00,254.397,254.614,254.37,254.588,442
2022-05-25 07:30:00,254.328,254.358,254.252,254.283,200
2022-05-25 07:27:00,254.053,254.082,253.976,254.007,1330
2022-05-25 07:26:00,254.407,254.437,253.779,253.997,3065
2022-05-25 07:25:00,254.564,254.594,254.38,254.411,328
2022-05-25 07:23:00,255.047,255.077,254.833,254.864,1171
2022-05-25 07:22:00,255.086,255.116,255.059,255.09,750
2022-05-25 07:21:00,255.372,255.402,255.335,255.376,400
2022-05-25 07:14:00,255.431,255.51,255.404,255.484,996
2022-05-25 07:12:00,255.657,255.687,255.286,255.317,1467
2022-05-25 07:11:00,255.529,255.559,255.473,255.533,819
2022-05-25 07:06:00,255.795,255.914,255.768,255.888,666
2022-05-25 07:02:00,255.579,255.608,255.551,255.582,1136
2022-05-25 07:01:00,255.382,255.411,255.355,255.386,100
2022-05-25 07:00:00,255.421,255.451,255.345,255.376,427
2022-05-25 06:57:00,255.372,255.402,255.345,255.376,209
2022-05-25 06:56:00,255.372,255.402,255.345,255.376,218
2022-05-25 06:50:00,255.598,255.628,255.571,255.602,410
2022-05-25 06:49:00,255.598,255.628,255.571,255.602,193
2022-05-25 06:48:00,255.598,255.628,255.571,255.602,500
2022-05-25 06:46:00,255.598,255.628,255.571,255.602,125
2022-05-25 06:27:00,255.775,255.805,255.748,255.779,107
2022-05-25 06:06:00,255.844,255.874,255.817,255.848,100
2022-05-25 06:01:00,255.687,255.717,255.66,255.691,100
2022-05-25 05:51:00,255.549,255.658,255.522,255.632,446
2022-05-25 05:26:00,255.017,255.047,254.961,254.992,1675
2022-05-25 05:23:00,254.998,255.037,254.971,255.011,219
2022-05-25 05:18:00,254.988,255.018,254.961,254.992,959
2022-05-25 05:16:00,254.811,254.84,254.784,254.815,100
2022-05-25 05:13:00,254.82,254.85,254.764,254.795,330
2022-05-25 05:12:00,255.106,255.136,255.059,255.09,218
2022-05-25 05:11:00,255.086,255.116,255.059,255.09,105
2022-05-25 04:32:00,255.825,255.854,255.798,255.829,188
2022-05-25 04:26:00,255.913,255.943,255.886,255.917,100
2022-05-25 04:25:00,255.441,255.47,255.384,255.435,500
2022-05-25 04:24:00,255.657,255.687,255.63,255.661,100
2022-05-25 04:15:00,255.579,255.608,255.551,255.582,304
2022-05-25 04:12:00,255.382,255.411,255.355,255.386,100
2022-05-25 04:07:00,255.677,255.707,255.65,255.681,100
2022-05-25 04:04:00,256.169,256.199,256.142,256.173,107
2022-05-25 04:02:00,256.071,256.101,255.522,255.553,603
2022-05-25 04:01:00,256.366,256.396,256.132,256.163,382
2022-05-24 19:59:00,257.744,257.873,257.717,257.847,221
2022-05-24 19:58:00,257.656,257.686,257.53,257.561,1212
2022-05-24 19:57:00,257.548,257.686,257.52,257.66,3227
2022-05-24 19:56:00,257.548,257.578,257.52,257.552,436
2022-05-24 19:55:00,257.498,257.578,257.471,257.552,225
2022-05-24 19:54:00,257.557,257.587,257.471,257.502,507
2022-05-24 19:53:00,257.597,257.627,257.569,257.601,300
2022-05-24 19:52:00,257.498,257.528,257.471,257.502,200
2022-05-24 19:46:00,257.616,257.647,257.579,257.611,400
2022-05-24 19:45:00,257.488,257.519,257.461,257.492,100
2022-05-24 19:44:00,257.666,257.696,257.629,257.66,744
2022-05-24 19:43:00,257.695,257.725,257.648,257.68,1600
2022-05-24 19:42:00,257.794,257.824,257.766,257.798,1200
2022-05-24 19:40:00,257.794,257.824,257.766,257.798,275
2022-05-24 19:39:00,257.666,257.814,257.638,257.788,300
2022-05-24 19:38:00,257.666,257.696,257.638,257.67,124
2022-05-24 19:34:00,257.744,257.775,257.717,257.748,1000
2022-05-24 19:32:00,257.744,257.775,257.717,257.748,500
2022-05-24 19:31:00,257.666,257.696,257.638,257.67,300
2022-05-24 19:29:00,257.744,257.873,257.717,257.847,396
2022-05-24 19:27:00,257.843,257.873,257.816,257.847,332
2022-05-24 19:25:00,257.843,257.873,257.816,257.847,473
2022-05-24 19:22:00,257.813,257.843,257.786,257.817,634
2022-05-24 19:21:00,257.813,257.843,257.786,257.817,450
2022-05-24 19:19:00,257.695,257.735,257.668,257.709,338
2022-05-24 19:16:00,257.922,257.971,257.894,257.945,2080
2022-05-24 19:15:00,257.931,257.962,257.904,257.935,100
2022-05-24 19:14:00,257.931,257.962,257.904,257.935,199
2022-05-24 19:12:00,257.912,257.962,257.884,257.935,918
2022-05-24 19:11:00,257.892,257.922,257.865,257.896,117
2022-05-24 19:10:00,257.843,257.873,257.816,257.847,100
2022-05-24 19:09:00,257.872,257.903,257.845,257.876,100
2022-05-24 19:08:00,257.882,257.922,257.855,257.896,556
2022-05-24 19:06:00,257.695,257.922,257.668,257.896,1827
2022-05-24 19:02:00,257.567,257.597,257.54,257.571,956
2022-05-24 18:59:00,257.449,257.479,257.422,257.453,1000
2022-05-24 18:57:00,257.351,257.381,257.323,257.355,500
2022-05-24 18:52:00,257.479,257.509,257.451,257.483,125
2022-05-24 18:51:00,257.479,257.509,257.451,257.483,100
2022-05-24 18:47:00,257.479,257.509,257.441,257.483,1300
2022-05-24 18:45:00,257.498,257.528,257.471,257.502,100
2022-05-24 18:42:00,257.548,257.578,257.52,257.552,554
2022-05-24 18:41:00,257.548,257.578,257.52,257.552,100
2022-05-24 18:39:00,257.498,257.528,257.471,257.502,200
2022-05-24 18:37:00,257.597,257.627,257.569,257.601,100
2022-05-24 18:36:00,257.823,257.863,257.569,257.601,933
2022-05-24 18:35:00,257.597,257.863,257.569,257.837,710
2022-05-24 18:34:00,257.577,257.607,257.55,257.581,163
2022-05-24 18:27:00,257.429,257.459,257.402,257.433,164
2022-05-24 18:24:00,257.42,257.469,257.392,257.443,213
2022-05-24 18:22:00,257.429,257.459,257.402,257.433,100
2022-05-24 18:19:00,257.203,257.233,257.176,257.207,1000
2022-05-24 18:18:00,257.213,257.243,257.186,257.217,400
2022-05-24 18:17:00,257.439,257.469,257.176,257.305,300
2022-05-24 18:16:00,257.4,257.469,257.373,257.443,1214
2022-05-24 18:15:00,257.439,257.469,257.412,257.443,800
2022-05-24 18:14:00,257.449,257.479,257.422,257.453,100
2022-05-24 18:12:00,257.646,257.676,257.619,257.65,100
2022-05-24 18:11:00,257.144,257.725,257.117,257.699,1077
2022-05-24 18:00:00,256.937,257.036,256.91,257.01,575
2022-05-24 17:58:00,256.937,256.967,256.91,256.941,160
2022-05-24 17:56:00,256.998,257.028,256.971,257.002,100
2022-05-24 17:55:00,256.957,256.987,256.93,256.961,706
2022-05-24 17:54:00,256.927,256.957,256.9,256.931,334
2022-05-24 17:47:00,256.874,256.904,256.847,256.878,100
2022-05-24 17:41:00,256.977,257.007,256.95,256.981,100
2022-05-24 17:40:00,256.878,256.908,256.851,256.882,198
2022-05-24 17:39:00,256.878,256.908,256.851,256.882,300
2022-05-24 17:34:00,256.996,257.066,256.969,257.03,2513
2022-05-24 17:33:00,256.947,256.977,256.9,256.931,597
2022-05-24 17:30:00,257.036,257.066,256.959,256.99,300
2022-05-24 17:29:00,256.957,257.016,256.93,256.99,200
2022-05-24 17:28:00,257.036,257.066,257.008,257.04,250
2022-05-24 17:26:00,257.006,257.036,256.979,257.01,250
2022-05-24 17:25:00,257.055,257.085,257.028,257.059,100
2022-05-24 17:24:00,257.006,257.036,256.979,257.01,500
2022-05-24 17:22:00,256.986,257.036,256.959,257.01,200
2022-05-24 17:20:00,256.947,256.977,256.92,256.951,200
2022-05-24 17:17:00,256.996,257.026,256.939,256.971,445
2022-05-24 17:16:00,257.105,257.135,257.077,257.108,100
2022-05-24 17:15:00,256.977,257.007,256.949,256.981,100
2022-05-24 17:14:00,256.977,257.007,256.949,256.981,100
2022-05-24 17:13:00,257.105,257.135,257.077,257.108,890
2022-05-24 17:12:00,257.105,257.164,257.077,257.108,1090
2022-05-24 17:11:00,257.006,257.036,256.979,257.01,263
2022-05-24 17:05:00,257.134,257.174,257.107,257.148,1101
2022-05-24 17:02:00,257.154,257.184,257.126,257.158,100
2022-05-24 17:01:00,257.203,257.233,256.88,257.148,1960
2022-05-24 17:00:00,256.859,257.066,256.831,257.04,1600
2022-05-24 16:59:00,256.849,256.888,256.733,256.862,4608
2022-05-24 16:58:00,256.721,256.79,256.683,256.764,654
2022-05-24 16:57:00,256.563,256.741,256.536,256.715,945
2022-05-24 16:56:00,256.465,256.544,256.437,256.518,2162
2022-05-24 16:55:00,256.465,256.495,256.437,256.469,300
2022-05-24 16:54:00,256.563,256.593,256.536,256.567,258
2022-05-24 16:52:00,256.514,256.642,256.487,256.616,1216
2022-05-24 16:51:00,256.474,256.583,256.447,256.518,1592
2022-05-24 16:50:00,256.474,256.504,256.388,256.478,1800
2022-05-24 16:49:00,256.455,256.485,256.428,256.459,300
2022-05-24 16:48:00,256.415,256.445,256.388,256.419,100
2022-05-24 16:47:00,256.415,256.445,256.388,256.419,200
2022-05-24 16:46:00,256.455,256.495,256.29,256.419,4070
2022-05-24 16:45:00,256.297,256.347,256.27,256.321,1699
2022-05-24 16:42:00,256.228,256.258,256.191,256.222,827
2022-05-24 16:41:00,256.189,256.386,256.162,256.272,2032
2022-05-24 16:40:00,256.268,256.298,256.241,256.272,940
2022-05-24 16:39:00,256.199,256.268,256.172,256.242,600
2022-05-24 16:36:00,256.228,256.258,256.142,256.173,400
2022-05-24 16:35:00,256.081,256.199,256.053,256.173,4265
2022-05-24 16:33:00,256.11,256.219,256.063,256.193,3356
2022-05-24 16:28:00,256.12,256.17,256.083,256.144,1548
2022-05-24 16:25:00,256.11,256.14,256.083,256.114,200
2022-05-24 16:24:00,255.992,256.022,255.965,255.996,137
2022-05-24 16:23:00,256.1,256.13,256.004,256.035,446
2022-05-24 16:22:00,256.12,256.15,256.073,256.104,200
2022-05-24 16:21:00,256.228,256.258,256.142,256.173,8490
2022-05-24 16:20:00,256.504,256.534,256.191,256.222,1042
2022-05-24 16:19:00,256.612,256.642,256.526,256.557,5099
2022-05-24 16:18:00,256.612,256.691,255.571,256.626,1147
2022-05-24 16:17:00,256.622,256.652,256.595,256.626,100
2022-05-24 16:16:00,256.563,256.691,256.536,256.567,6200
2022-05-24 16:15:00,256.514,256.731,256.487,256.705,2174
2022-05-24 16:14:00,256.504,256.534,256.477,256.508,100
2022-05-24 16:12:00,256.415,256.485,256.388,256.459,600
2022-05-24 16:11:00,256.415,256.445,256.388,256.419,225
2022-05-24 16:10:00,256.563,256.593,256.359,256.4,3499
2022-05-24 16:09:00,256.563,256.603,255.571,256.567,19744
2022-05-24 16:08:00,256.563,256.593,256.437,256.567,4809
2022-05-24 16:07:00,256.514,256.672,256.487,256.646,400
2022-05-24 16:06:00,256.593,256.623,256.418,256.449,200
2022-05-24 16:05:00,256.711,256.741,256.674,256.705,3894
2022-05-24 16:04:00,256.661,256.888,253.392,256.862,13864
2022-05-24 16:03:00,256.484,256.869,256.437,256.665,6463
2022-05-24 16:02:00,256.337,256.573,255.571,256.459,120251
2022-05-24 16:01:00,255.844,256.593,255.571,255.602,56676
2022-05-24 16:00:00,255.756,255.992,255.542,255.779,2824490
2022-05-24 15:59:00,255.446,256.16,255.158,255.976,656854
2022-05-24 15:58:00,255.529,255.677,255.345,255.45,163743
2022-05-24 15:57:00,255.234,255.667,255.03,255.528,165891
2022-05-24 15:56:00,255.318,255.347,255.01,255.258,102480
2022-05-24 15:55:00,255.096,255.411,254.852,255.336,168102
2022-05-24 15:54:00,255.46,255.52,255.0,255.13,119691
2022-05-24 15:53:00,255.529,255.628,255.02,255.484,93341
2022-05-24 15:52:00,255.953,256.012,255.473,255.553,67018
2022-05-24 15:51:00,255.623,255.982,255.402,255.927,86963
2022-05-24 15:50:00,256.179,256.455,255.463,255.602,119937
2022-05-24 15:49:00,256.425,256.455,255.837,256.183,85506
2022-05-24 15:48:00,256.307,256.573,256.093,256.429,84772
2022-05-24 15:47:00,255.933,256.445,255.886,256.296,62666
2022-05-24 15:46:00,256.474,256.504,255.896,255.942,43606
2022-05-24 15:45:00,255.677,256.514,255.571,256.449,77327
2022-05-24 15:44:00,256.297,256.327,255.659,255.71,116743
2022-05-24 15:43:00,256.661,256.869,256.27,256.301,46677
2022-05-24 15:42:00,256.406,256.829,256.359,256.665,81212
2022-05-24 15:41:00,256.366,256.652,256.329,256.4,155922
2022-05-24 15:40:00,256.622,256.77,256.319,256.37,89790
2022-05-24 15:39:00,256.799,257.312,256.516,256.567,152635
2022-05-24 15:38:00,256.583,256.859,256.512,256.793,52489
2022-05-24 15:37:00,256.474,256.78,256.447,256.547,97705
2022-05-24 15:36:00,256.287,256.696,256.221,256.518,140700
2022-05-24 15:35:00,255.559,256.337,255.532,256.272,128042
2022-05-24 15:34:00,255.662,255.726,255.443,255.563,39574
2022-05-24 15:33:00,255.529,255.697,255.374,255.671,37515
2022-05-24 15:32:00,255.323,255.746,255.236,255.539,148262
2022-05-24 15:31:00,255.47,255.618,255.108,255.343,68958
2022-05-24 15:30:00,255.372,255.558,255.187,255.445,35700
2022-05-24 15:29:00,255.047,255.431,254.882,255.395,77415
2022-05-24 15:28:00,255.633,255.677,255.02,255.066,63972
2022-05-24 15:27:00,255.342,255.845,255.256,255.612,65880
2022-05-24 15:26:00,255.076,255.416,255.02,255.391,37228
2022-05-24 15:25:00,255.234,255.283,254.971,255.08,35011
2022-05-24 15:24:00,255.332,255.549,255.187,255.248,40590
2022-05-24 15:23:00,255.364,255.5,255.158,255.336,46073
2022-05-24 15:22:00,254.973,255.579,254.946,255.388,90259
2022-05-24 15:21:00,254.466,255.047,254.367,254.961,34619
2022-05-24 15:20:00,254.781,254.821,254.262,254.391,61645
2022-05-24 15:19:00,254.988,255.018,254.636,254.785,60994
2022-05-24 15:18:00,255.195,255.461,255.01,255.041,59273
2022-05-24 15:17:00,254.973,255.205,254.813,255.139,33082
2022-05-24 15:16:00,254.663,255.096,254.606,254.982,43923
2022-05-24 15:15:00,254.919,255.027,254.617,254.662,43595
2022-05-24 15:14:00,254.684,254.929,254.657,254.864,42596
2022-05-24 15:13:00,254.83,254.949,254.636,254.716,40375
2022-05-24 15:12:00,254.756,254.998,254.646,254.834,46839
2022-05-24 15:11:00,254.712,254.865,254.587,254.736,24980
2022-05-24 15:10:00,254.289,254.978,254.262,254.721,65124
2022-05-24 15:09:00,254.289,254.446,254.144,254.293,35437
2022-05-24 15:08:00,254.358,254.515,254.085,254.293,40804
2022-05-24 15:07:00,254.545,254.707,254.321,254.352,21190
2022-05-24 15:06:00,254.574,254.702,254.39,254.52,39112
2022-05-24 15:05:00,254.23,254.702,254.203,254.583,38609
2022-05-24 15:04:00,254.387,254.456,254.144,254.263,52700
2022-05-24 15:03:00,253.767,254.446,253.701,254.377,61392
2022-05-24 15:02:00,253.816,253.884,253.612,253.81,23579
2022-05-24 15:01:00,253.639,253.915,253.563,253.8,39874
2022-05-24 15:00:00,253.639,253.735,253.474,253.653,27420
2022-05-24 14:59:00,253.614,253.752,253.484,253.687,43161
2022-05-24 14:58:00,253.575,253.757,253.484,253.599,46582
2022-05-24 14:57:00,253.403,253.678,253.327,253.584,31586
2022-05-24 14:56:00,253.186,253.482,253.13,253.407,28779
2022-05-24 14:55:00,253.324,253.354,253.022,253.156,38227
2022-05-24 14:54:00,253.349,253.413,253.189,253.293,26420
2022-05-24 14:53:00,253.521,253.61,253.218,253.387,18272
2022-05-24 14:52:00,253.58,253.669,253.277,253.545,30224
2022-05-24 14:51:00,253.354,253.619,253.233,253.574,42736
2022-05-24 14:50:00,253.413,253.58,253.238,253.348,40986
2022-05-24 14:49:00,253.716,253.745,253.204,253.427,37592
2022-05-24 14:48:00,253.993,254.072,253.495,253.712,45568
2022-05-24 14:47:00,253.905,254.082,253.779,253.997,34752
2022-05-24 14:46:00,253.856,254.023,253.76,253.928,29057
2022-05-24 14:45:00,253.875,254.062,253.73,253.869,34370
2022-05-24 14:44:00,254.062,254.131,253.839,253.928,63720
2022-05-24 14:43:00,254.519,254.594,254.016,254.066,45516
2022-05-24 14:42:00,254.706,254.84,254.39,254.527,38155
2022-05-24 14:41:00,254.84,254.899,254.582,254.731,42585
2022-05-24 14:40:00,254.884,255.293,254.833,254.864,44405
2022-05-24 14:39:00,254.953,255.008,254.823,254.864,29072
2022-05-24 14:38:00,254.633,255.096,254.508,255.031,32398
2022-05-24 14:37:00,254.574,254.732,254.429,254.652,7163
2022-05-24 14:36:00,254.791,254.83,254.41,254.529,16963
2022-05-24 14:35:00,254.673,254.958,254.547,254.765,34083
2022-05-24 14:34:00,254.584,254.811,254.429,254.706,34081
2022-05-24 14:33:00,254.584,254.663,254.391,254.578,22489
2022-05-24 14:32:00,254.353,254.693,254.326,254.568,41429
2022-05-24 14:31:00,254.358,254.476,254.085,254.312,31882
2022-05-24 14:30:00,254.299,254.496,254.203,254.352,27015
2022-05-24 14:29:00,254.535,254.663,254.272,254.308,24128
2022-05-24 14:28:00,254.692,254.801,254.552,254.593,13583
2022-05-24 14:27:00,254.712,254.781,254.587,254.677,10839
2022-05-24 14:26:00,254.83,254.909,254.587,254.815,31718
2022-05-24 14:25:00,254.771,255.116,254.636,254.844,24833
2022-05-24 14:24:00,254.545,254.83,254.396,254.736,40608
2022-05-24 14:23:00,254.486,254.781,254.429,254.549,30246
2022-05-24 14:22:00,254.422,254.624,254.326,254.44,26460
2022-05-24 14:21:00,254.22,254.486,254.193,254.44,31862
2022-05-24 14:20:00,254.436,254.486,253.996,254.224,42986
2022-05-24 14:19:00,254.407,254.547,254.311,254.46,15413
2022-05-24 14:18:00,254.83,254.904,254.35,254.416,50391
2022-05-24 14:17:00,254.899,254.968,254.715,254.81,31066
2022-05-24 14:16:00,254.889,254.963,254.754,254.854,17959
2022-05-24 14:15:00,254.978,255.136,254.725,254.815,23645
2022-05-24 14:14:00,255.158,255.313,254.715,254.977,44995
2022-05-24 14:13:00,255.549,255.608,255.074,255.144,29788
2022-05-24 14:12:00,255.51,255.618,255.355,255.55,32803
2022-05-24 14:11:00,255.224,255.717,255.158,255.504,88706
2022-05-24 14:10:00,254.958,255.244,254.843,255.174,44642
2022-05-24 14:09:00,254.535,255.185,254.508,254.943,57415
2022-05-24 14:08:00,254.387,254.574,254.203,254.46,26481
2022-05-24 14:07:00,254.181,254.417,254.154,254.386,27716
2022-05-24 14:06:00,254.121,254.279,254.065,254.14,21211
2022-05-24 14:05:00,253.964,254.161,253.848,254.096,27984
2022-05-24 14:04:00,254.181,254.259,253.858,253.928,24132
2022-05-24 14:03:00,254.171,254.387,254.045,254.155,19495
2022-05-24 14:02:00,254.151,254.289,253.986,254.162,26011
2022-05-24 14:01:00,254.569,254.643,254.045,254.135,32991
2022-05-24 14:00:00,254.653,254.683,254.478,254.549,30928
2022-05-24 13:59:00,254.653,254.742,254.528,254.608,27296
2022-05-24 13:58:00,254.584,254.683,254.469,254.637,13844
2022-05-24 13:57:00,254.876,254.909,254.557,254.598,30914
2022-05-24 13:56:00,254.958,255.106,254.774,254.864,19564
2022-05-24 13:55:00,254.818,254.998,254.695,254.933,13543
2022-05-24 13:54:00,254.88,255.096,254.661,254.765,37439
2022-05-24 13:53:00,254.82,254.998,254.665,254.864,39859
2022-05-24 13:52:00,254.958,254.998,254.695,254.815,15496
2022-05-24 13:51:00,254.87,254.998,254.739,254.883,25218
2022-05-24 13:50:00,254.792,254.899,254.661,254.824,17568
2022-05-24 13:49:00,254.604,254.86,254.577,254.834,28018
2022-05-24 13:48:00,254.628,254.712,254.469,254.568,14046
2022-05-24 13:47:00,254.811,254.909,254.478,254.568,36588
2022-05-24 13:46:00,254.968,255.402,254.774,254.815,61867
2022-05-24 13:45:00,254.663,254.988,254.547,254.962,18458
2022-05-24 13:44:00,254.692,254.742,254.464,254.657,20656
2022-05-24 13:43:00,254.633,254.712,254.488,254.677,38710
2022-05-24 13:42:00,254.85,254.88,254.557,254.603,27859
2022-05-24 13:41:00,254.673,255.018,254.625,254.785,45631
2022-05-24 13:40:00,254.082,254.698,254.011,254.659,51976
2022-05-24 13:39:00,254.053,254.131,253.898,254.096,25016
2022-05-24 13:38:00,253.669,254.112,253.602,254.075,32596
2022-05-24 13:37:00,253.314,253.698,253.159,253.673,23407
2022-05-24 13:36:00,253.265,253.58,253.191,253.417,18885
2022-05-24 13:35:00,253.255,253.344,253.169,253.249,8137
2022-05-24 13:34:00,253.147,253.363,253.089,253.269,8476
2022-05-24 13:33:00,252.911,253.245,252.805,253.2,13829
2022-05-24 13:32:00,252.967,253.058,252.874,252.929,11583
2022-05-24 13:31:00,253.141,253.227,252.923,252.983,19292
2022-05-24 13:30:00,253.285,253.354,253.002,253.121,18085
2022-05-24 13:29:00,253.019,253.413,252.992,253.289,21874
2022-05-24 13:28:00,252.92,253.043,252.874,253.006,10754
2022-05-24 13:27:00,253.014,253.176,252.859,252.993,11532
2022-05-24 13:26:00,252.763,253.058,252.716,253.033,19090
2022-05-24 13:25:00,252.876,252.989,252.707,252.767,6123
2022-05-24 13:24:00,253.048,253.137,252.845,252.875,9288
2022-05-24 13:23:00,252.871,253.057,252.825,253.023,13582
2022-05-24 13:22:00,252.95,252.989,252.756,252.885,16655
2022-05-24 13:21:00,253.078,253.226,252.834,252.939,22044
2022-05-24 13:20:00,253.119,253.186,252.895,253.111,26621
2022-05-24 13:19:00,253.294,253.408,253.071,253.131,20270
2022-05-24 13:18:00,253.053,253.442,253.026,253.308,25233
2022-05-24 13:17:00,252.95,253.211,252.854,253.045,35105
2022-05-24 13:16:00,252.837,252.965,252.716,252.914,17165
2022-05-24 13:15:00,252.93,253.07,252.766,252.86,18056
2022-05-24 13:14:00,252.999,253.107,252.825,252.954,69385
2022-05-24 13:13:00,252.778,253.038,252.751,253.008,31934
2022-05-24 13:12:00,252.783,252.979,252.706,252.806,42114
2022-05-24 13:11:00,252.625,252.871,252.583,252.816,33180
2022-05-24 13:10:00,252.714,252.762,252.519,252.646,32412
2022-05-24 13:09:00,252.704,252.802,252.618,252.708,22578
2022-05-24 13:08:00,252.851,252.925,252.655,252.708,21169
2022-05-24 13:07:00,252.694,252.95,252.643,252.875,20752
2022-05-24 13:06:00,252.812,252.867,252.628,252.658,21941
2022-05-24 13:05:00,252.645,252.95,252.618,252.786,31491
2022-05-24 13:04:00,252.812,252.871,252.598,252.688,27928
2022-05-24 13:03:00,253.157,253.186,252.756,252.846,46721
2022-05-24 13:02:00,253.408,253.491,253.145,253.2,54400
2022-05-24 13:01:00,253.482,253.629,253.346,253.421,13215
2022-05-24 13:00:00,253.836,253.934,253.464,253.515,40922
2022-05-24 12:59:00,254.013,254.053,253.779,253.909,14500
2022-05-24 12:58:00,254.22,254.279,253.986,254.076,30651
2022-05-24 12:57:00,253.974,254.25,253.927,254.224,42523
2022-05-24 12:56:00,253.826,254.25,253.702,253.928,25655
2022-05-24 12:55:00,253.472,253.979,253.435,253.84,33261
2022-05-24 12:54:00,253.413,253.501,253.253,253.476,15829
2022-05-24 12:53:00,253.472,253.57,253.317,253.407,11805
2022-05-24 12:52:00,253.452,253.501,253.248,253.412,16613
2022-05-24 12:51:00,253.541,253.6,253.327,253.485,31939
2022-05-24 12:50:00,253.57,253.728,253.445,253.623,20045
2022-05-24 12:49:00,253.413,253.619,253.307,253.594,25054
2022-05-24 12:48:00,253.339,253.688,253.307,253.439,34680
2022-05-24 12:47:00,253.314,253.354,253.209,253.328,9740
2022-05-24 12:46:00,253.275,253.373,253.169,253.328,18155
2022-05-24 12:45:00,253.186,253.358,252.982,253.318,27214
2022-05-24 12:44:00,253.373,253.403,253.14,253.17,15821
2022-05-24 12:43:00,253.383,253.472,253.258,253.418,16141
2022-05-24 12:42:00,253.265,253.413,253.169,253.357,11483
2022-05-24 12:41:00,253.23,253.442,253.09,253.381,43970
2022-05-24 12:40:00,253.245,253.354,253.13,253.249,20032
2022-05-24 12:39:00,253.324,253.354,253.1,253.249,20838
2022-05-24 12:38:00,253.344,253.462,253.287,253.348,20971
2022-05-24 12:37:00,253.107,253.363,253.022,253.318,24654
2022-05-24 12:36:00,253.354,253.403,252.972,253.101,34166
2022-05-24 12:35:00,253.58,253.639,253.277,253.31,26027
2022-05-24 12:34:00,253.506,253.747,253.446,253.584,20520
2022-05-24 12:33:00,253.639,253.718,253.445,253.515,22687
2022-05-24 12:32:00,253.58,253.806,253.445,253.653,40901
2022-05-24 12:31:00,254.072,254.152,253.563,253.594,32787
2022-05-24 12:30:00,254.085,254.21,253.917,254.057,23547
2022-05-24 12:29:00,254.24,254.309,253.996,254.106,24217
2022-05-24 12:28:00,254.382,254.486,254.144,254.253,16525
2022-05-24 12:27:00,254.289,254.506,254.252,254.48,36901
2022-05-24 12:26:00,254.486,254.515,254.114,254.268,28661
2022-05-24 12:25:00,254.436,254.589,254.252,254.48,26160
2022-05-24 12:24:00,254.466,254.545,254.252,254.44,19486
2022-05-24 12:23:00,254.535,254.624,254.37,254.421,12746
2022-05-24 12:22:00,254.377,254.574,254.286,254.519,42680
2022-05-24 12:21:00,254.683,254.722,254.252,254.362,63455
2022-05-24 12:20:00,254.988,255.018,254.665,254.696,59487
2022-05-24 12:19:00,254.978,255.244,254.951,255.021,21774
2022-05-24 12:18:00,255.165,255.244,254.833,254.977,32557
2022-05-24 12:17:00,255.529,255.579,255.074,255.13,39539
2022-05-24 12:16:00,255.484,255.579,255.204,255.484,51171
2022-05-24 12:15:00,254.83,255.51,254.803,255.484,88157
2022-05-24 12:14:00,254.348,254.865,254.291,254.839,43214
2022-05-24 12:13:00,254.51,254.554,254.262,254.351,22754
2022-05-24 12:12:00,254.535,254.565,254.331,254.509,26594
2022-05-24 12:11:00,254.381,254.584,254.193,254.519,64229
2022-05-24 12:10:00,254.003,254.456,253.947,254.381,32771
2022-05-24 12:09:00,254.131,254.161,253.829,254.07,35628
2022-05-24 12:08:00,253.747,254.171,253.691,254.086,55748
2022-05-24 12:07:00,253.649,253.89,253.622,253.702,19418
2022-05-24 12:06:00,253.585,253.629,253.366,253.599,17086
2022-05-24 12:05:00,253.688,253.747,253.504,253.574,10577
2022-05-24 12:04:00,253.516,253.688,253.405,253.663,19526
2022-05-24 12:03:00,253.422,253.61,253.268,253.53,17555
2022-05-24 12:02:00,253.373,253.619,253.317,253.417,23128
2022-05-24 12:01:00,253.304,253.442,253.159,253.417,27396
2022-05-24 12:00:00,253.373,253.629,253.297,253.387,94800
2022-05-24 11:59:00,253.629,253.944,253.346,253.397,44451
2022-05-24 11:58:00,253.491,253.659,253.425,253.604,12702
2022-05-24 11:57:00,253.477,253.61,253.376,253.495,16088
2022-05-24 11:56:00,253.275,253.555,253.218,253.476,30153
2022-05-24 11:55:00,253.373,253.531,253.218,253.343,20005
2022-05-24 11:54:00,253.708,253.811,253.268,253.407,28617
2022-05-24 11:53:00,253.55,253.864,253.504,253.653,37099
2022-05-24 11:52:00,253.422,253.585,253.248,253.545,48475
2022-05-24 11:51:00,253.294,253.472,253.14,253.427,48732
2022-05-24 11:50:00,253.393,253.511,253.022,253.239,42687
2022-05-24 11:49:00,253.392,253.56,253.277,253.392,24040
2022-05-24 11:48:00,253.088,253.61,253.061,253.397,65261
2022-05-24 11:47:00,253.088,253.245,252.992,253.05,36552
2022-05-24 11:46:00,252.95,253.176,252.726,253.151,55537
2022-05-24 11:45:00,252.359,252.974,252.332,252.948,45782
2022-05-24 11:44:00,252.202,252.518,252.056,252.357,34035
2022-05-24 11:43:00,251.828,252.458,251.791,252.274,31008
2022-05-24 11:42:00,251.783,251.867,251.653,251.792,22654
2022-05-24 11:41:00,251.719,251.827,251.565,251.746,24633
2022-05-24 11:40:00,251.759,251.955,251.614,251.713,15088
2022-05-24 11:39:00,251.549,251.837,251.432,251.787,18351
2022-05-24 11:38:00,251.716,251.827,251.501,251.531,25734
2022-05-24 11:37:00,251.926,251.965,251.653,251.782,24499
2022-05-24 11:36:00,251.601,252.054,251.545,251.959,24634
2022-05-24 11:35:00,251.739,251.791,251.515,251.556,19739
2022-05-24 11:34:00,251.64,251.867,251.502,251.753,38018
2022-05-24 11:33:00,251.68,251.847,251.564,251.654,13745
2022-05-24 11:32:00,251.621,251.749,251.348,251.654,27164
2022-05-24 11:31:00,251.601,251.729,251.397,251.6,23575
2022-05-24 11:30:00,251.819,252.123,251.594,251.703,23392
2022-05-24 11:29:00,251.532,251.855,251.456,251.792,24303
2022-05-24 11:28:00,251.729,251.818,251.397,251.589,26607
2022-05-24 11:27:00,251.296,251.808,251.269,251.743,36899
2022-05-24 11:26:00,251.335,251.552,251.28,251.339,21392
2022-05-24 11:25:00,251.389,251.66,251.318,251.349,20576
2022-05-24 11:24:00,251.222,251.658,251.122,251.408,40069
2022-05-24 11:23:00,251.099,251.266,251.058,251.176,14848
2022-05-24 11:22:00,251.079,251.355,250.915,251.093,28874
2022-05-24 11:21:00,250.922,251.148,250.807,251.067,24520
2022-05-24 11:20:00,251.148,251.178,250.866,250.916,48749
2022-05-24 11:19:00,250.991,251.286,250.964,251.114,35387
2022-05-24 11:18:00,251.266,251.374,250.944,251.014,44544
2022-05-24 11:17:00,251.69,251.896,251.21,251.241,43352
2022-05-24 11:16:00,251.399,252.3,251.358,251.743,51052
2022-05-24 11:15:00,251.247,251.434,251.082,251.398,15117
2022-05-24 11:14:00,251.207,251.266,250.915,251.241,26432
2022-05-24 11:13:00,251.483,251.512,250.974,251.187,35479
2022-05-24 11:12:00,251.266,251.661,251.122,251.428,18587
2022-05-24 11:11:00,250.946,251.335,250.748,251.31,29525
2022-05-24 11:10:00,251.217,251.384,250.895,250.936,25749
2022-05-24 11:09:00,250.981,251.237,250.826,251.201,26638
2022-05-24 11:08:00,251.099,251.315,250.895,251.004,20158
2022-05-24 11:07:00,251.188,251.374,250.836,251.113,24856
2022-05-24 11:06:00,251.306,251.562,251.2,251.31,22258
2022-05-24 11:05:00,251.099,251.414,251.053,251.28,31100
2022-05-24 11:04:00,251.276,251.453,251.102,251.132,22015
2022-05-24 11:03:00,251.247,251.473,251.112,251.29,22450
2022-05-24 11:02:00,251.601,251.66,251.182,251.246,30845
2022-05-24 11:01:00,251.217,251.692,251.171,251.625,48186
2022-05-24 11:00:00,251.197,251.276,250.994,251.231,29753
2022-05-24 10:59:00,251.079,251.325,250.905,251.192,51878
2022-05-24 10:58:00,250.828,251.237,250.748,251.088,28089
2022-05-24 10:57:00,250.361,250.843,250.334,250.817,42089
2022-05-24 10:56:00,250.412,250.582,250.305,250.394,29034
2022-05-24 10:55:00,250.648,250.725,250.29,250.424,36455
2022-05-24 10:54:00,250.804,250.882,250.58,250.66,18541
2022-05-24 10:53:00,250.813,251.121,250.738,250.793,40478
2022-05-24 10:52:00,250.705,250.862,250.585,250.798,44954
2022-05-24 10:51:00,250.73,250.862,250.551,250.729,27239
2022-05-24 10:50:00,250.813,251.03,250.708,250.739,26807
2022-05-24 10:49:00,251.02,251.069,250.738,250.847,34718
2022-05-24 10:48:00,251.591,251.64,250.954,250.995,48175
2022-05-24 10:47:00,252.01,252.152,251.565,251.615,50802
2022-05-24 10:46:00,251.675,252.044,251.289,252.014,51649
2022-05-24 10:45:00,251.483,251.698,251.387,251.644,52983
2022-05-24 10:44:00,251.503,251.709,251.378,251.477,45295
2022-05-24 10:43:00,251.217,251.552,251.112,251.526,47782
2022-05-24 10:42:00,250.912,251.322,250.748,251.201,49635
2022-05-24 10:41:00,250.617,250.99,250.59,250.926,40389
2022-05-24 10:40:00,250.991,251.059,250.57,250.614,43677
2022-05-24 10:39:00,251.055,251.217,250.885,251.054,42693
2022-05-24 10:38:00,251.158,251.246,250.905,251.054,35303
2022-05-24 10:37:00,251.522,251.552,251.033,251.128,64704
2022-05-24 10:36:00,251.586,251.946,251.496,251.526,63517
2022-05-24 10:35:00,251.276,251.729,251.224,251.643,74893
2022-05-24 10:34:00,251.325,251.749,251.23,251.3,67702
2022-05-24 10:33:00,251.148,251.463,250.964,251.398,68673
2022-05-24 10:32:00,251.276,251.306,250.885,251.182,88639
2022-05-24 10:31:00,250.745,251.384,250.669,251.3,67732
2022-05-24 10:30:00,250.937,251.084,250.639,250.793,99791
2022-05-24 10:29:00,250.42,251.069,250.373,250.943,85852
2022-05-24 10:28:00,250.395,250.522,250.118,250.424,55688
2022-05-24 10:27:00,250.036,250.449,249.901,250.374,59718
2022-05-24 10:26:00,249.819,250.133,249.734,250.069,61997
2022-05-24 10:25:00,250.124,250.242,249.783,249.872,62128
2022-05-24 10:24:00,250.351,250.538,250.039,250.217,67571
2022-05-24 10:23:00,250.262,250.694,250.191,250.421,73297
2022-05-24 10:22:00,250.036,250.518,249.94,250.266,70471
2022-05-24 10:21:00,249.839,250.369,249.724,250.04,86963
2022-05-24 10:20:00,249.75,250.055,249.665,249.853,106307
2022-05-24 10:19:00,249.793,250.055,249.724,249.772,76445
2022-05-24 10:18:00,250.114,250.311,249.675,249.784,56196
2022-05-24 10:17:00,249.996,250.262,249.61,250.138,69825
2022-05-24 10:16:00,249.632,250.066,249.606,249.99,104427
2022-05-24 10:15:00,249.987,250.045,249.547,249.665,106103
2022-05-24 10:14:00,250.666,250.695,249.852,250.01,120788
2022-05-24 10:13:00,250.725,250.813,250.541,250.689,86854
2022-05-24 10:12:00,250.991,251.059,250.659,250.729,104554
2022-05-24 10:11:00,251.05,251.443,250.944,251.004,114325
2022-05-24 10:10:00,251.505,251.611,250.925,251.108,145358
2022-05-24 10:09:00,251.916,252.054,251.456,251.487,63773
2022-05-24 10:08:00,252.408,252.497,251.875,251.905,46163
2022-05-24 10:07:00,252.832,252.97,252.363,252.432,74036
2022-05-24 10:06:00,252.546,252.91,252.362,252.836,99430
2022-05-24 10:05:00,252.497,252.93,252.382,252.629,103776
2022-05-24 10:04:00,252.32,252.682,252.195,252.53,69447
2022-05-24 10:03:00,252.635,252.714,252.305,252.358,105151
2022-05-24 10:02:00,252.261,252.753,252.195,252.649,92412
2022-05-24 10:01:00,252.231,252.291,251.86,252.265,99532
2022-05-24 10:00:00,252.467,252.546,251.968,252.196,91215
2022-05-24 09:59:00,252.605,252.714,252.322,252.496,77265
2022-05-24 09:58:00,253.344,253.541,252.569,252.628,103407
2022-05-24 09:57:00,253.373,253.607,253.277,253.348,28346
2022-05-24 09:56:00,253.737,253.772,253.204,253.377,43953
2022-05-24 09:55:00,254.19,254.22,253.701,253.741,42199
2022-05-24 09:54:00,254.338,254.427,253.962,254.096,40443
2022-05-24 09:53:00,254.466,254.634,254.114,254.372,59129
2022-05-24 09:52:00,254.141,254.722,254.114,254.509,47110
2022-05-24 09:51:00,253.826,254.23,253.789,254.175,28522
2022-05-24 09:50:00,253.816,254.102,253.642,253.8,32269
2022-05-24 09:49:00,253.772,254.072,253.735,253.791,49764
2022-05-24 09:48:00,253.58,253.846,253.46,253.82,61598
2022-05-24 09:47:00,253.664,253.693,253.105,253.564,92465
2022-05-24 09:46:00,253.954,254.294,253.455,253.668,43833
2022-05-24 09:45:00,254.131,254.521,253.671,253.914,73075
2022-05-24 09:44:00,254.151,254.446,254.035,254.175,48872
2022-05-24 09:43:00,254.555,254.771,254.173,254.204,48252
2022-05-24 09:42:00,254.811,254.949,254.37,254.539,73497
2022-05-24 09:41:00,254.417,254.958,254.38,254.883,53895
2022-05-24 09:40:00,254.387,254.678,254.201,254.406,46645
2022-05-24 09:39:00,253.944,254.746,253.917,254.411,71045
2022-05-24 09:38:00,254.072,254.19,253.592,253.933,96554
2022-05-24 09:37:00,254.378,254.702,253.907,254.066,222966
2022-05-24 09:36:00,254.939,254.978,254.272,254.372,90194
2022-05-24 09:35:00,254.574,255.205,254.385,254.933,76200
2022-05-24 09:34:00,255.165,255.53,254.4,254.623,111392
2022-05-24 09:33:00,255.342,255.48,254.961,255.13,105668
2022-05-24 09:32:00,254.279,255.533,254.222,255.371,159534
2022-05-24 09:31:00,253.925,254.309,253.514,254.263,61153
2022-05-24 09:30:00,253.875,254.171,253.307,253.91,606607
2022-05-24 09:29:00,253.915,253.984,253.632,253.958,300
2022-05-24 09:27:00,254.102,254.161,253.976,254.135,3173
2022-05-24 09:25:00,254.033,254.23,253.976,254.204,1096
2022-05-24 09:24:00,254.345,254.375,254.318,254.349,100
2022-05-24 09:23:00,254.279,254.309,254.252,254.283,100
2022-05-24 09:22:00,254.269,254.417,254.242,254.391,200
2022-05-24 09:21:00,254.2,254.299,254.173,254.273,425
2022-05-24 09:20:00,254.053,254.092,254.026,254.066,800
2022-05-24 09:18:00,254.2,254.23,253.837,254.007,2534
2022-05-24 09:17:00,254.299,254.328,254.272,254.303,100
2022-05-24 09:15:00,254.131,254.318,254.104,254.293,410
2022-05-24 09:14:00,254.062,254.19,254.035,254.165,521
2022-05-24 09:11:00,254.013,254.082,253.986,254.056,219
2022-05-24 09:10:00,253.964,253.994,253.927,253.958,200
2022-05-24 09:09:00,254.003,254.033,253.976,254.007,260
2022-05-24 09:08:00,254.062,254.102,254.006,254.037,500
2022-05-24 09:06:00,254.023,254.053,253.996,254.027,200
2022-05-24 09:05:00,254.102,254.131,254.016,254.047,200
2022-05-24 09:04:00,254.003,254.033,253.976,254.007,1102
2022-05-24 09:02:00,254.003,254.033,253.976,254.007,4908
2022-05-24 09:01:00,254.003,254.033,253.976,254.007,1000
2022-05-24 09:00:00,254.21,254.24,254.173,254.204,499
2022-05-24 08:59:00,254.151,254.19,254.124,254.165,1150
2022-05-24 08:57:00,254.397,254.427,254.37,254.401,100
2022-05-24 08:56:00,254.249,254.455,254.222,254.43,600
2022-05-24 08:54:00,254.249,254.427,254.222,254.401,1226
2022-05-24 08:53:00,254.446,254.476,254.419,254.45,100
2022-05-24 08:51:00,254.141,254.171,254.114,254.145,812
2022-05-24 08:47:00,254.486,254.515,254.459,254.49,250
2022-05-24 08:43:00,254.407,254.437,254.38,254.411,100
2022-05-24 08:42:00,254.289,254.427,254.262,254.401,1185
2022-05-24 08:41:00,254.257,254.287,254.23,254.261,200
2022-05-24 08:38:00,254.249,254.378,254.213,254.352,1200
2022-05-24 08:35:00,254.2,254.23,253.976,254.007,898
2022-05-24 08:34:00,254.151,254.328,254.124,254.303,1200
2022-05-24 08:32:00,253.925,254.181,253.898,254.155,2034
2022-05-24 08:28:00,253.757,253.864,253.73,253.838,300
2022-05-24 08:27:00,253.905,253.934,253.691,253.722,400
2022-05-24 08:26:00,253.846,253.875,253.819,253.85,300
2022-05-24 08:23:00,253.777,253.885,253.75,253.86,402
2022-05-24 08:20:00,253.728,253.797,253.701,253.771,200
2022-05-24 08:19:00,253.56,253.826,253.533,253.8,806
2022-05-24 08:17:00,253.718,253.747,253.691,253.722,100
2022-05-24 08:16:00,253.797,253.915,253.77,253.889,300
2022-05-24 08:13:00,253.511,253.541,253.415,253.446,200
2022-05-24 08:11:00,253.413,253.442,253.386,253.417,165
2022-05-24 08:09:00,253.442,253.472,253.396,253.426,717
2022-05-24 08:07:00,253.521,253.57,253.415,253.446,953
2022-05-24 08:06:00,253.905,253.934,253.878,253.909,130
2022-05-24 08:04:00,254.053,254.082,253.937,253.968,1223
2022-05-24 08:03:00,254.003,254.033,253.976,254.007,131
2022-05-24 08:02:00,253.993,254.023,253.779,253.997,2055
2022-05-24 08:01:00,255.971,256.001,253.376,253.83,1076
2022-05-24 08:00:00,253.857,254.722,253.583,254.007,7372
2022-05-24 07:54:00,253.806,253.836,253.592,253.623,298
2022-05-24 07:53:00,253.806,253.836,253.779,253.81,100
2022-05-24 07:46:00,254.053,254.082,254.026,254.056,200
2022-05-24 07:41:00,253.806,253.954,253.779,253.928,254
2022-05-24 07:39:00,253.915,253.944,253.799,253.83,697
2022-05-24 07:38:00,254.249,254.279,254.222,254.253,400
2022-05-24 07:37:00,254.377,254.407,254.35,254.381,1165
2022-05-24 07:35:00,254.496,254.525,254.469,254.5,100
2022-05-24 07:32:00,254.496,254.525,254.469,254.5,100
2022-05-24 07:31:00,254.348,254.378,254.301,254.332,465
2022-05-24 07:28:00,254.299,254.328,254.252,254.283,800
2022-05-24 07:16:00,254.269,254.299,254.203,254.253,723
2022-05-24 07:14:00,254.476,254.506,254.449,254.48,100
2022-05-24 07:12:00,254.496,254.525,254.449,254.48,500
2022-05-24 07:11:00,254.496,254.525,254.36,254.5,1476
2022-05-24 07:10:00,254.309,254.338,254.272,254.303,940
2022-05-24 07:09:00,254.328,254.378,254.282,254.352,674
2022-05-24 07:08:00,254.328,254.358,254.301,254.332,400
2022-05-24 07:07:00,254.102,254.131,254.075,254.106,1156
2022-05-24 07:05:00,254.003,254.033,253.976,254.007,181
2022-05-24 07:02:00,253.797,253.836,253.77,253.81,965
2022-05-24 07:00:00,253.747,253.787,253.72,253.761,296
2022-05-24 06:58:00,253.619,253.649,253.573,253.604,350
2022-05-24 06:34:00,253.875,253.905,253.848,253.879,100
2022-05-24 06:27:00,253.806,253.836,253.779,253.81,942
2022-05-24 06:19:00,253.915,253.944,253.868,253.919,1712
2022-05-24 06:17:00,253.747,253.777,253.72,253.751,100
2022-05-24 06:08:00,253.659,253.688,253.632,253.663,200
2022-05-24 06:01:00,253.6,253.629,253.573,253.604,100
2022-05-24 05:59:00,253.629,253.659,253.602,253.633,100
2022-05-24 05:57:00,253.984,254.033,253.957,254.007,317
2022-05-24 05:52:00,253.61,253.639,253.484,253.515,200
2022-05-24 05:48:00,253.245,253.275,253.218,253.249,187
2022-05-24 05:45:00,253.334,253.363,253.238,253.269,700
2022-05-24 05:42:00,253.324,253.354,253.287,253.318,800
2022-05-24 05:35:00,253.354,253.383,253.327,253.357,100
2022-05-24 05:34:00,253.235,253.265,253.209,253.239,300
2022-05-24 05:27:00,253.166,253.206,253.14,253.18,425
2022-05-24 05:17:00,252.871,252.901,252.766,252.796,326
2022-05-24 05:13:00,253.098,253.127,253.071,253.101,200
2022-05-24 05:11:00,252.723,252.753,252.697,252.727,100
2022-05-24 05:03:00,253.029,253.196,253.002,253.17,398
2022-05-24 04:55:00,252.842,252.871,252.746,252.777,356
2022-05-24 04:54:00,252.842,252.871,252.815,252.846,140
2022-05-24 04:52:00,252.92,252.95,252.795,252.826,200
2022-05-24 04:46:00,253.068,253.098,253.041,253.072,100
2022-05-24 04:43:00,253.068,253.098,253.041,253.072,120
2022-05-24 04:41:00,253.235,253.265,253.09,253.121,1256
2022-05-24 04:36:00,253.078,253.107,253.051,253.082,120
2022-05-24 04:35:00,253.265,253.294,253.149,253.18,460
2022-05-24 04:33:00,253.245,253.275,253.218,253.249,120
2022-05-24 04:32:00,253.245,253.275,253.218,253.249,119
2022-05-24 04:31:00,253.255,253.285,253.228,253.259,100
2022-05-24 04:30:00,253.413,253.442,253.386,253.417,1000
2022-05-24 04:21:00,253.117,253.147,253.041,253.072,330
2022-05-24 04:20:00,253.245,253.275,252.972,253.062,1112
2022-05-24 04:17:00,253.029,253.088,253.002,253.062,330
2022-05-24 04:16:00,253.422,253.491,253.307,253.466,2894
2022-05-24 04:15:00,253.57,253.6,253.504,253.535,220
2022-05-24 04:13:00,253.521,253.55,253.484,253.525,450
2022-05-24 04:11:00,253.777,253.816,253.75,253.791,200
2022-05-24 04:09:00,253.521,253.55,253.494,253.525,100
2022-05-24 04:08:00,253.501,253.531,253.218,253.249,200
2022-05-24 04:06:00,253.078,253.157,253.051,253.131,200
2022-05-24 04:05:00,253.038,253.068,253.012,253.042,100
2022-05-24 04:03:00,253.334,253.363,253.248,253.279,939
2022-05-24 04:02:00,253.226,253.255,253.199,253.229,200
2022-05-24 04:01:00,253.797,253.826,253.77,253.8,100
2022-05-24 04:00:00,252.911,252.94,252.766,252.796,515
2022-05-23 19:59:00,254.988,255.018,254.961,254.992,4000
2022-05-23 19:58:00,255.234,255.264,254.567,254.598,200
2022-05-23 19:57:00,254.594,255.264,254.567,255.238,3320
2022-05-23 19:56:00,254.545,254.584,254.518,254.559,200
2022-05-23 19:54:00,254.496,254.525,254.469,254.5,600
2022-05-23 19:53:00,254.594,254.624,254.567,254.598,4000
2022-05-23 19:52:00,254.496,254.574,254.469,254.549,1104
2022-05-23 19:51:00,254.545,254.574,254.341,254.372,4450
2022-05-23 19:50:00,254.358,254.387,254.331,254.362,200
2022-05-23 19:47:00,254.574,254.624,254.547,254.598,389
2022-05-23 19:43:00,254.594,254.624,254.567,254.598,200
2022-05-23 19:42:00,254.427,254.525,254.4,254.5,484
2022-05-23 19:40:00,254.436,254.466,254.41,254.44,110
2022-05-23 19:39:00,254.23,254.259,254.203,254.234,604
2022-05-23 19:37:00,254.486,254.515,254.459,254.49,173
2022-05-23 19:35:00,254.259,254.289,254.232,254.263,200
2022-05-23 19:33:00,254.249,254.279,254.222,254.253,1250
2022-05-23 19:29:00,254.2,254.23,254.173,254.204,100
2022-05-23 19:25:00,254.279,254.309,254.252,254.283,240
2022-05-23 19:23:00,254.19,254.22,254.163,254.194,100
2022-05-23 19:22:00,254.19,254.22,254.163,254.194,100
2022-05-23 19:21:00,254.19,254.22,254.163,254.194,300
2022-05-23 19:18:00,254.309,254.338,253.986,254.017,300
2022-05-23 19:17:00,254.269,254.299,254.242,254.273,100
2022-05-23 19:13:00,254.545,254.574,254.469,254.5,210
2022-05-23 19:11:00,254.692,254.771,254.665,254.746,300
2022-05-23 19:08:00,254.299,254.771,254.272,254.746,850
2022-05-23 19:04:00,254.328,254.368,254.301,254.342,430
2022-05-23 19:00:00,254.338,254.368,254.311,254.342,200
2022-05-23 18:59:00,254.368,254.397,254.341,254.372,266
2022-05-23 18:56:00,254.368,254.397,254.341,254.372,220
2022-05-23 18:53:00,254.072,254.102,254.045,254.076,139
2022-05-23 18:48:00,254.249,254.397,254.222,254.372,278
2022-05-23 18:46:00,254.377,254.407,254.35,254.381,244
2022-05-23 18:45:00,254.387,254.417,254.341,254.381,890
2022-05-23 18:43:00,253.865,253.895,253.839,253.869,100
2022-05-23 18:42:00,253.806,253.836,253.779,253.81,1600
2022-05-23 18:40:00,254.053,254.082,253.976,254.007,210
2022-05-23 18:38:00,254.2,254.23,254.173,254.204,100
2022-05-23 18:36:00,253.934,253.964,253.907,253.938,100
2022-05-23 18:35:00,253.757,253.787,253.73,253.761,150
2022-05-23 18:34:00,254.387,254.417,254.36,254.391,192
2022-05-23 18:33:00,254.387,254.417,254.36,254.391,155
2022-05-23 18:32:00,253.993,254.338,253.967,254.312,305
2022-05-23 18:31:00,253.984,254.013,253.957,253.988,100
2022-05-23 18:29:00,253.856,253.885,253.829,253.86,385
2022-05-23 18:27:00,253.57,253.6,253.543,253.574,500
2022-05-23 18:26:00,253.757,253.885,253.73,253.86,815
2022-05-23 18:25:00,253.856,253.885,253.829,253.86,300
2022-05-23 18:24:00,253.57,253.6,253.543,253.574,200
2022-05-23 18:23:00,253.619,253.649,253.592,253.623,1009
2022-05-23 18:21:00,253.718,253.747,253.543,253.574,252
2022-05-23 18:20:00,253.787,253.816,253.76,253.791,116
2022-05-23 18:17:00,254.102,254.151,253.72,253.751,410
2022-05-23 18:15:00,253.954,254.033,253.927,254.007,640
2022-05-23 18:14:00,253.629,253.934,253.602,253.909,200
2022-05-23 18:12:00,253.984,254.013,253.543,253.613,2708
2022-05-23 18:10:00,253.984,254.013,253.957,253.988,200
2022-05-23 18:09:00,254.003,254.033,253.976,254.007,100
2022-05-23 18:08:00,253.462,253.491,253.435,253.466,487
2022-05-23 18:07:00,253.442,253.472,253.415,253.446,100
2022-05-23 18:06:00,253.521,253.55,253.405,253.436,434
2022-05-23 18:05:00,253.737,253.767,253.405,253.436,200
2022-05-23 18:04:00,253.747,253.777,253.563,253.594,300
2022-05-23 18:03:00,253.993,254.033,253.72,253.751,2900
2022-05-23 18:02:00,254.978,255.018,253.652,253.682,3554
2022-05-23 18:01:00,254.574,255.018,254.547,254.992,1140
2022-05-23 18:00:00,254.85,254.949,254.665,254.893,4050
2022-05-23 17:59:00,254.791,254.88,254.272,254.303,335
2022-05-23 17:58:00,254.889,254.919,254.272,254.303,970
2022-05-23 17:57:00,254.309,254.673,254.282,254.647,2083
2022-05-23 17:52:00,254.545,254.574,254.477,254.508,200
2022-05-23 17:50:00,254.446,254.476,254.419,254.45,100
2022-05-23 17:49:00,254.594,254.624,254.567,254.598,126
2022-05-23 17:48:00,254.422,254.451,254.395,254.425,100
2022-05-23 17:47:00,254.643,254.673,254.37,254.421,942
2022-05-23 17:46:00,254.505,254.673,254.38,254.647,3233
2022-05-23 17:45:00,254.574,254.673,254.439,254.647,646
2022-05-23 17:44:00,254.407,254.653,254.075,254.411,2704
2022-05-23 17:43:00,254.978,255.008,254.419,254.45,673
2022-05-23 17:41:00,254.791,254.821,254.715,254.746,602
2022-05-23 17:40:00,254.791,254.821,254.764,254.795,1000
2022-05-23 17:39:00,254.633,254.673,254.606,254.647,418
2022-05-23 17:38:00,254.496,254.663,254.469,254.637,2226
2022-05-23 17:37:00,254.496,254.525,254.38,254.411,2434
2022-05-23 17:36:00,254.496,254.525,254.469,254.5,300
2022-05-23 17:34:00,254.545,254.574,254.518,254.549,802
2022-05-23 17:33:00,254.633,254.663,254.606,254.637,300
2022-05-23 17:31:00,254.515,254.545,254.469,254.5,500
2022-05-23 17:30:00,254.515,254.742,254.488,254.647,600
2022-05-23 17:29:00,254.712,254.742,254.685,254.716,100
2022-05-23 17:28:00,254.407,254.545,254.37,254.519,500
2022-05-23 17:27:00,254.21,254.24,254.124,254.155,885
2022-05-23 17:26:00,254.594,254.634,254.567,254.608,300
2022-05-23 17:25:00,254.702,254.732,254.665,254.696,402
2022-05-23 17:24:00,254.998,255.027,254.961,254.992,1400
2022-05-23 17:23:00,255.332,255.362,255.305,255.336,109
2022-05-23 17:22:00,255.49,255.845,255.453,255.484,1862
2022-05-23 17:20:00,255.598,255.628,255.551,255.582,902
2022-05-23 17:19:00,255.598,255.628,255.502,255.602,7098
2022-05-23 17:18:00,255.529,255.638,255.502,255.592,1169
2022-05-23 17:17:00,255.588,255.638,255.561,255.612,595
2022-05-23 17:15:00,256.297,256.327,255.945,255.976,3894
2022-05-23 17:14:00,256.317,256.347,256.29,256.321,1500
2022-05-23 17:13:00,256.474,256.593,256.3,256.331,1285
2022-05-23 17:12:00,256.484,256.514,256.447,256.488,859
2022-05-23 17:11:00,256.504,256.534,256.477,256.508,101
2022-05-23 17:10:00,256.612,256.642,256.487,256.518,500
2022-05-23 17:09:00,256.681,256.711,256.595,256.626,6220
2022-05-23 17:08:00,256.681,256.721,256.634,256.665,2050
2022-05-23 16:55:00,256.612,256.81,256.585,256.784,23560
2022-05-23 16:54:00,256.857,256.887,256.83,256.861,488
2022-05-23 16:50:00,256.858,256.888,256.831,256.862,999
2022-05-23 16:48:00,256.849,256.879,256.752,256.784,1613
2022-05-23 16:46:00,256.809,256.839,256.782,256.813,100
2022-05-23 16:44:00,256.711,256.879,256.654,256.853,1100
2022-05-23 16:41:00,256.799,256.829,256.772,256.803,100
2022-05-23 16:40:00,256.789,256.819,256.634,256.665,450
2022-05-23 16:33:00,256.839,256.888,256.811,256.862,875
2022-05-23 16:31:00,256.668,256.698,256.641,256.672,100
2022-05-23 16:27:00,256.849,256.879,256.821,256.853,100
2022-05-23 16:25:00,256.855,256.885,256.828,256.859,1000
2022-05-23 16:23:00,256.76,256.79,256.733,256.764,200
2022-05-23 16:22:00,256.809,256.839,256.733,256.764,903
2022-05-23 16:21:00,256.908,256.938,256.851,256.883,300
2022-05-23 16:20:00,256.912,256.942,256.762,256.793,327
2022-05-23 16:19:00,256.839,256.869,256.811,256.843,371
2022-05-23 16:18:00,256.937,256.987,256.89,256.921,2061
2022-05-23 16:17:00,256.77,256.8,256.743,256.774,100
2022-05-23 16:15:00,256.77,256.8,256.743,256.774,200
2022-05-23 16:13:00,256.77,256.8,256.743,256.774,100
2022-05-23 16:12:00,256.799,256.977,256.772,256.951,664
2022-05-23 16:10:00,256.612,256.642,256.585,256.616,50458
2022-05-23 16:09:00,257.124,257.164,257.097,257.138,700
2022-05-23 16:08:00,256.846,256.987,256.818,256.961,2275
2022-05-23 16:07:00,256.661,256.872,256.585,256.846,78627
2022-05-23 16:06:00,256.632,256.691,256.605,256.665,1852
2022-05-23 16:05:00,256.573,256.691,256.487,256.665,1884
2022-05-23 16:04:00,256.593,256.623,256.536,256.567,851
2022-05-23 16:03:00,256.701,256.8,256.586,256.774,746
2022-05-23 16:02:00,256.661,256.731,256.634,256.702,1301
2022-05-23 16:01:00,256.465,256.751,256.437,256.665,869938
2022-05-23 16:00:00,256.612,256.642,256.093,256.469,3587733
2022-05-23 15:59:00,256.425,256.751,256.152,256.616,388779
2022-05-23 15:58:00,256.307,256.563,256.113,256.419,168439
2022-05-23 15:57:00,256.297,256.445,256.191,256.301,98187
2022-05-23 15:56:00,256.194,256.347,256.113,256.291,89154
2022-05-23 15:55:00,255.825,256.258,255.66,256.183,105196
2022-05-23 15:54:00,256.12,256.189,255.67,255.819,115062
2022-05-23 15:53:00,256.031,256.278,255.965,256.129,73861
2022-05-23 15:52:00,255.721,256.091,255.67,256.054,102519
2022-05-23 15:51:00,255.687,255.968,255.512,255.73,91108
2022-05-23 15:50:00,255.165,255.717,255.118,255.691,101393
2022-05-23 15:49:00,255.372,255.422,254.961,255.144,71810
2022-05-23 15:48:00,255.057,255.5,254.961,255.346,117707
2022-05-23 15:47:00,255.145,255.175,254.813,255.026,61360
2022-05-23 15:46:00,255.165,255.283,255.01,255.139,52786
2022-05-23 15:45:00,255.441,255.47,255.099,255.169,62985
2022-05-23 15:44:00,255.411,255.47,255.04,255.44,85600
2022-05-23 15:43:00,255.352,255.648,255.305,255.445,80139
2022-05-23 15:42:00,255.411,255.539,255.295,255.366,39676
2022-05-23 15:41:00,255.342,255.525,255.168,255.395,45257
2022-05-23 15:40:00,255.244,255.372,255.079,255.317,43882
2022-05-23 15:39:00,255.667,255.697,255.187,255.277,38862
2022-05-23 15:38:00,255.667,255.759,255.463,255.681,37759
2022-05-23 15:37:00,255.751,255.854,255.428,255.661,51491
2022-05-23 15:36:00,256.067,256.14,255.719,255.77,54948
2022-05-23 15:35:00,255.777,256.199,255.743,256.065,52400
2022-05-23 15:34:00,255.844,255.884,255.66,255.76,37661
2022-05-23 15:33:00,255.485,255.894,255.454,255.823,47374
2022-05-23 15:32:00,255.677,255.726,255.404,255.454,42800
2022-05-23 15:31:00,255.593,255.751,255.551,255.691,45000
2022-05-23 15:30:00,255.431,255.677,255.305,255.573,32205
2022-05-23 15:29:00,255.46,255.628,255.286,255.464,37107
2022-05-23 15:28:00,255.49,255.756,255.433,255.474,79829
2022-05-23 15:27:00,255.16,255.51,255.133,255.425,41499
2022-05-23 15:26:00,255.229,255.333,255.099,255.169,23689
2022-05-23 15:25:00,255.303,255.461,255.168,255.223,44527
2022-05-23 15:24:00,255.126,255.323,255.069,255.297,50476
2022-05-23 15:23:00,255.425,255.455,255.079,255.13,40479
2022-05-23 15:22:00,255.559,255.667,255.197,255.44,56089
2022-05-23 15:21:00,255.529,255.648,255.355,255.553,35180
2022-05-23 15:20:00,255.854,255.963,255.512,255.543,26249
2022-05-23 15:19:00,255.677,255.894,255.571,255.848,36317
2022-05-23 15:18:00,255.5,255.687,255.409,255.661,18739
2022-05-23 15:17:00,255.598,255.756,255.414,255.494,51363
2022-05-23 15:16:00,255.51,255.717,255.423,255.582,45758
2022-05-23 15:15:00,255.564,255.628,255.335,255.513,57476
2022-05-23 15:14:00,255.318,255.687,255.227,255.575,45621
2022-05-23 15:13:00,255.382,255.49,255.207,255.322,33365
2022-05-23 15:12:00,255.726,255.914,255.197,255.386,49563
2022-05-23 15:11:00,256.189,256.238,255.699,255.779,57908
2022-05-23 15:10:00,256.445,256.519,256.122,256.193,67488
2022-05-23 15:09:00,256.287,256.485,256.093,256.449,83022
2022-05-23 15:08:00,255.943,256.396,255.916,256.301,56537
2022-05-23 15:07:00,255.834,255.982,255.709,255.942,28107
2022-05-23 15:06:00,255.726,255.943,255.663,255.868,33930
2022-05-23 15:05:00,255.844,255.923,255.65,255.735,40824
2022-05-23 15:04:00,255.785,255.894,255.699,255.829,23399
2022-05-23 15:03:00,255.962,255.992,255.64,255.745,31295
2022-05-23 15:02:00,256.15,256.189,255.817,255.986,37691
2022-05-23 15:01:00,255.874,256.199,255.778,256.154,43963
2022-05-23 15:00:00,255.677,256.022,255.591,255.848,45206
2022-05-23 14:59:00,255.529,255.865,255.453,255.661,50288
2022-05-23 14:58:00,255.628,255.732,255.453,255.543,36137
2022-05-23 14:57:00,255.805,255.874,255.571,255.661,35941
2022-05-23 14:56:00,256.022,256.11,255.767,255.848,32691
2022-05-23 14:55:00,256.061,256.183,255.955,256.035,25788
2022-05-23 14:54:00,255.761,256.179,255.734,256.065,31604
2022-05-23 14:53:00,255.785,255.815,255.512,255.779,51130
2022-05-23 14:52:00,256.019,256.071,255.768,255.809,32582
2022-05-23 14:51:00,256.327,256.431,255.955,256.016,32207
2022-05-23 14:50:00,256.179,256.475,256.103,256.311,32174
2022-05-23 14:49:00,256.1,256.273,255.925,256.173,47143
2022-05-23 14:48:00,256.716,256.78,255.975,256.006,39909
2022-05-23 14:47:00,256.789,256.843,256.634,256.725,23927
2022-05-23 14:46:00,256.749,256.859,256.536,256.774,25646
2022-05-23 14:45:00,256.865,256.918,256.605,256.744,32319
2022-05-23 14:44:00,256.465,256.928,256.428,256.877,55046
2022-05-23 14:43:00,256.268,256.583,256.211,256.475,35716
2022-05-23 14:42:00,256.041,256.348,256.014,256.301,24483
2022-05-23 14:41:00,256.465,256.495,255.994,256.054,35737
2022-05-23 14:40:00,256.297,256.544,256.241,256.449,35411
2022-05-23 14:39:00,256.396,256.475,256.241,256.291,26584
2022-05-23 14:38:00,256.386,256.435,256.27,256.39,11380
2022-05-23 14:37:00,256.346,256.455,256.191,256.39,28773
2022-05-23 14:36:00,256.218,256.375,256.191,256.349,13000
2022-05-23 14:35:00,256.228,256.386,256.122,256.252,32692
2022-05-23 14:34:00,256.366,256.406,256.211,256.259,19982
2022-05-23 14:33:00,256.346,256.475,256.25,256.389,26598
2022-05-23 14:32:00,256.278,256.464,256.25,256.37,18488
2022-05-23 14:31:00,256.268,256.367,256.152,256.272,26560
2022-05-23 14:30:00,256.228,256.322,256.014,256.281,25863
2022-05-23 14:29:00,256.278,256.307,255.975,256.262,32822
2022-05-23 14:28:00,256.396,256.495,256.25,256.301,23287
2022-05-23 14:27:00,256.474,256.504,256.3,256.38,21119
2022-05-23 14:26:00,256.573,256.682,256.359,256.459,20430
2022-05-23 14:25:00,256.593,256.682,256.378,256.587,17893
2022-05-23 14:24:00,256.484,256.682,256.457,256.626,21805
2022-05-23 14:23:00,256.637,256.667,256.369,256.488,49555
2022-05-23 14:22:00,256.691,256.829,256.615,256.652,15693
2022-05-23 14:21:00,256.642,256.76,256.536,256.705,27661
2022-05-23 14:20:00,256.563,256.77,256.516,256.636,43315
2022-05-23 14:19:00,256.519,256.672,256.492,256.592,34606
2022-05-23 14:18:00,256.296,256.554,256.245,256.518,43734
2022-05-23 14:17:00,256.435,256.465,256.181,256.262,31735
2022-05-23 14:16:00,256.15,256.465,256.034,256.439,37775
2022-05-23 14:15:00,256.258,256.337,256.034,256.134,16403
2022-05-23 14:14:00,256.179,256.426,256.152,256.281,37215
2022-05-23 14:13:00,256.051,256.302,255.906,256.203,31235
2022-05-23 14:12:00,256.179,256.219,255.965,256.065,26493
2022-05-23 14:11:00,256.386,256.445,256.093,256.163,30660
2022-05-23 14:10:00,256.169,256.534,256.134,256.4,49089
2022-05-23 14:09:00,256.11,256.268,256.034,256.134,32286
2022-05-23 14:08:00,256.051,256.268,255.994,256.105,21606
2022-05-23 14:07:00,256.1,256.15,255.965,256.055,15483
2022-05-23 14:06:00,255.746,256.128,255.689,256.094,50410
2022-05-23 14:05:00,255.883,255.943,255.699,255.769,16623
2022-05-23 14:04:00,255.766,255.933,255.699,255.898,14690
2022-05-23 14:03:00,256.041,256.12,255.729,255.812,17382
2022-05-23 14:02:00,255.903,256.051,255.719,256.016,29613
2022-05-23 14:01:00,255.854,256.042,255.827,255.888,23982
2022-05-23 14:00:00,256.051,256.292,255.812,255.868,45189
2022-05-23 13:59:00,255.855,256.071,255.807,256.045,39686
2022-05-23 13:58:00,255.736,255.897,255.63,255.848,26995
2022-05-23 13:57:00,255.638,255.776,255.522,255.75,21753
2022-05-23 13:56:00,255.662,255.766,255.507,255.632,19264
2022-05-23 13:55:00,255.726,255.795,255.601,255.671,37620
2022-05-23 13:54:00,255.805,255.835,255.66,255.71,21196
2022-05-23 13:53:00,256.022,256.051,255.768,255.819,15826
2022-05-23 13:52:00,255.933,256.071,255.834,256.026,20876
2022-05-23 13:51:00,256.041,256.071,255.817,255.927,39124
2022-05-23 13:50:00,256.179,256.268,255.945,256.025,18080
2022-05-23 13:49:00,256.258,256.376,256.113,256.173,30420
2022-05-23 13:48:00,256.046,256.278,255.947,256.252,48402
2022-05-23 13:47:00,255.667,256.081,255.615,256.055,48989
2022-05-23 13:46:00,255.598,255.805,255.522,255.642,27658
2022-05-23 13:45:00,255.47,255.707,255.325,255.608,20395
2022-05-23 13:44:00,255.46,255.628,255.356,255.435,26791
2022-05-23 13:43:00,255.46,255.49,255.252,255.454,21566
2022-05-23 13:42:00,255.465,255.594,255.394,255.484,23604
2022-05-23 13:41:00,255.451,255.5,255.276,255.454,19076
2022-05-23 13:40:00,255.431,255.589,255.286,255.445,25486
2022-05-23 13:39:00,255.441,255.52,255.187,255.405,51831
2022-05-23 13:38:00,255.49,255.549,255.355,255.425,20589
2022-05-23 13:37:00,255.46,255.589,255.414,255.474,28889
2022-05-23 13:36:00,255.451,255.667,255.384,255.494,19307
2022-05-23 13:35:00,255.48,255.52,255.315,255.458,28595
2022-05-23 13:34:00,255.775,255.825,255.453,255.484,27745
2022-05-23 13:33:00,255.579,255.953,255.542,255.774,40831
2022-05-23 13:32:00,255.382,255.667,255.345,255.553,29263
2022-05-23 13:31:00,255.413,255.569,255.295,255.386,15328
2022-05-23 13:30:00,255.559,255.638,255.355,255.415,22753
2022-05-23 13:29:00,255.638,255.746,255.522,255.564,16716
2022-05-23 13:28:00,255.588,255.694,255.492,255.642,19754
2022-05-23 13:27:00,255.647,255.707,255.473,255.612,36480
2022-05-23 13:26:00,255.451,255.682,255.286,255.651,39066
2022-05-23 13:25:00,255.534,255.598,255.443,255.474,22248
2022-05-23 13:24:00,255.391,255.658,255.355,255.528,23678
2022-05-23 13:23:00,255.549,255.627,255.384,255.425,19169
2022-05-23 13:22:00,255.283,255.776,255.236,255.553,43425
2022-05-23 13:21:00,255.372,255.402,255.108,255.307,33026
2022-05-23 13:20:00,255.672,255.702,255.305,255.376,26291
2022-05-23 13:19:00,255.657,255.756,255.522,255.701,15443
2022-05-23 13:18:00,255.569,255.726,255.443,255.642,31020
2022-05-23 13:17:00,255.608,255.648,255.364,255.592,23068
2022-05-23 13:16:00,255.451,255.648,255.335,255.617,35092
2022-05-23 13:15:00,255.746,255.795,255.453,255.514,24426
2022-05-23 13:14:00,255.903,255.963,255.768,255.799,31185
2022-05-23 13:13:00,255.766,255.963,255.699,255.927,24821
2022-05-23 13:12:00,255.598,255.815,255.561,255.779,17563
2022-05-23 13:11:00,255.637,255.687,255.492,255.592,11837
2022-05-23 13:10:00,255.697,255.839,255.591,255.651,34387
2022-05-23 13:09:00,255.529,255.761,255.492,255.72,26211
2022-05-23 13:08:00,255.554,255.673,255.384,255.553,31199
2022-05-23 13:07:00,255.673,255.815,255.522,255.573,43376
2022-05-23 13:06:00,255.613,255.864,255.561,255.701,34601
2022-05-23 13:05:00,255.579,255.707,255.433,255.642,47496
2022-05-23 13:04:00,255.785,255.815,255.561,255.622,27927
2022-05-23 13:03:00,255.894,256.012,255.729,255.806,30280
2022-05-23 13:02:00,255.894,256.042,255.866,255.927,29175
2022-05-23 13:01:00,255.884,256.012,255.806,255.883,10793
2022-05-23 13:00:00,256.022,256.081,255.788,255.868,28999
2022-05-23 12:59:00,256.02,256.12,255.962,256.016,30173
2022-05-23 12:58:00,255.785,256.042,255.719,256.015,31226
2022-05-23 12:57:00,255.894,255.992,255.729,255.774,33930
2022-05-23 12:56:00,255.874,256.042,255.699,255.868,37656
2022-05-23 12:55:00,255.958,256.022,255.748,255.878,32654
2022-05-23 12:54:00,256.1,256.13,255.876,255.947,23261
2022-05-23 12:53:00,255.982,256.13,255.876,256.085,24670
2022-05-23 12:52:00,256.15,256.209,255.894,255.976,38247
2022-05-23 12:51:00,256.382,256.412,256.044,256.163,23141
2022-05-23 12:50:00,256.278,256.465,256.191,256.38,31751
2022-05-23 12:49:00,256.209,256.303,256.083,256.252,38981
2022-05-23 12:48:00,256.255,256.445,256.004,256.252,66326
2022-05-23 12:47:00,256.563,256.642,256.25,256.281,21787
2022-05-23 12:46:00,256.701,256.78,256.398,256.498,22710
2022-05-23 12:45:00,256.878,256.967,256.605,256.646,25681
2022-05-23 12:44:00,256.829,256.982,256.762,256.892,24306
2022-05-23 12:43:00,256.681,256.869,256.62,256.842,30592
2022-05-23 12:42:00,256.711,256.849,256.565,256.685,43472
2022-05-23 12:41:00,256.73,256.859,256.624,256.704,31885
2022-05-23 12:40:00,256.868,256.966,256.624,256.715,24180
2022-05-23 12:39:00,256.701,256.898,256.605,256.823,35425
2022-05-23 12:38:00,256.721,256.869,256.654,256.725,45357
2022-05-23 12:37:00,256.711,256.81,256.605,256.715,26132
2022-05-23 12:36:00,256.706,256.829,256.624,256.695,34536
2022-05-23 12:35:00,256.602,256.736,256.447,256.705,24464
2022-05-23 12:34:00,256.543,256.682,256.373,256.606,26844
2022-05-23 12:33:00,256.73,256.819,256.398,256.567,21468
2022-05-23 12:32:00,256.445,256.765,256.248,256.739,42270
2022-05-23 12:31:00,256.661,256.785,256.388,256.429,46192
2022-05-23 12:30:00,256.873,256.977,256.585,256.646,50248
2022-05-23 12:29:00,256.957,257.075,256.701,256.869,85749
2022-05-23 12:28:00,256.937,257.016,256.733,256.99,44313
2022-05-23 12:27:00,257.183,257.296,256.831,256.921,38602
2022-05-23 12:26:00,257.164,257.233,257.038,257.187,41385
2022-05-23 12:25:00,257.134,257.213,256.956,257.187,46450
2022-05-23 12:24:00,256.957,257.184,256.91,257.108,28644
2022-05-23 12:23:00,257.095,257.125,256.851,256.971,31562
2022-05-23 12:22:00,257.262,257.346,256.959,257.083,33338
2022-05-23 12:21:00,257.036,257.282,256.979,257.241,54964
2022-05-23 12:20:00,256.991,257.105,256.921,257.039,46324
2022-05-23 12:19:00,256.991,257.115,256.944,257.005,16995
2022-05-23 12:18:00,257.075,257.105,256.831,257.0,23986
2022-05-23 12:17:00,257.045,257.125,256.799,257.079,36006
2022-05-23 12:16:00,257.301,257.361,256.88,257.049,36192
2022-05-23 12:15:00,256.986,257.341,256.959,257.315,33813
2022-05-23 12:14:00,257.124,257.174,256.9,256.99,29285
2022-05-23 12:13:00,257.173,257.227,256.959,257.099,27332
2022-05-23 12:12:00,257.164,257.312,257.117,257.172,30812
2022-05-23 12:11:00,257.232,257.331,257.067,257.153,43963
2022-05-23 12:10:00,257.37,257.42,257.126,257.236,33944
2022-05-23 12:09:00,257.331,257.42,257.176,257.384,50775
2022-05-23 12:08:00,257.331,257.479,257.2,257.374,59526
2022-05-23 12:07:00,257.292,257.43,257.225,257.315,33971
2022-05-23 12:06:00,257.321,257.4,257.126,257.303,62741
2022-05-23 12:05:00,257.223,257.351,257.146,257.286,39798
2022-05-23 12:04:00,257.242,257.331,256.9,257.245,53169
2022-05-23 12:03:00,256.75,257.283,256.654,257.257,88858
2022-05-23 12:02:00,256.721,256.938,256.526,256.793,66271
2022-05-23 12:01:00,256.268,256.76,256.241,256.734,80061
2022-05-23 12:00:00,256.081,256.406,255.901,256.288,69809
2022-05-23 11:59:00,256.12,256.17,255.924,256.055,28646
2022-05-23 11:58:00,255.992,256.278,255.94,256.124,28804
2022-05-23 11:57:00,255.702,256.049,255.65,255.992,25421
2022-05-23 11:56:00,255.756,255.894,255.581,255.681,25156
2022-05-23 11:55:00,255.707,255.815,255.601,255.724,25916
2022-05-23 11:54:00,255.702,255.781,255.556,255.671,28871
2022-05-23 11:53:00,255.559,255.914,255.532,255.691,37096
2022-05-23 11:52:00,255.618,255.667,255.446,255.592,99155
2022-05-23 11:51:00,255.48,255.667,255.364,255.642,31629
2022-05-23 11:50:00,255.643,255.874,255.463,255.523,50867
2022-05-23 11:49:00,255.254,255.658,255.207,255.632,25597
2022-05-23 11:48:00,255.613,255.648,255.222,255.322,61283
2022-05-23 11:47:00,255.559,255.776,255.414,255.602,32025
2022-05-23 11:46:00,255.667,255.805,255.473,255.533,33408
2022-05-23 11:45:00,255.677,255.943,255.532,255.656,39180
2022-05-23 11:44:00,255.834,255.884,255.463,255.681,60559
2022-05-23 11:43:00,256.081,256.179,255.817,255.848,48091
2022-05-23 11:42:00,255.864,256.066,255.768,256.04,52988
2022-05-23 11:41:00,255.766,256.03,255.729,255.888,45917
2022-05-23 11:40:00,256.287,256.327,255.709,255.779,61777
2022-05-23 11:39:00,255.805,256.347,255.773,256.301,102781
2022-05-23 11:38:00,255.766,255.884,255.679,255.794,19023
2022-05-23 11:37:00,255.638,255.845,255.551,255.75,39183
2022-05-23 11:36:00,255.47,255.648,255.276,255.622,49888
2022-05-23 11:35:00,255.667,255.736,255.384,255.445,38598
2022-05-23 11:34:00,255.529,255.776,255.502,255.651,50121
2022-05-23 11:33:00,255.064,255.53,254.971,255.494,67645
2022-05-23 11:32:00,254.978,255.372,254.892,255.051,67568
2022-05-23 11:31:00,255.175,255.431,254.941,254.992,45072
2022-05-23 11:30:00,255.155,255.293,254.951,255.169,40089
2022-05-23 11:29:00,255.175,255.254,254.98,255.159,41711
2022-05-23 11:28:00,254.948,255.234,254.912,255.149,65326
2022-05-23 11:27:00,255.441,255.667,254.852,254.913,94502
2022-05-23 11:26:00,255.411,255.5,255.099,255.473,74702
2022-05-23 11:25:00,255.086,255.451,254.916,255.415,57970
2022-05-23 11:24:00,254.835,255.126,254.774,255.085,44230
2022-05-23 11:23:00,254.85,254.919,254.616,254.834,58740
2022-05-23 11:22:00,254.627,255.008,254.552,254.903,40688
2022-05-23 11:21:00,254.564,254.781,254.321,254.627,38999
2022-05-23 11:20:00,254.318,254.594,254.203,254.564,34747
2022-05-23 11:19:00,254.638,254.693,254.252,254.337,49066
2022-05-23 11:18:00,254.899,255.003,254.568,254.637,25941
2022-05-23 11:17:00,255.067,255.234,254.725,254.883,27097
2022-05-23 11:16:00,254.938,255.293,254.835,255.071,50056
2022-05-23 11:15:00,255.185,255.303,254.744,254.952,52700
2022-05-23 11:14:00,255.204,255.293,254.813,255.144,46604
2022-05-23 11:13:00,255.037,255.234,254.833,255.189,44896
2022-05-23 11:12:00,255.027,255.125,254.843,255.046,52841
2022-05-23 11:11:00,255.037,255.096,254.735,255.041,73435
2022-05-23 11:10:00,255.185,255.238,254.971,255.051,48239
2022-05-23 11:09:00,254.909,255.195,254.877,255.139,41774
2022-05-23 11:08:00,255.047,255.224,254.892,254.923,44230
2022-05-23 11:07:00,254.82,255.224,254.709,255.002,57059
2022-05-23 11:06:00,254.899,255.259,254.774,254.834,73748
2022-05-23 11:05:00,254.742,254.993,254.715,254.874,60152
2022-05-23 11:04:00,254.811,254.949,254.449,254.746,72446
2022-05-23 11:03:00,254.289,254.998,254.22,254.844,71189
2022-05-23 11:02:00,254.131,254.299,253.75,254.263,31786
2022-05-23 11:01:00,253.186,254.417,253.13,254.086,57891
2022-05-23 11:00:00,253.59,253.751,253.149,253.18,41171
2022-05-23 10:59:00,253.285,253.702,253.199,253.574,48936
2022-05-23 10:58:00,252.95,253.427,252.78,253.259,48890
2022-05-23 10:57:00,252.979,253.137,252.716,252.934,44404
2022-05-23 10:56:00,253.019,253.314,252.844,253.042,35469
2022-05-23 10:55:00,253.275,253.354,252.81,253.003,37062
2022-05-23 10:54:00,253.334,253.501,252.992,253.249,53294
2022-05-23 10:53:00,252.792,253.354,252.717,253.308,59872
2022-05-23 10:52:00,253.363,253.56,252.775,252.875,64200
2022-05-23 10:51:00,254.02,254.117,253.209,253.298,57081
2022-05-23 10:50:00,254.062,254.093,253.681,254.03,41240
2022-05-23 10:49:00,254.604,254.86,254.035,254.116,120098
2022-05-23 10:48:00,254.279,254.811,254.232,254.598,154847
2022-05-23 10:47:00,253.895,254.299,253.425,254.273,73835
2022-05-23 10:46:00,254.045,254.122,253.784,253.938,65313
2022-05-23 10:45:00,253.895,254.112,253.819,254.056,49185
2022-05-23 10:44:00,253.6,253.964,253.538,253.938,55436
2022-05-23 10:43:00,253.585,253.747,253.405,253.623,47547
2022-05-23 10:42:00,253.383,253.639,253.129,253.604,70803
2022-05-23 10:41:00,254.102,254.19,253.268,253.408,69074
2022-05-23 10:40:00,253.944,254.259,253.75,254.066,56219
2022-05-23 10:39:00,254.2,254.368,253.839,253.928,37508
2022-05-23 10:38:00,253.728,254.269,253.632,254.204,66598
2022-05-23 10:37:00,253.939,254.24,253.632,253.707,94501
2022-05-23 10:36:00,254.299,254.397,253.779,253.909,93477
2022-05-23 10:35:00,254.023,254.387,253.942,254.312,78871
2022-05-23 10:34:00,253.944,254.043,253.681,254.007,74636
2022-05-23 10:33:00,253.954,254.23,253.809,253.953,88672
2022-05-23 10:32:00,253.737,254.082,253.642,253.953,88040
2022-05-23 10:31:00,253.276,253.934,253.228,253.722,58146
2022-05-23 10:30:00,253.688,253.905,253.061,253.274,104617
2022-05-23 10:29:00,252.448,253.767,252.273,253.67,94474
2022-05-23 10:28:00,252.044,252.583,251.988,252.432,66371
2022-05-23 10:27:00,252.704,252.743,251.899,252.043,91847
2022-05-23 10:26:00,252.421,252.989,252.395,252.757,40812
2022-05-23 10:25:00,253.068,253.137,252.303,252.422,55554
2022-05-23 10:24:00,253.034,253.176,252.746,253.062,49863
2022-05-23 10:23:00,253.16,253.521,252.953,253.013,122816
2022-05-23 10:22:00,252.576,253.383,252.529,253.17,66906
2022-05-23 10:21:00,252.645,252.753,252.401,252.598,38550
2022-05-23 10:20:00,252.655,252.743,252.332,252.639,80284
2022-05-23 10:19:00,252.827,252.92,252.549,252.708,42510
2022-05-23 10:18:00,253.038,253.107,252.608,252.881,58499
2022-05-23 10:17:00,252.079,253.235,251.889,253.033,99002
2022-05-23 10:16:00,252.477,252.507,251.929,252.08,53310
2022-05-23 10:15:00,251.778,252.497,251.752,252.462,85037
2022-05-23 10:14:00,251.96,252.074,251.496,251.792,51829
2022-05-23 10:13:00,252.152,252.182,251.752,251.964,43361
2022-05-23 10:12:00,251.729,252.31,251.486,252.196,93863
2022-05-23 10:11:00,251.335,251.758,251.131,251.733,59805
2022-05-23 10:10:00,251.488,251.778,251.284,251.349,56579
2022-05-23 10:09:00,251.385,251.709,251.082,251.497,62072
2022-05-23 10:08:00,251.68,251.719,251.23,251.354,58402
2022-05-23 10:07:00,251.979,252.093,251.702,251.762,45885
2022-05-23 10:06:00,252.123,252.28,251.968,252.028,49249
2022-05-23 10:05:00,251.709,252.275,251.343,252.098,67710
2022-05-23 10:04:00,251.896,252.044,251.574,251.707,66174
2022-05-23 10:03:00,251.394,251.926,251.269,251.9,79250
2022-05-23 10:02:00,252.113,252.142,251.344,251.375,81436
2022-05-23 10:01:00,252.221,252.497,251.889,252.087,78778
2022-05-23 10:00:00,252.738,252.97,252.155,252.195,79692
2022-05-23 09:59:00,253.245,253.314,252.588,252.742,84308
2022-05-23 09:58:00,253.324,253.728,253.169,253.249,114146
2022-05-23 09:57:00,252.507,253.467,252.46,253.313,122156
2022-05-23 09:56:00,252.792,253.235,252.441,252.501,101045
2022-05-23 09:55:00,253.55,253.718,252.726,252.777,103293
2022-05-23 09:54:00,253.875,253.974,253.435,253.545,127137
2022-05-23 09:53:00,253.993,254.082,253.553,253.874,165312
2022-05-23 09:52:00,253.472,254.112,253.415,253.997,141607
2022-05-23 09:51:00,253.314,253.56,252.953,253.466,68186
2022-05-23 09:50:00,253.147,253.531,253.09,253.328,84246
2022-05-23 09:49:00,252.802,253.186,252.706,253.161,96986
2022-05-23 09:48:00,253.029,253.501,252.746,252.782,117810
2022-05-23 09:47:00,252.527,253.216,252.49,253.003,86462
2022-05-23 09:46:00,252.536,252.674,252.155,252.541,83339
2022-05-23 09:45:00,251.985,252.595,251.85,252.552,86177
2022-05-23 09:44:00,252.354,252.418,251.909,251.94,51480
2022-05-23 09:43:00,252.455,252.556,252.067,252.304,87799
2022-05-23 09:42:00,252.064,252.507,251.811,252.383,75146
2022-05-23 09:41:00,250.971,252.3,250.925,252.028,128713
2022-05-23 09:40:00,250.155,251.079,249.999,251.024,65652
2022-05-23 09:39:00,250.459,250.734,249.901,250.222,83207
2022-05-23 09:38:00,250.292,250.961,250.265,250.463,70993
2022-05-23 09:37:00,250.302,250.331,249.478,250.246,58671
2022-05-23 09:36:00,250.686,250.882,249.802,250.315,51533
2022-05-23 09:35:00,250.577,250.922,250.137,250.679,61696
2022-05-23 09:34:00,249.918,250.675,249.645,250.591,57308
2022-05-23 09:33:00,250.331,250.712,249.837,249.961,75880
2022-05-23 09:32:00,250.164,250.597,249.832,250.394,75444
2022-05-23 09:31:00,251.04,251.886,250.216,250.246,84889
2022-05-23 09:30:00,251.887,252.054,250.039,251.136,536861
2022-05-23 09:29:00,251.562,251.591,251.535,251.566,100
2022-05-23 09:28:00,251.936,251.965,251.909,251.94,200
2022-05-23 09:27:00,251.414,252.044,251.387,252.019,1662
2022-05-23 09:26:00,251.404,251.434,251.378,251.408,200
2022-05-23 09:25:00,251.257,251.286,251.131,251.162,865
2022-05-23 09:24:00,251.483,251.699,251.456,251.487,605
2022-05-23 09:23:00,251.985,252.064,251.318,251.605,1174
2022-05-23 09:22:00,251.818,251.965,251.791,251.94,649
2022-05-23 09:21:00,251.69,251.719,251.663,251.694,101
2022-05-23 09:20:00,252.103,252.133,251.633,251.664,1181
2022-05-23 09:19:00,252.103,252.172,252.008,252.107,797
2022-05-23 09:18:00,251.975,252.064,251.949,252.009,2432
2022-05-23 09:17:00,251.788,252.027,251.761,252.002,881
2022-05-23 09:15:00,251.936,251.965,251.663,251.694,301
2022-05-23 09:13:00,252.034,252.064,251.86,251.891,584
2022-05-23 09:11:00,251.847,252.034,251.821,252.009,1000
2022-05-23 09:08:00,252.005,252.034,251.978,252.009,353
2022-05-23 09:07:00,251.542,251.867,251.515,251.841,2534
2022-05-23 09:06:00,251.466,251.495,251.439,251.47,100
2022-05-23 09:05:00,251.542,251.571,251.338,251.369,300
2022-05-23 09:04:00,251.05,251.537,251.023,251.511,1277
2022-05-23 09:03:00,250.656,250.882,250.6,250.857,1699
2022-05-23 09:02:00,250.902,250.931,250.777,250.808,281
2022-05-23 09:01:00,251.079,251.109,251.023,251.054,300
2022-05-23 09:00:00,251.247,251.276,251.22,251.251,198
2022-05-23 08:58:00,251.099,251.128,251.025,251.056,2100
2022-05-23 08:57:00,251.05,251.079,251.023,251.054,200
2022-05-23 08:56:00,251.148,251.178,251.122,251.152,300
2022-05-23 08:55:00,251.05,251.079,251.023,251.054,933
2022-05-23 08:52:00,251.051,251.08,251.024,251.055,100
2022-05-23 08:50:00,251.1,251.129,251.043,251.073,684
2022-05-23 08:47:00,251.197,251.424,251.072,251.103,1698
2022-05-23 08:46:00,251.197,251.227,251.171,251.201,1065
2022-05-23 08:45:00,251.197,251.227,251.171,251.201,600
2022-05-23 08:43:00,251.64,251.67,251.437,251.546,645
2022-05-23 08:42:00,251.66,251.912,251.614,251.644,1380
2022-05-23 08:41:00,251.739,251.818,251.614,251.743,879
2022-05-23 08:40:00,251.64,251.818,251.614,251.792,1991
2022-05-23 08:39:00,251.542,252.064,251.515,252.038,2866
2022-05-23 08:38:00,251.404,251.434,251.378,251.408,100
2022-05-23 08:36:00,251.64,251.67,251.269,251.3,300
2022-05-23 08:35:00,250.863,251.473,250.836,251.447,4043
2022-05-23 08:34:00,250.754,250.784,250.728,250.758,100
2022-05-23 08:33:00,251.06,251.178,250.61,250.66,1115
2022-05-23 08:32:00,251.296,251.325,251.171,251.221,685
2022-05-23 08:31:00,251.296,251.355,251.269,251.3,2357
2022-05-23 08:30:00,251.552,251.581,251.299,251.359,2824
2022-05-23 08:29:00,251.788,251.916,251.761,251.891,257
2022-05-23 08:28:00,251.552,251.63,251.525,251.585,1310
2022-05-23 08:27:00,251.532,251.591,251.506,251.566,220
2022-05-23 08:26:00,251.394,252.064,251.368,252.038,11224
2022-05-23 08:25:00,251.562,251.591,251.368,251.398,1040
2022-05-23 08:23:00,251.739,251.768,251.614,251.743,1625
2022-05-23 08:21:00,251.887,251.916,251.86,251.891,250
2022-05-23 08:20:00,251.946,251.975,251.919,251.95,100
2022-05-23 08:19:00,252.034,252.162,252.008,252.137,679
2022-05-23 08:18:00,252.128,252.158,251.909,251.94,821
2022-05-23 08:17:00,252.093,252.28,252.067,252.255,1105
2022-05-23 08:16:00,252.034,252.064,252.008,252.038,154
2022-05-23 08:15:00,252.28,252.31,252.008,252.038,225
2022-05-23 08:13:00,252.093,252.123,252.067,252.097,247
2022-05-23 08:12:00,251.709,251.857,251.683,251.831,540
2022-05-23 08:10:00,251.837,251.867,251.811,251.841,400
2022-05-23 08:08:00,252.28,252.31,252.254,252.284,100
2022-05-23 08:07:00,252.034,252.172,251.958,252.146,4184
2022-05-23 08:06:00,251.887,252.064,251.86,251.999,764
2022-05-23 08:05:00,251.877,251.916,251.801,251.881,1045
2022-05-23 08:04:00,251.788,251.818,251.761,251.792,466
2022-05-23 08:03:00,251.64,251.818,251.614,251.784,1479
2022-05-23 08:02:00,251.719,251.749,251.417,251.595,2896
2022-05-23 08:01:00,251.719,251.749,251.515,251.546,554
2022-05-23 08:00:00,251.788,251.867,250.58,251.733,26650
2022-05-23 07:59:00,251.542,251.571,251.515,251.546,600
2022-05-23 07:58:00,251.493,251.542,251.417,251.447,655
2022-05-23 07:57:00,251.286,251.374,251.259,251.349,722
2022-05-23 07:56:00,251.257,251.286,251.23,251.26,229
2022-05-23 07:54:00,251.345,251.374,251.063,251.093,567
2022-05-23 07:53:00,251.739,251.768,251.525,251.556,653
2022-05-23 07:52:00,251.375,251.404,251.348,251.379,131
2022-05-23 07:51:00,251.276,251.345,251.25,251.319,726
2022-05-23 07:50:00,250.951,251.187,250.925,251.162,1651
2022-05-23 07:49:00,250.764,251.138,250.728,251.054,724
2022-05-23 07:46:00,251.276,251.306,251.22,251.251,295
2022-05-23 07:44:00,251.542,251.571,251.446,251.477,433
2022-05-23 07:41:00,251.04,251.758,251.013,251.733,774
2022-05-23 07:40:00,250.745,250.774,250.718,250.748,806
2022-05-23 07:39:00,250.745,250.774,250.639,250.67,1048
2022-05-23 07:37:00,250.823,250.853,250.797,250.827,100
2022-05-23 07:36:00,250.981,251.01,250.925,250.955,341
2022-05-23 07:35:00,251.001,251.03,250.974,251.004,100
2022-05-23 07:30:00,251.05,251.079,251.023,251.054,108
2022-05-23 07:29:00,251.089,251.118,251.033,251.064,258
2022-05-23 07:27:00,251.345,251.374,251.318,251.349,100
2022-05-23 07:26:00,251.05,251.079,251.023,251.054,373
2022-05-23 07:25:00,250.951,250.981,250.925,250.955,100
2022-05-23 07:24:00,251.04,251.069,251.003,251.034,396
2022-05-23 07:23:00,251.05,251.079,251.023,251.054,117
2022-05-23 07:21:00,251.513,251.542,251.309,251.349,750
2022-05-23 07:19:00,251.513,251.542,251.486,251.516,1000
2022-05-23 07:16:00,251.64,251.67,251.525,251.556,536
2022-05-23 07:15:00,251.808,251.877,251.781,251.851,250
2022-05-23 07:13:00,251.64,252.005,251.614,251.979,307
2022-05-23 07:12:00,251.768,251.916,251.742,251.891,589
2022-05-23 07:11:00,251.542,251.896,251.515,251.546,502
2022-05-23 07:10:00,251.404,251.434,251.378,251.408,150
2022-05-23 07:09:00,251.355,251.522,251.328,251.497,783
2022-05-23 07:07:00,251.394,251.424,251.318,251.349,200
2022-05-23 07:06:00,251.345,251.374,251.318,251.349,200
2022-05-23 07:05:00,251.266,251.325,251.24,251.27,476
2022-05-23 07:04:00,251.729,251.758,251.515,251.546,1253
2022-05-23 07:03:00,251.68,251.758,251.653,251.733,520
2022-05-23 07:02:00,251.729,251.758,251.545,251.625,530
2022-05-23 07:01:00,251.69,251.729,251.663,251.703,200
2022-05-23 07:00:00,251.493,251.867,251.368,251.418,5567
2022-05-23 06:59:00,251.513,251.778,251.466,251.753,903
2022-05-23 06:58:00,251.788,251.946,251.752,251.92,710
2022-05-23 06:57:00,251.65,251.818,251.624,251.792,529
2022-05-23 06:56:00,251.522,251.552,251.496,251.526,200
2022-05-23 06:55:00,251.414,251.522,251.387,251.497,556
2022-05-23 06:52:00,251.227,251.256,251.2,251.231,200
2022-05-23 06:51:00,251.296,251.325,251.269,251.3,100
2022-05-23 06:48:00,251.424,251.522,251.397,251.497,429
2022-05-23 06:47:00,251.217,251.246,251.191,251.221,110
2022-05-23 06:44:00,251.04,251.079,251.013,251.054,431
2022-05-23 06:43:00,251.099,251.128,251.072,251.103,200
2022-05-23 06:42:00,251.237,251.266,251.21,251.241,190
2022-05-23 06:35:00,250.43,250.784,250.403,250.758,7308
2022-05-23 06:32:00,250.39,250.488,250.364,250.463,309
2022-05-23 06:30:00,250.055,250.085,250.029,250.059,125
2022-05-23 06:28:00,250.046,250.075,250.019,250.049,1258
2022-05-23 06:24:00,250.055,250.085,250.019,250.049,200
2022-05-23 06:21:00,249.977,250.006,249.95,249.981,300
2022-05-23 06:05:00,249.868,249.898,249.842,249.872,100
2022-05-23 06:01:00,249.898,249.927,249.743,249.774,426
2022-05-23 05:59:00,249.967,249.996,249.94,249.971,100
2022-05-23 05:56:00,249.868,249.898,249.842,249.872,472
2022-05-23 05:55:00,249.947,250.094,249.921,250.069,847
2022-05-23 05:54:00,250.587,250.616,249.054,250.463,11268
2022-05-23 05:40:00,251.03,251.069,251.003,251.044,688
2022-05-23 05:37:00,251.453,251.522,251.427,251.497,311
2022-05-23 05:36:00,251.434,251.463,251.387,251.418,210
2022-05-23 05:34:00,251.197,251.227,251.171,251.201,1000
2022-05-23 05:29:00,250.902,251.059,250.875,251.034,348
2022-05-23 05:28:00,250.636,250.666,250.61,250.64,448
2022-05-23 05:22:00,250.41,250.439,250.383,250.414,100
2022-05-23 05:16:00,250.134,250.193,250.108,250.168,1585
2022-05-23 05:13:00,250.39,250.419,250.344,250.374,200
2022-05-23 05:12:00,250.538,250.567,250.511,250.542,109
2022-05-23 05:09:00,250.164,250.193,250.137,250.168,100
2022-05-23 05:02:00,250.075,250.104,250.049,250.079,100
2022-05-23 05:01:00,250.065,250.094,250.039,250.069,500
2022-05-23 04:47:00,249.898,249.927,249.871,249.902,250
2022-05-23 04:46:00,249.908,249.937,249.881,249.912,100
2022-05-23 04:45:00,249.868,249.898,249.842,249.872,100
2022-05-23 04:44:00,249.868,249.898,249.842,249.872,200
2022-05-23 04:40:00,249.868,249.898,249.842,249.872,100
2022-05-23 04:37:00,249.957,249.996,249.93,249.971,400
2022-05-23 04:35:00,250.075,250.104,249.999,250.03,406
2022-05-23 04:20:00,250.203,250.232,250.177,250.207,102
2022-05-23 04:14:00,250.676,250.705,250.649,250.68,300
2022-05-23 04:13:00,251.148,251.178,251.122,251.152,200
2022-05-23 04:11:00,251.394,251.473,251.368,251.447,598
2022-05-23 04:07:00,251.542,251.571,251.515,251.546,100
2022-05-23 04:06:00,251.542,251.571,251.515,251.546,459
2022-05-23 04:05:00,251.69,251.719,251.663,251.694,380
2022-05-23 04:04:00,251.355,251.384,251.328,251.359,100
2022-05-23 04:03:00,251.837,252.014,251.811,251.841,679
2022-05-23 04:00:00,251.06,252.556,251.033,252.53,774
2022-05-20 19:59:00,248.884,248.913,248.857,248.888,284
2022-05-20 19:58:00,249.081,249.11,249.054,249.085,400
2022-05-20 19:49:00,248.913,249.011,248.887,248.986,772
2022-05-20 19:43:00,248.844,248.923,248.818,248.898,220
2022-05-20 19:41:00,248.844,248.874,248.818,248.848,100
2022-05-20 19:40:00,248.884,248.913,248.857,248.888,600
2022-05-20 19:39:00,248.884,248.913,248.857,248.888,100
2022-05-20 19:37:00,248.884,248.913,248.779,248.809,500
2022-05-20 19:36:00,248.884,248.913,248.857,248.888,130
2022-05-20 19:35:00,248.874,248.903,248.848,248.878,100
2022-05-20 19:24:00,248.854,248.893,248.828,248.868,200
2022-05-20 19:23:00,248.854,248.883,248.828,248.858,495
2022-05-20 19:21:00,248.864,248.893,248.838,248.868,1000
2022-05-20 19:08:00,248.933,248.962,248.907,248.937,200
2022-05-20 18:57:00,248.953,249.011,248.926,248.986,420
2022-05-20 18:54:00,248.854,248.883,248.828,248.858,120
2022-05-20 18:52:00,248.825,248.854,248.798,248.829,500
2022-05-20 18:47:00,248.736,248.765,248.71,248.74,250
2022-05-20 18:46:00,248.638,248.667,248.611,248.642,100
2022-05-20 18:45:00,248.726,248.755,248.7,248.73,1500
2022-05-20 18:44:00,248.638,248.667,248.611,248.642,377
2022-05-20 18:43:00,248.549,248.578,248.523,248.553,604
2022-05-20 18:24:00,248.657,248.686,248.631,248.661,200
2022-05-20 18:22:00,248.667,248.696,248.641,248.671,230
2022-05-20 18:21:00,248.736,248.765,248.71,248.74,890
2022-05-20 18:20:00,248.736,248.765,248.71,248.74,106
2022-05-20 18:19:00,248.736,248.765,248.71,248.74,350
2022-05-20 18:18:00,248.825,248.854,248.67,248.73,1289
2022-05-20 18:16:00,248.716,248.746,248.69,248.72,160
2022-05-20 18:15:00,248.726,248.755,248.67,248.701,225
2022-05-20 18:14:00,248.795,248.854,248.769,248.829,900
2022-05-20 18:13:00,248.687,248.716,248.661,248.691,100
2022-05-20 18:09:00,248.687,248.854,248.661,248.829,3341
2022-05-20 18:02:00,248.648,248.677,248.621,248.651,1200
2022-05-20 17:58:00,248.687,248.716,248.661,248.691,400
2022-05-20 17:54:00,248.825,248.854,248.798,248.829,268
2022-05-20 17:53:00,248.648,248.677,248.621,248.651,100
2022-05-20 17:51:00,248.648,248.893,248.621,248.868,3103
2022-05-20 17:50:00,248.687,248.716,248.611,248.642,360
2022-05-20 17:48:00,248.687,248.716,248.661,248.691,130
2022-05-20 17:46:00,248.776,248.805,248.749,248.779,500
2022-05-20 17:43:00,248.638,248.667,248.611,248.642,766
2022-05-20 17:38:00,248.697,248.726,248.67,248.701,100
2022-05-20 17:37:00,248.589,248.618,248.562,248.592,1914
2022-05-20 17:35:00,248.589,248.618,248.562,248.592,301
2022-05-20 17:34:00,248.51,248.618,248.483,248.592,200
2022-05-20 17:28:00,248.589,248.618,248.562,248.592,100
2022-05-20 17:27:00,248.687,248.716,248.661,248.691,454
2022-05-20 17:25:00,248.726,248.765,248.7,248.74,400
2022-05-20 17:20:00,248.648,248.677,248.503,248.533,64457
2022-05-20 17:17:00,248.589,248.618,248.562,248.592,485
2022-05-20 17:16:00,248.51,248.539,248.483,248.514,100
2022-05-20 17:15:00,248.648,248.677,248.621,248.651,188
2022-05-20 17:14:00,248.648,248.677,248.621,248.651,100
2022-05-20 17:12:00,248.608,248.814,248.562,248.789,11500
2022-05-20 17:11:00,248.362,248.391,248.336,248.366,100
2022-05-20 17:10:00,248.618,248.657,248.316,248.366,6838
2022-05-20 17:09:00,248.618,248.647,248.483,248.514,694
2022-05-20 17:08:00,248.589,248.657,248.562,248.592,1150
2022-05-20 17:07:00,248.638,248.667,248.483,248.514,250
2022-05-20 17:06:00,248.618,248.667,248.592,248.642,440
2022-05-20 17:03:00,248.51,248.539,248.483,248.514,200
2022-05-20 17:02:00,248.49,248.519,248.464,248.494,147
2022-05-20 17:00:00,248.579,248.667,248.552,248.642,570
2022-05-20 16:59:00,248.49,248.519,248.464,248.494,600
2022-05-20 16:57:00,248.579,248.608,248.552,248.583,944
2022-05-20 16:56:00,248.638,248.667,248.611,248.642,100
2022-05-20 16:54:00,248.441,248.47,248.414,248.445,2461
2022-05-20 16:53:00,248.451,248.48,248.424,248.455,100
2022-05-20 16:52:00,248.589,248.618,248.562,248.592,100
2022-05-20 16:51:00,248.638,248.667,248.611,248.642,1100
2022-05-20 16:50:00,248.638,248.667,248.562,248.592,427
2022-05-20 16:49:00,248.677,248.706,248.592,248.622,345
2022-05-20 16:48:00,248.667,248.696,248.542,248.573,1139
2022-05-20 16:47:00,248.638,248.667,248.611,248.642,954
2022-05-20 16:46:00,248.657,248.686,248.631,248.661,100
2022-05-20 16:45:00,248.677,248.706,248.651,248.681,400
2022-05-20 16:44:00,248.51,248.667,248.483,248.642,257
2022-05-20 16:41:00,248.579,248.608,248.552,248.583,113
2022-05-20 16:40:00,248.49,248.519,248.464,248.494,150
2022-05-20 16:38:00,248.392,248.421,248.365,248.395,2598
2022-05-20 16:37:00,248.539,248.568,248.513,248.543,100
2022-05-20 16:35:00,248.49,248.519,248.414,248.445,3134
2022-05-20 16:34:00,248.618,248.647,248.513,248.543,1069
2022-05-20 16:33:00,248.687,248.716,248.661,248.691,477
2022-05-20 16:32:00,248.49,248.578,248.464,248.553,7523
2022-05-20 16:31:00,248.49,248.519,248.464,248.494,1707
2022-05-20 16:30:00,248.49,248.519,248.464,248.494,1142
2022-05-20 16:28:00,248.49,248.519,248.375,248.405,1890
2022-05-20 16:27:00,248.49,248.568,248.464,248.543,539
2022-05-20 16:25:00,248.49,248.578,248.464,248.504,1200
2022-05-20 16:24:00,248.49,248.519,248.464,248.494,2079
2022-05-20 16:22:00,248.539,248.568,248.513,248.543,1346
2022-05-20 16:21:00,248.539,248.578,248.513,248.553,1555
2022-05-20 16:20:00,248.549,248.578,248.464,248.553,5837
2022-05-20 16:19:00,248.549,248.578,248.464,248.553,5389
2022-05-20 16:18:00,248.532,248.578,248.464,248.494,625
2022-05-20 16:17:00,248.49,248.529,248.464,248.504,363
2022-05-20 16:15:00,248.47,248.677,248.444,248.592,6211
2022-05-20 16:14:00,248.5,248.529,248.414,248.445,200
2022-05-20 16:13:00,248.5,248.529,248.375,248.445,629
2022-05-20 16:12:00,248.451,248.677,248.365,248.651,45240
2022-05-20 16:11:00,248.47,248.519,248.365,248.395,7281
2022-05-20 16:10:00,248.47,248.578,248.444,248.484,3721
2022-05-20 16:09:00,248.711,248.74,248.434,248.464,30222
2022-05-20 16:08:00,248.648,248.686,248.621,248.651,14193
2022-05-20 16:07:00,248.49,248.677,248.434,248.651,13715
2022-05-20 16:06:00,248.529,248.618,248.464,248.494,4747
2022-05-20 16:05:00,248.648,248.814,248.493,248.523,3892
2022-05-20 16:04:00,248.677,248.716,248.562,248.592,12882
2022-05-20 16:03:00,248.785,248.893,248.621,248.691,440807
2022-05-20 16:02:00,248.648,248.913,248.621,248.651,332245
2022-05-20 16:01:00,248.795,248.913,248.621,248.651,140465
2022-05-20 16:00:00,248.648,249.1,248.503,249.065,3579965
2022-05-20 15:59:00,248.539,249.031,248.395,248.651,536226
2022-05-20 15:58:00,248.51,248.677,248.218,248.543,202298
2022-05-20 15:57:00,248.372,248.568,248.001,248.514,183285
2022-05-20 15:56:00,248.244,248.499,247.873,248.356,183195
2022-05-20 15:55:00,247.998,248.283,247.538,248.238,183800
2022-05-20 15:54:00,247.702,248.012,247.154,247.987,172363
2022-05-20 15:53:00,247.378,247.79,246.967,247.677,168515
2022-05-20 15:52:00,247.757,247.899,247.135,247.352,103800
2022-05-20 15:51:00,247.929,248.174,247.253,247.746,141889
2022-05-20 15:50:00,246.885,248.194,246.859,247.952,264672
2022-05-20 15:49:00,246.994,247.062,246.554,246.86,113193
2022-05-20 15:48:00,246.551,247.101,246.524,246.973,105719
2022-05-20 15:47:00,246.029,246.757,245.934,246.549,137019
2022-05-20 15:46:00,246.541,246.638,245.924,246.052,87379
2022-05-20 15:45:00,246.738,246.894,246.243,246.545,106888
2022-05-20 15:44:00,247.131,247.2,246.524,246.732,131641
2022-05-20 15:43:00,247.486,247.564,247.056,247.135,148269
2022-05-20 15:42:00,247.063,247.623,246.928,247.509,103757
2022-05-20 15:41:00,246.856,247.081,246.485,247.057,107020
2022-05-20 15:40:00,246.157,246.944,246.062,246.855,121838
2022-05-20 15:39:00,245.704,246.176,245.461,246.151,113777
2022-05-20 15:38:00,246.285,246.451,245.684,245.714,101987
2022-05-20 15:37:00,246.068,246.807,246.042,246.279,114450
2022-05-20 15:36:00,245.605,246.136,245.579,246.051,121192
2022-05-20 15:35:00,244.97,245.821,244.802,245.629,115410
2022-05-20 15:34:00,245.162,245.349,244.92,245.019,223089
2022-05-20 15:33:00,244.995,245.191,244.935,245.166,88255
2022-05-20 15:32:00,244.611,245.063,244.565,244.979,78359
2022-05-20 15:31:00,244.769,244.896,244.521,244.631,90001
2022-05-20 15:30:00,245.103,245.171,244.625,244.787,116426
2022-05-20 15:29:00,244.838,245.171,244.644,245.078,109462
2022-05-20 15:28:00,244.488,244.915,244.378,244.812,50768
2022-05-20 15:27:00,244.023,244.541,243.837,244.507,97713
2022-05-20 15:26:00,243.42,244.039,243.355,243.985,53293
2022-05-20 15:25:00,243.38,243.497,243.222,243.404,53135
2022-05-20 15:24:00,243.277,243.488,242.991,243.369,59909
2022-05-20 15:23:00,243.607,243.763,243.237,243.286,85011
2022-05-20 15:22:00,243.735,244.088,243.576,243.611,88102
2022-05-20 15:21:00,243.588,243.773,243.463,243.709,53707
2022-05-20 15:20:00,243.538,243.744,243.394,243.552,54191
2022-05-20 15:19:00,243.513,243.734,243.276,243.477,80660
2022-05-20 15:18:00,243.321,243.532,243.088,243.507,46202
2022-05-20 15:17:00,243.263,243.468,243.148,243.315,43746
2022-05-20 15:16:00,243.198,243.429,243.069,243.266,61714
2022-05-20 15:15:00,242.982,243.606,242.946,243.207,89647
2022-05-20 15:14:00,243.105,243.143,242.808,242.99,51303
2022-05-20 15:13:00,242.76,243.133,242.597,243.109,69587
2022-05-20 15:12:00,242.888,242.995,242.734,242.803,58002
2022-05-20 15:11:00,243.036,243.31,242.872,242.902,59144
2022-05-20 15:10:00,243.282,243.325,242.966,242.995,55040
2022-05-20 15:09:00,243.174,243.33,242.803,243.296,92133
2022-05-20 15:08:00,243.272,243.301,242.942,243.158,99530
2022-05-20 15:07:00,243.715,243.744,243.232,243.325,89151
2022-05-20 15:06:00,243.646,244.098,243.62,243.699,71957
2022-05-20 15:05:00,244.05,244.098,243.62,243.65,58162
2022-05-20 15:04:00,244.001,244.108,243.778,244.054,74095
2022-05-20 15:03:00,244.139,244.256,243.876,244.025,65598
2022-05-20 15:02:00,244.611,244.689,244.083,244.126,91571
2022-05-20 15:01:00,244.847,244.925,244.477,244.615,31305
2022-05-20 15:00:00,244.439,244.817,244.339,244.792,42591
2022-05-20 14:59:00,244.631,244.679,244.349,244.408,37957
2022-05-20 14:58:00,244.65,244.758,244.487,244.625,33500
2022-05-20 14:57:00,244.461,244.768,244.408,244.639,29853
2022-05-20 14:56:00,244.601,244.738,244.28,244.46,38639
2022-05-20 14:55:00,244.719,245.057,244.536,244.605,81576
2022-05-20 14:54:00,245.118,245.26,244.644,244.713,103509
2022-05-20 14:53:00,244.798,245.221,244.772,245.117,58157
2022-05-20 14:52:00,244.355,244.876,244.329,244.813,57516
2022-05-20 14:51:00,244.366,244.531,244.177,244.329,57499
2022-05-20 14:50:00,244.099,244.384,243.788,244.359,69409
2022-05-20 14:49:00,244.07,244.246,243.906,244.096,47673
2022-05-20 14:48:00,243.975,244.236,243.876,244.103,43419
2022-05-20 14:47:00,243.863,244.069,243.773,243.96,37422
2022-05-20 14:46:00,243.779,243.921,243.522,243.886,58423
2022-05-20 14:45:00,244.326,244.354,243.66,243.788,70966
2022-05-20 14:44:00,244.104,244.443,244.044,244.339,65919
2022-05-20 14:43:00,244.237,244.285,243.86,244.113,62663
2022-05-20 14:42:00,244.05,244.403,244.004,244.251,49662
2022-05-20 14:41:00,244.065,244.344,243.945,244.068,48818
2022-05-20 14:40:00,243.932,244.374,243.857,244.093,56638
2022-05-20 14:39:00,244.098,244.206,243.896,243.954,36301
2022-05-20 14:38:00,244.089,244.395,244.063,244.162,25314
2022-05-20 14:37:00,244.395,244.511,244.044,244.073,34065
2022-05-20 14:36:00,244.217,244.502,244.162,244.408,54478
2022-05-20 14:35:00,243.73,244.325,243.689,244.195,76312
2022-05-20 14:34:00,243.971,244.128,243.699,243.739,66408
2022-05-20 14:33:00,243.922,244.147,243.739,244.004,58395
2022-05-20 14:32:00,244.178,244.384,243.857,243.926,76306
2022-05-20 14:31:00,244.434,244.482,244.054,244.182,80466
2022-05-20 14:30:00,244.601,244.965,244.398,244.448,60178
2022-05-20 14:29:00,244.621,244.777,244.369,244.605,34858
2022-05-20 14:28:00,244.463,244.768,244.28,244.635,45351
2022-05-20 14:27:00,244.286,244.61,244.26,244.457,44793
2022-05-20 14:26:00,244.142,244.413,244.083,244.31,39640
2022-05-20 14:25:00,244.355,244.423,244.063,244.172,56146
2022-05-20 14:24:00,244.375,244.768,244.25,244.339,56294
2022-05-20 14:23:00,244.257,244.571,244.191,244.359,28025
2022-05-20 14:22:00,244.247,244.472,244.211,244.29,40115
2022-05-20 14:21:00,244.385,244.417,244.172,244.231,36750
2022-05-20 14:20:00,244.554,244.679,244.241,244.339,36859
2022-05-20 14:19:00,244.591,244.679,244.428,244.526,24639
2022-05-20 14:18:00,244.414,244.827,244.26,244.615,34601
2022-05-20 14:17:00,244.616,244.645,244.378,244.438,26071
2022-05-20 14:16:00,244.887,244.915,244.556,244.625,56092
2022-05-20 14:15:00,245.005,245.221,244.861,244.9,46843
2022-05-20 14:14:00,244.936,245.161,244.9,245.038,31572
2022-05-20 14:13:00,245.13,245.181,244.841,244.94,35977
2022-05-20 14:12:00,245.084,245.516,245.058,245.147,32020
2022-05-20 14:11:00,245.251,245.28,244.93,245.039,31478
2022-05-20 14:10:00,245.369,245.693,245.255,245.284,39799
2022-05-20 14:09:00,245.103,245.299,244.895,245.266,33082
2022-05-20 14:08:00,244.929,245.171,244.821,245.147,35534
2022-05-20 14:07:00,245.153,245.24,244.9,244.94,43073
2022-05-20 14:06:00,245.349,245.477,245.087,245.156,61327
2022-05-20 14:05:00,245.665,245.693,245.255,245.373,51988
2022-05-20 14:04:00,245.783,245.851,245.54,245.57,41498
2022-05-20 14:03:00,245.778,246.205,245.687,245.777,38880
2022-05-20 14:02:00,245.733,245.993,245.57,245.777,30891
2022-05-20 14:01:00,246.137,246.166,245.698,245.742,56032
2022-05-20 14:00:00,246.117,246.235,245.944,246.156,30885
2022-05-20 13:59:00,246.162,246.215,245.826,246.082,54474
2022-05-20 13:58:00,246.088,246.204,245.983,246.18,24801
2022-05-20 13:57:00,246.364,246.471,245.904,246.092,38500
2022-05-20 13:56:00,246.364,246.515,246.268,246.367,33420
2022-05-20 13:55:00,246.314,246.55,246.2,246.338,38953
2022-05-20 13:54:00,246.339,246.707,246.229,246.289,60627
2022-05-20 13:53:00,245.95,246.382,245.874,246.317,39871
2022-05-20 13:52:00,245.901,245.989,245.688,245.934,17982
2022-05-20 13:51:00,246.126,246.166,245.688,245.859,34044
2022-05-20 13:50:00,245.989,246.245,245.914,246.18,22705
2022-05-20 13:49:00,245.911,246.176,245.737,246.042,47650
2022-05-20 13:48:00,246.275,246.304,245.894,245.924,30022
2022-05-20 13:47:00,246.393,246.432,246.062,246.249,29397
2022-05-20 13:46:00,245.956,246.491,245.894,246.436,55288
2022-05-20 13:45:00,245.763,246.018,245.412,245.974,31618
2022-05-20 13:44:00,245.684,245.91,245.56,245.806,40932
2022-05-20 13:43:00,245.586,245.801,245.304,245.708,38123
2022-05-20 13:42:00,245.26,245.614,245.186,245.53,62584
2022-05-20 13:41:00,245.202,245.408,245.077,245.265,56507
2022-05-20 13:40:00,245.276,245.378,245.068,245.186,44204
2022-05-20 13:39:00,245.586,245.624,245.264,245.304,49831
2022-05-20 13:38:00,245.743,245.979,245.54,245.619,38669
2022-05-20 13:37:00,245.556,245.939,245.373,245.688,41029
2022-05-20 13:36:00,245.502,245.713,245.304,245.572,38753
2022-05-20 13:35:00,245.891,245.959,245.412,245.471,23276
2022-05-20 13:34:00,245.459,245.979,245.402,245.908,41886
2022-05-20 13:33:00,244.67,245.654,244.625,245.471,63920
2022-05-20 13:32:00,245.084,245.24,244.634,244.684,46220
2022-05-20 13:31:00,244.69,245.26,244.664,245.117,46403
2022-05-20 13:30:00,244.311,244.787,244.201,244.703,37842
2022-05-20 13:29:00,244.286,244.393,244.162,244.31,24565
2022-05-20 13:28:00,244.414,244.561,244.25,244.31,33448
2022-05-20 13:27:00,244.412,244.718,244.26,244.435,43027
2022-05-20 13:26:00,244.67,244.699,244.359,244.408,36539
2022-05-20 13:25:00,244.67,244.797,244.565,244.713,16653
2022-05-20 13:24:00,244.67,244.905,244.625,244.674,23641
2022-05-20 13:23:00,244.847,245.004,244.536,244.661,29445
2022-05-20 13:22:00,244.926,245.102,244.753,244.92,37124
2022-05-20 13:21:00,244.744,244.999,244.585,244.92,39319
2022-05-20 13:20:00,244.887,245.063,244.723,244.763,30810
2022-05-20 13:19:00,244.788,245.102,244.753,244.893,51262
2022-05-20 13:18:00,244.808,244.945,244.693,244.772,41279
2022-05-20 13:17:00,244.995,245.201,244.772,244.831,57192
2022-05-20 13:16:00,244.838,245.024,244.792,244.998,34915
2022-05-20 13:15:00,245.103,245.26,244.763,244.861,32259
2022-05-20 13:14:00,244.936,245.152,244.772,245.097,50750
2022-05-20 13:13:00,244.631,245.211,244.605,245.028,67192
2022-05-20 13:12:00,244.719,244.866,244.526,244.625,32618
2022-05-20 13:11:00,244.828,244.925,244.654,244.718,33994
2022-05-20 13:10:00,244.542,244.866,244.516,244.831,52703
2022-05-20 13:09:00,244.503,244.807,244.477,244.526,55883
2022-05-20 13:08:00,244.818,244.994,244.349,244.497,60817
2022-05-20 13:07:00,245.133,245.191,244.802,244.831,54863
2022-05-20 13:06:00,245.182,245.447,245.097,245.186,40912
2022-05-20 13:05:00,245.226,245.387,245.117,245.275,32540
2022-05-20 13:04:00,245.409,245.516,245.176,245.25,38657
2022-05-20 13:03:00,245.133,245.693,244.91,245.452,47452
2022-05-20 13:02:00,245.064,245.274,244.89,245.176,32820
2022-05-20 13:01:00,245.399,245.526,245.001,245.079,54621
2022-05-20 13:00:00,245.694,245.723,245.25,245.432,45961
2022-05-20 12:59:00,245.556,245.762,245.402,245.688,61922
2022-05-20 12:58:00,245.576,245.742,245.353,245.523,27889
2022-05-20 12:57:00,245.861,245.89,245.442,245.614,27517
2022-05-20 12:56:00,245.645,246.048,245.579,245.727,23096
2022-05-20 12:55:00,245.34,245.949,245.146,245.688,61310
2022-05-20 12:54:00,244.995,245.392,244.821,245.304,84640
2022-05-20 12:53:00,245.92,245.979,244.083,244.971,479696
2022-05-20 12:52:00,245.556,245.998,245.471,245.901,70079
2022-05-20 12:51:00,245.802,245.841,245.432,245.57,49869
2022-05-20 12:50:00,245.758,245.9,245.579,245.826,76830
2022-05-20 12:49:00,245.3,245.801,245.274,245.718,64217
2022-05-20 12:48:00,245.271,245.673,245.068,245.27,87422
2022-05-20 12:47:00,244.532,245.23,244.477,245.186,76121
2022-05-20 12:46:00,244.68,244.955,244.447,244.549,55498
2022-05-20 12:45:00,245.322,245.35,244.625,244.674,59315
2022-05-20 12:44:00,245.256,245.364,245.038,245.309,55160
2022-05-20 12:43:00,245.202,245.491,244.91,245.275,335697
2022-05-20 12:42:00,245.596,245.624,245.127,245.206,159312
2022-05-20 12:41:00,245.783,245.831,245.54,245.599,145029
2022-05-20 12:40:00,245.832,245.88,245.53,245.762,39590
2022-05-20 12:39:00,245.69,246.008,245.664,245.836,113689
2022-05-20 12:38:00,245.97,245.998,245.599,245.695,94181
2022-05-20 12:37:00,246.167,246.254,245.914,245.978,59688
2022-05-20 12:36:00,246.078,246.392,245.944,246.18,134269
2022-05-20 12:35:00,246.541,246.619,245.688,246.102,403806
2022-05-20 12:34:00,246.802,246.914,246.505,246.545,66166
2022-05-20 12:33:00,246.974,247.131,246.751,246.801,28223
2022-05-20 12:32:00,246.989,247.229,246.849,246.978,36868
2022-05-20 12:31:00,246.747,247.338,246.721,246.989,50611
2022-05-20 12:30:00,246.935,247.052,246.593,246.712,231816
2022-05-20 12:29:00,246.925,247.121,246.82,246.948,54681
2022-05-20 12:28:00,247.013,247.141,246.865,246.895,29005
2022-05-20 12:27:00,247.048,247.101,246.835,247.027,18981
2022-05-20 12:26:00,247.102,247.18,246.908,247.037,30313
2022-05-20 12:25:00,247.466,247.495,247.046,247.116,19098
2022-05-20 12:24:00,247.141,247.584,247.115,247.46,38436
2022-05-20 12:23:00,247.161,247.456,247.105,247.16,32184
2022-05-20 12:22:00,247.141,247.249,246.977,247.194,26484
2022-05-20 12:21:00,247.191,247.239,246.967,247.101,14972
2022-05-20 12:20:00,246.802,247.219,246.711,247.192,45523
2022-05-20 12:19:00,246.925,247.072,246.702,246.801,30973
2022-05-20 12:18:00,246.871,247.091,246.844,246.919,38097
2022-05-20 12:17:00,247.289,247.352,246.879,246.919,40379
2022-05-20 12:16:00,247.2,247.357,246.987,247.234,46427
2022-05-20 12:15:00,247.437,247.49,247.105,247.184,29899
2022-05-20 12:14:00,247.673,247.761,247.263,247.43,45036
2022-05-20 12:13:00,247.058,247.699,247.017,247.674,43204
2022-05-20 12:12:00,247.122,247.15,246.849,247.066,42977
2022-05-20 12:11:00,246.777,247.2,246.633,247.066,37226
2022-05-20 12:10:00,247.21,247.347,246.643,246.781,96195
2022-05-20 12:09:00,247.456,247.603,247.184,247.214,53983
2022-05-20 12:08:00,248.008,248.037,247.46,247.49,69435
2022-05-20 12:07:00,248.372,248.435,247.972,248.023,101187
2022-05-20 12:06:00,248.579,248.618,248.296,248.361,16256
2022-05-20 12:05:00,248.401,248.622,248.326,248.592,18708
2022-05-20 12:04:00,248.51,248.593,248.346,248.405,18900
2022-05-20 12:03:00,248.273,248.696,248.247,248.494,27397
2022-05-20 12:02:00,248.323,248.401,248.109,248.248,41560
2022-05-20 12:01:00,248.539,248.588,248.306,248.337,18613
2022-05-20 12:00:00,248.47,248.647,248.383,248.578,23681
2022-05-20 11:59:00,248.707,248.79,248.454,248.504,21422
2022-05-20 11:58:00,248.569,248.775,248.434,248.711,27889
2022-05-20 11:57:00,248.746,248.775,248.466,248.543,31358
2022-05-20 11:56:00,248.72,249.051,248.68,248.77,24527
2022-05-20 11:55:00,248.648,248.775,248.434,248.666,37899
2022-05-20 11:54:00,248.771,248.8,248.444,248.622,33729
2022-05-20 11:53:00,249.031,249.061,248.661,248.76,40034
2022-05-20 11:52:00,249.041,249.227,248.907,249.06,22374
2022-05-20 11:51:00,248.864,249.11,248.803,249.035,14981
2022-05-20 11:50:00,249.15,249.179,248.822,248.907,15189
2022-05-20 11:49:00,249.071,249.169,248.936,249.128,14434
2022-05-20 11:48:00,249.091,249.208,248.926,249.085,19958
2022-05-20 11:47:00,248.953,249.179,248.867,249.127,27878
2022-05-20 11:46:00,248.953,249.258,248.877,248.966,20202
2022-05-20 11:45:00,248.785,249.228,248.749,248.907,27257
2022-05-20 11:44:00,249.12,249.228,248.7,248.799,25339
2022-05-20 11:43:00,249.189,249.228,248.936,249.151,18469
2022-05-20 11:42:00,249.372,249.484,249.202,249.252,21431
2022-05-20 11:41:00,249.484,249.582,249.271,249.38,34536
2022-05-20 11:40:00,248.918,249.504,248.867,249.449,47227
2022-05-20 11:39:00,248.716,249.051,248.69,248.888,22218
2022-05-20 11:38:00,249.317,249.371,248.749,248.779,25761
2022-05-20 11:37:00,249.16,249.435,249.104,249.291,19895
2022-05-20 11:36:00,249.494,249.592,249.104,249.163,31317
2022-05-20 11:35:00,249.504,249.543,249.261,249.512,16144
2022-05-20 11:34:00,249.278,249.573,249.104,249.547,19768
2022-05-20 11:33:00,249.14,249.356,249.054,249.291,38002
2022-05-20 11:32:00,249.46,249.523,249.064,249.163,21665
2022-05-20 11:31:00,249.288,249.691,249.232,249.474,37855
2022-05-20 11:30:00,249.032,249.386,248.887,249.311,44660
2022-05-20 11:29:00,249.317,249.346,248.972,249.065,29288
2022-05-20 11:28:00,249.13,249.38,248.917,249.32,42555
2022-05-20 11:27:00,249.033,249.287,248.877,249.154,44005
2022-05-20 11:26:00,248.776,249.11,248.646,249.075,36086
2022-05-20 11:25:00,248.431,248.834,248.355,248.789,62632
2022-05-20 11:24:00,248.313,248.519,248.257,248.464,48408
2022-05-20 11:23:00,248.461,248.509,248.267,248.312,32477
2022-05-20 11:22:00,248.411,248.677,248.346,248.484,51857
2022-05-20 11:21:00,248.736,248.765,248.424,248.504,36524
2022-05-20 11:20:00,248.559,248.765,248.434,248.691,35533
2022-05-20 11:19:00,248.342,248.657,248.316,248.533,40899
2022-05-20 11:18:00,248.589,248.637,248.267,248.353,47009
2022-05-20 11:17:00,248.539,248.755,248.503,248.622,31776
2022-05-20 11:16:00,248.633,248.716,248.444,248.558,42417
2022-05-20 11:15:00,248.943,248.982,248.661,248.694,21285
2022-05-20 11:14:00,248.835,249.149,248.779,248.996,30221
2022-05-20 11:13:00,248.638,249.011,248.611,248.819,55641
2022-05-20 11:12:00,248.868,248.923,248.483,248.671,72841
2022-05-20 11:11:00,249.169,249.198,248.808,248.873,63488
2022-05-20 11:10:00,249.356,249.405,249.123,249.154,44545
2022-05-20 11:09:00,249.415,249.514,249.212,249.36,35513
2022-05-20 11:08:00,249.209,249.514,249.084,249.38,70925
2022-05-20 11:07:00,249.313,249.602,249.172,249.236,34565
2022-05-20 11:06:00,249.534,249.563,249.177,249.292,63156
2022-05-20 11:05:00,249.77,249.829,249.487,249.518,29198
2022-05-20 11:04:00,249.697,249.858,249.645,249.764,35246
2022-05-20 11:03:00,249.632,249.859,249.556,249.744,26237
2022-05-20 11:02:00,249.612,249.74,249.517,249.669,42278
2022-05-20 11:01:00,249.829,249.957,249.631,249.665,28448
2022-05-20 11:00:00,249.534,249.976,249.497,249.803,58642
2022-05-20 10:59:00,249.632,249.71,249.369,249.538,29301
2022-05-20 10:58:00,249.868,249.966,249.625,249.656,29452
2022-05-20 10:57:00,250.046,250.114,249.734,249.882,34755
2022-05-20 10:56:00,250.272,250.35,250.019,250.064,49735
2022-05-20 10:55:00,250.341,250.557,250.245,250.325,30800
2022-05-20 10:54:00,250.587,250.734,250.295,250.335,36447
2022-05-20 10:53:00,250.607,250.739,250.403,250.63,28951
2022-05-20 10:52:00,250.636,250.705,250.305,250.66,78154
2022-05-20 10:51:00,251.109,251.158,250.58,250.67,73888
2022-05-20 10:50:00,251.483,251.571,251.053,251.093,26766
2022-05-20 10:49:00,251.527,251.557,251.25,251.408,19346
2022-05-20 10:48:00,251.237,251.571,251.156,251.546,16432
2022-05-20 10:47:00,251.739,251.808,251.141,251.251,35643
2022-05-20 10:46:00,252.074,252.266,251.683,251.733,30203
2022-05-20 10:45:00,252.074,252.133,251.693,252.058,23175
2022-05-20 10:44:00,251.995,252.192,251.968,252.087,22018
2022-05-20 10:43:00,252.202,252.231,251.781,251.989,36978
2022-05-20 10:42:00,252.034,252.29,251.958,252.186,27889
2022-05-20 10:41:00,251.877,252.182,251.791,252.019,43611
2022-05-20 10:40:00,251.778,251.901,251.594,251.861,31161
2022-05-20 10:39:00,251.558,251.827,251.446,251.802,22739
2022-05-20 10:38:00,252.044,252.137,251.486,251.516,26954
2022-05-20 10:37:00,252.202,252.31,251.722,252.038,28530
2022-05-20 10:36:00,251.877,252.231,251.742,252.206,18942
2022-05-20 10:35:00,252.143,252.172,251.673,251.916,36099
2022-05-20 10:34:00,252.428,252.491,252.086,252.156,32762
2022-05-20 10:33:00,252.635,252.664,252.283,252.481,27386
2022-05-20 10:32:00,252.536,252.97,252.431,252.649,37718
2022-05-20 10:31:00,252.684,252.753,252.323,252.54,40939
2022-05-20 10:30:00,252.556,252.782,252.175,252.658,63884
2022-05-20 10:29:00,252.664,252.782,252.431,252.57,68345
2022-05-20 10:28:00,252.015,252.694,251.968,252.668,36245
2022-05-20 10:27:00,251.936,252.064,251.742,252.028,26832
2022-05-20 10:26:00,251.783,252.034,251.726,251.969,18373
2022-05-20 10:25:00,251.778,252.054,251.742,251.812,41451
2022-05-20 10:24:00,251.621,251.896,251.378,251.772,22346
2022-05-20 10:23:00,251.394,251.788,251.368,251.605,51997
2022-05-20 10:22:00,251.178,251.423,251.033,251.369,54638
2022-05-20 10:21:00,251.335,251.463,251.122,251.211,37425
2022-05-20 10:20:00,251.823,251.975,251.324,251.354,42566
2022-05-20 10:19:00,251.916,252.044,251.702,251.846,49456
2022-05-20 10:18:00,252.103,252.182,251.83,251.94,43245
2022-05-20 10:17:00,252.133,252.231,252.027,252.098,27641
2022-05-20 10:16:00,252.29,252.379,252.047,252.156,30535
2022-05-20 10:15:00,251.906,252.33,251.801,252.304,58334
2022-05-20 10:14:00,251.808,251.965,251.584,251.891,77984
2022-05-20 10:13:00,251.798,251.936,251.565,251.822,72977
2022-05-20 10:12:00,251.956,252.088,251.673,251.792,52024
2022-05-20 10:11:00,252.15,252.251,251.919,251.989,43196
2022-05-20 10:10:00,251.916,252.221,251.752,252.143,70187
2022-05-20 10:09:00,251.993,252.153,251.634,251.94,76902
2022-05-20 10:08:00,252.123,252.389,251.919,251.969,65528
2022-05-20 10:07:00,253.048,253.117,252.067,252.156,59391
2022-05-20 10:06:00,252.96,253.127,252.657,253.033,52031
2022-05-20 10:05:00,253.157,253.265,252.766,252.934,44666
2022-05-20 10:04:00,253.009,253.304,252.864,253.141,47971
2022-05-20 10:03:00,253.127,253.255,252.746,252.944,35180
2022-05-20 10:02:00,252.832,253.235,252.608,253.2,36980
2022-05-20 10:01:00,253.486,253.866,252.756,252.826,57711
2022-05-20 10:00:00,253.324,253.738,253.238,253.397,49960
2022-05-20 09:59:00,253.58,253.728,253.228,253.387,42432
2022-05-20 09:58:00,253.334,253.915,253.228,253.663,73407
2022-05-20 09:57:00,253.472,253.58,252.962,253.338,51415
2022-05-20 09:56:00,253.905,253.934,253.445,253.515,65326
2022-05-20 09:55:00,254.328,254.427,253.879,253.928,56051
2022-05-20 09:54:00,254.21,254.565,254.078,254.298,58832
2022-05-20 09:53:00,254.161,254.456,253.976,254.184,58119
2022-05-20 09:52:00,253.797,254.43,253.622,254.194,54545
2022-05-20 09:51:00,253.619,254.21,253.524,253.781,49766
2022-05-20 09:50:00,253.521,253.806,253.386,253.623,39610
2022-05-20 09:49:00,253.7,254.102,253.509,253.545,40654
2022-05-20 09:48:00,253.127,253.915,253.012,253.633,55781
2022-05-20 09:47:00,253.511,253.728,253.13,253.185,43102
2022-05-20 09:46:00,253.944,253.994,253.385,253.476,46143
2022-05-20 09:45:00,253.895,254.466,253.602,253.85,87802
2022-05-20 09:44:00,253.934,254.033,253.543,253.889,36300
2022-05-20 09:43:00,253.826,254.318,253.622,253.919,101596
2022-05-20 09:42:00,253.087,253.974,253.022,253.812,103814
2022-05-20 09:41:00,252.812,253.511,252.697,253.082,70004
2022-05-20 09:40:00,252.871,253.235,252.588,252.826,55203
2022-05-20 09:39:00,252.595,253.137,252.372,252.875,74115
2022-05-20 09:38:00,252.271,252.674,252.145,252.649,37650
2022-05-20 09:37:00,252.231,252.477,251.85,252.235,59753
2022-05-20 09:36:00,252.507,252.664,252.076,252.206,136041
2022-05-20 09:35:00,252.773,252.851,252.185,252.53,59914
2022-05-20 09:34:00,253.255,253.344,252.401,252.742,51224
2022-05-20 09:33:00,252.418,253.245,252.332,253.22,57707
2022-05-20 09:32:00,252.418,252.92,251.397,252.383,83919
2022-05-20 09:31:00,252.645,253.541,252.313,252.432,99346
2022-05-20 09:30:00,253.422,253.491,252.451,252.619,1025468
2022-05-20 09:29:00,253.127,253.452,253.022,253.426,3462
2022-05-20 09:28:00,253.511,253.541,252.766,253.298,4152
2022-05-20 09:27:00,253.619,253.836,253.533,253.564,2355
2022-05-20 09:26:00,253.846,253.875,253.533,253.564,3188
2022-05-20 09:25:00,253.206,254.033,253.179,253.81,9017
2022-05-20 09:24:00,253.166,253.196,253.14,253.17,100
2022-05-20 09:23:00,253.166,253.196,253.14,253.17,150
2022-05-20 09:20:00,252.733,252.851,252.706,252.826,300
2022-05-20 09:19:00,252.773,252.802,252.746,252.777,100
2022-05-20 09:17:00,253.166,253.196,252.992,253.023,628
2022-05-20 09:16:00,253.019,253.048,252.992,253.023,197
2022-05-20 09:13:00,253.019,253.048,252.681,253.023,1118
2022-05-20 09:12:00,253.166,253.196,252.992,253.023,2947
2022-05-20 09:10:00,252.989,253.048,252.953,253.023,946
2022-05-20 09:09:00,252.979,253.019,252.953,252.993,1712
2022-05-20 09:08:00,252.723,252.753,252.697,252.727,200
2022-05-20 09:06:00,252.92,253.038,252.894,253.013,712
2022-05-20 09:03:00,252.999,253.048,252.972,253.023,518
2022-05-20 09:02:00,252.881,252.91,252.854,252.885,300
2022-05-20 08:59:00,252.723,252.802,252.598,252.777,1965
2022-05-20 08:58:00,252.576,252.782,252.549,252.757,280
2022-05-20 08:57:00,252.33,252.359,252.303,252.334,275
2022-05-20 08:55:00,252.773,252.802,252.746,252.777,100
2022-05-20 08:54:00,252.33,252.359,252.303,252.334,100
2022-05-20 08:52:00,252.523,252.802,252.496,252.777,500
2022-05-20 08:51:00,252.399,252.645,252.372,252.619,326
2022-05-20 08:50:00,252.428,252.458,252.401,252.432,500
2022-05-20 08:49:00,253.019,253.131,252.579,252.619,2536
2022-05-20 08:48:00,253.233,253.262,252.746,252.777,1937
2022-05-20 08:47:00,253.176,253.206,253.09,253.121,300
2022-05-20 08:41:00,253.235,253.265,253.189,253.239,390
2022-05-20 08:40:00,253.472,253.501,253.445,253.476,100
2022-05-20 08:39:00,253.462,253.491,253.287,253.318,390
2022-05-20 08:37:00,253.462,253.491,253.435,253.466,300
2022-05-20 08:36:00,253.304,253.334,253.228,253.259,200
2022-05-20 08:34:00,253.117,253.196,253.09,253.17,1200
2022-05-20 08:33:00,253.253,253.282,253.226,253.257,100
2022-05-20 08:29:00,253.432,253.462,253.405,253.436,100
2022-05-20 08:28:00,253.245,253.483,253.218,253.458,1150
2022-05-20 08:27:00,253.167,253.196,253.14,253.17,200
2022-05-20 08:25:00,253.363,253.393,253.287,253.318,456
2022-05-20 08:22:00,253.61,253.639,253.435,253.466,400
2022-05-20 08:21:00,253.61,253.639,253.583,253.613,300
2022-05-20 08:20:00,253.432,253.491,253.287,253.466,2544
2022-05-20 08:18:00,253.413,253.442,253.193,253.224,200
2022-05-20 08:17:00,253.216,253.344,253.189,253.318,350
2022-05-20 08:15:00,253.029,253.245,253.002,253.22,1100
2022-05-20 08:14:00,253.166,253.24,253.14,253.214,760
2022-05-20 08:13:00,253.314,253.344,253.287,253.318,200
2022-05-20 08:12:00,253.442,253.738,253.415,253.712,610
2022-05-20 08:08:00,253.55,253.58,253.524,253.554,270
2022-05-20 08:06:00,253.56,253.925,253.533,253.899,400
2022-05-20 08:05:00,253.422,253.541,253.396,253.515,549
2022-05-20 08:04:00,253.482,253.511,253.435,253.466,200
2022-05-20 08:03:00,253.491,253.521,252.992,253.269,1874
2022-05-20 08:01:00,252.783,252.822,252.756,252.796,357
2022-05-20 08:00:00,253.019,254.309,252.746,253.535,13951
2022-05-20 07:59:00,253.531,253.58,253.484,253.515,1125
2022-05-20 07:55:00,254.348,254.378,254.272,254.303,200
2022-05-20 07:54:00,254.21,254.309,254.183,254.283,200
2022-05-20 07:52:00,254.24,254.269,254.173,254.214,305
2022-05-20 07:51:00,254.003,254.259,253.976,254.234,403
2022-05-20 07:50:00,253.865,254.033,253.839,254.007,1013
2022-05-20 07:49:00,253.974,254.033,253.947,254.007,608
2022-05-20 07:48:00,253.708,253.738,253.681,253.712,571
2022-05-20 07:47:00,253.678,253.738,253.652,253.712,320
2022-05-20 07:45:00,253.649,253.678,253.622,253.653,100
2022-05-20 07:43:00,253.708,253.787,253.681,253.761,635
2022-05-20 07:42:00,253.511,253.678,253.484,253.653,800
2022-05-20 07:40:00,253.541,253.57,253.484,253.515,887
2022-05-20 07:35:00,253.472,253.61,253.445,253.584,639
2022-05-20 07:34:00,253.482,253.511,253.455,253.485,527
2022-05-20 07:33:00,253.393,253.541,253.189,253.515,2417
2022-05-20 07:31:00,253.442,253.521,253.415,253.495,200
2022-05-20 07:30:00,253.452,253.541,253.425,253.495,600
2022-05-20 07:29:00,253.413,253.442,253.386,253.417,100
2022-05-20 07:20:00,253.422,253.541,253.396,253.515,930
2022-05-20 07:18:00,253.413,253.442,253.386,253.417,100
2022-05-20 07:15:00,253.511,253.541,253.484,253.515,228
2022-05-20 07:14:00,253.265,253.294,253.238,253.269,300
2022-05-20 07:12:00,252.96,253.206,252.933,253.18,200
2022-05-20 07:11:00,253.019,253.048,252.992,253.023,239
2022-05-20 07:08:00,253.029,253.058,252.992,253.023,1250
2022-05-20 07:05:00,253.068,253.098,253.002,253.042,725
2022-05-20 07:03:00,253.117,253.147,253.09,253.121,325
2022-05-20 07:01:00,253.078,253.107,253.031,253.062,689
2022-05-20 07:00:00,253.482,253.541,253.031,253.062,2466
2022-05-20 06:59:00,253.314,253.344,253.287,253.318,200
2022-05-20 06:41:00,253.737,253.767,253.711,253.741,123
2022-05-20 06:10:00,253.511,253.728,253.484,253.702,300
2022-05-20 05:56:00,253.58,253.61,253.553,253.584,150
2022-05-20 05:52:00,253.58,253.61,253.553,253.584,100
2022-05-20 05:51:00,253.59,253.619,253.563,253.594,238
2022-05-20 05:45:00,253.472,253.501,253.445,253.476,100
2022-05-20 05:44:00,253.521,253.55,253.484,253.515,540
2022-05-20 05:43:00,253.472,253.501,253.445,253.476,100
2022-05-20 05:42:00,253.521,253.55,253.494,253.525,629
2022-05-20 05:40:00,253.6,253.629,253.573,253.604,102
2022-05-20 05:37:00,253.56,253.59,253.533,253.564,255
2022-05-20 05:36:00,253.649,253.678,253.524,253.554,443
2022-05-20 05:35:00,253.708,253.738,253.681,253.712,300
2022-05-20 05:27:00,254.003,254.033,253.976,254.007,170
2022-05-20 05:24:00,254.19,254.22,254.163,254.194,497
2022-05-20 05:23:00,254.23,254.259,254.203,254.234,492
2022-05-20 05:16:00,254.299,254.328,254.272,254.303,119
2022-05-20 05:05:00,253.708,253.738,253.681,253.712,100
2022-05-20 05:04:00,253.708,253.747,253.681,253.722,200
2022-05-20 05:00:00,253.619,253.649,253.592,253.623,250
2022-05-20 04:51:00,253.777,253.806,253.75,253.781,100
2022-05-20 04:48:00,253.816,253.846,253.789,253.82,100
2022-05-20 04:47:00,254.003,254.033,253.976,254.007,298
2022-05-20 04:46:00,254.181,254.299,254.124,254.155,400
2022-05-20 04:44:00,254.102,254.131,254.016,254.047,624
2022-05-20 04:42:00,253.797,253.826,253.77,253.8,100
2022-05-20 04:34:00,254.053,254.082,254.026,254.056,200
2022-05-20 04:31:00,253.885,253.934,253.858,253.909,600
2022-05-20 04:28:00,253.265,253.294,253.238,253.269,1234
2022-05-20 04:24:00,253.058,253.088,252.992,253.023,447
2022-05-20 04:19:00,252.822,252.851,252.795,252.826,236
2022-05-20 04:17:00,252.901,252.93,252.874,252.905,387
2022-05-20 04:13:00,252.901,252.93,252.874,252.905,100
2022-05-20 04:04:00,253.462,253.58,253.435,253.554,900
2022-05-20 04:03:00,253.541,253.57,253.484,253.515,400
2022-05-20 04:02:00,253.57,253.6,253.455,253.515,1884
2022-05-20 04:00:00,252.822,253.038,252.795,253.013,2273
2022-05-19 19:58:00,250.804,250.833,250.777,250.808,293
2022-05-19 19:57:00,250.705,250.734,250.679,250.709,100
2022-05-19 19:53:00,250.676,250.705,250.649,250.68,607
2022-05-19 19:51:00,250.656,250.705,250.629,250.68,520
2022-05-19 19:49:00,250.508,250.538,250.482,250.512,100
2022-05-19 19:39:00,250.41,250.439,250.383,250.414,273
2022-05-19 19:37:00,250.331,250.36,250.305,250.335,200
2022-05-19 19:31:00,250.43,250.459,250.403,250.433,100
2022-05-19 19:30:00,250.302,250.331,250.275,250.305,100
2022-05-19 19:29:00,250.311,250.341,250.285,250.315,393
2022-05-19 19:28:00,250.262,250.291,250.236,250.266,115
2022-05-19 19:27:00,250.262,250.291,250.236,250.266,351
2022-05-19 19:21:00,250.213,250.242,250.039,250.069,467
2022-05-19 19:17:00,250.311,250.341,250.285,250.315,100
2022-05-19 19:13:00,250.321,250.35,250.295,250.325,100
2022-05-19 19:12:00,250.361,250.39,250.295,250.325,337
2022-05-19 19:03:00,250.361,250.39,250.334,250.365,110
2022-05-19 19:01:00,250.439,250.469,250.413,250.443,100
2022-05-19 19:00:00,250.341,250.37,250.314,250.345,900
2022-05-19 18:56:00,250.183,250.449,250.157,250.424,227
2022-05-19 18:47:00,250.459,250.488,250.433,250.463,242
2022-05-19 18:40:00,250.39,250.419,250.324,250.355,1000
2022-05-19 18:37:00,250.567,250.597,250.521,250.552,1000
2022-05-19 18:36:00,250.538,250.666,250.482,250.611,2488
2022-05-19 18:33:00,251.04,251.069,251.013,251.044,105
2022-05-19 18:28:00,250.754,250.882,250.728,250.857,662
2022-05-19 18:27:00,250.558,250.587,250.531,250.561,250
2022-05-19 18:18:00,250.617,250.646,250.59,250.62,100
2022-05-19 18:17:00,250.479,250.508,250.344,250.374,3100
2022-05-19 18:16:00,250.646,250.675,250.62,250.65,809
2022-05-19 18:15:00,250.607,250.636,250.58,250.611,200
2022-05-19 18:11:00,250.331,250.36,250.305,250.335,420
2022-05-19 18:09:00,250.518,250.547,250.492,250.522,500
2022-05-19 18:08:00,250.577,250.606,250.551,250.581,100
2022-05-19 18:07:00,250.754,250.961,250.728,250.936,200
2022-05-19 18:04:00,250.341,250.37,250.314,250.345,200
2022-05-19 18:02:00,250.046,250.094,250.019,250.069,1645
2022-05-19 18:01:00,249.859,249.957,249.832,249.931,257
2022-05-19 18:00:00,249.662,249.691,249.635,249.665,200
2022-05-19 17:55:00,249.815,249.848,249.789,249.823,350
2022-05-19 17:53:00,249.691,249.72,249.665,249.695,100
2022-05-19 17:49:00,249.583,249.612,249.556,249.587,101
2022-05-19 17:45:00,249.593,249.622,249.566,249.597,100
2022-05-19 17:43:00,249.593,249.622,249.556,249.587,2105
2022-05-19 17:35:00,249.573,249.602,249.547,249.577,102
2022-05-19 17:19:00,249.494,249.523,249.468,249.498,500
2022-05-19 17:13:00,249.977,250.006,249.369,249.4,1881
2022-05-19 17:10:00,249.967,249.996,249.94,249.971,100
2022-05-19 17:06:00,250.065,250.094,250.039,250.069,500
2022-05-19 17:05:00,249.967,250.094,249.94,250.069,350
2022-05-19 17:04:00,250.055,250.094,249.999,250.03,763
2022-05-19 17:02:00,250.065,250.094,250.039,250.069,400
2022-05-19 17:00:00,250.073,250.102,249.192,249.222,16412
2022-05-19 16:57:00,250.164,250.193,250.118,250.148,474
2022-05-19 16:55:00,250.233,250.262,250.186,250.217,455
2022-05-19 16:54:00,250.213,250.242,250.186,250.217,600
2022-05-19 16:53:00,250.21,250.242,250.184,250.217,400
2022-05-19 16:51:00,250.116,250.145,250.089,250.12,100
2022-05-19 16:50:00,250.065,250.193,250.039,250.099,2422
2022-05-19 16:49:00,249.957,250.075,249.93,250.049,300
2022-05-19 16:45:00,249.878,249.907,249.802,249.833,1103
2022-05-19 16:42:00,249.888,249.917,249.862,249.892,111
2022-05-19 16:40:00,249.888,249.917,249.862,249.892,865
2022-05-19 16:38:00,249.829,249.858,249.802,249.833,531
2022-05-19 16:37:00,249.829,249.868,249.802,249.843,300
2022-05-19 16:36:00,249.829,249.868,249.802,249.833,600
2022-05-19 16:35:00,249.829,249.858,249.802,249.833,300
2022-05-19 16:34:00,249.868,249.898,249.842,249.872,100
2022-05-19 16:33:00,249.839,249.937,249.812,249.872,2120
2022-05-19 16:32:00,249.868,249.917,249.812,249.843,1800
2022-05-19 16:29:00,249.77,249.898,249.704,249.872,2350
2022-05-19 16:28:00,249.652,249.799,249.625,249.774,3106
2022-05-19 16:27:00,249.553,249.602,249.527,249.577,285
2022-05-19 16:24:00,249.524,249.602,249.497,249.577,1501
2022-05-19 16:22:00,249.415,249.445,249.389,249.419,250
2022-05-19 16:21:00,249.573,249.602,249.547,249.577,100
2022-05-19 16:20:00,249.574,249.603,249.517,249.547,3606
2022-05-19 16:19:00,249.219,249.248,249.192,249.222,660
2022-05-19 16:17:00,249.583,249.622,249.547,249.577,2249
2022-05-19 16:16:00,249.496,249.525,249.47,249.5,1000
2022-05-19 16:15:00,249.967,249.996,249.448,249.478,3560
2022-05-19 16:14:00,249.559,249.72,249.533,249.695,1350
2022-05-19 16:13:00,249.563,249.592,249.497,249.567,510
2022-05-19 16:12:00,249.376,249.494,249.192,249.469,11972
2022-05-19 16:10:00,249.278,249.307,249.251,249.282,389
2022-05-19 16:09:00,249.219,249.248,249.192,249.222,20582
2022-05-19 16:08:00,249.219,249.248,249.192,249.222,500
2022-05-19 16:07:00,249.219,249.267,249.192,249.242,1540
2022-05-19 16:06:00,249.189,249.307,249.163,249.222,4951
2022-05-19 16:05:00,249.051,249.248,249.025,249.183,5556
2022-05-19 16:04:00,248.972,249.011,248.946,248.986,700
2022-05-19 16:03:00,248.972,249.002,248.887,248.917,419
2022-05-19 16:02:00,249.071,249.248,248.897,248.927,90396
2022-05-19 16:01:00,249.219,249.248,249.192,249.222,4707
2022-05-19 16:00:00,249.219,249.248,248.579,248.832,2751689
2022-05-19 15:59:00,249.317,249.602,248.995,249.213,379691
2022-05-19 15:58:00,249.238,249.504,249.163,249.331,110308
2022-05-19 15:57:00,249.11,249.405,249.059,249.232,88271
2022-05-19 15:56:00,249.169,249.208,248.926,249.094,68358
2022-05-19 15:55:00,248.982,249.494,248.946,249.183,150332
2022-05-19 15:54:00,248.648,249.1,248.493,248.966,101103
2022-05-19 15:53:00,248.569,248.854,248.355,248.711,73230
2022-05-19 15:52:00,248.736,248.785,248.444,248.597,78059
2022-05-19 15:51:00,249.061,249.159,248.552,248.748,58278
2022-05-19 15:50:00,249.662,249.986,248.818,249.144,102602
2022-05-19 15:49:00,249.74,249.888,249.291,249.725,82702
2022-05-19 15:48:00,249.366,249.829,249.192,249.764,68787
2022-05-19 15:47:00,249.652,249.72,249.232,249.37,52288
2022-05-19 15:46:00,250.223,250.321,249.556,249.628,68498
2022-05-19 15:45:00,249.996,250.331,249.684,250.227,68195
2022-05-19 15:44:00,249.868,250.085,249.556,249.956,47217
2022-05-19 15:43:00,249.499,250.006,249.428,249.853,46193
2022-05-19 15:42:00,249.199,249.553,248.897,249.507,61671
2022-05-19 15:41:00,249.237,249.533,249.094,249.183,64425
2022-05-19 15:40:00,249.288,249.415,249.025,249.301,61359
2022-05-19 15:39:00,249.415,249.494,249.202,249.261,35037
2022-05-19 15:38:00,249.671,249.76,249.281,249.439,45616
2022-05-19 15:37:00,249.499,249.74,249.212,249.665,92262
2022-05-19 15:36:00,249.597,249.75,249.251,249.508,62436
2022-05-19 15:35:00,249.553,249.868,249.448,249.577,62491
2022-05-19 15:34:00,249.691,249.72,249.419,249.56,43378
2022-05-19 15:33:00,249.75,249.838,249.428,249.715,45583
2022-05-19 15:32:00,249.78,249.937,249.556,249.725,47282
2022-05-19 15:31:00,249.957,249.986,249.615,249.754,25525
2022-05-19 15:30:00,249.445,249.957,249.24,249.882,82023
2022-05-19 15:29:00,249.484,249.587,249.369,249.439,56795
2022-05-19 15:28:00,249.74,249.873,249.242,249.474,83178
2022-05-19 15:27:00,250.095,250.134,249.645,249.744,71503
2022-05-19 15:26:00,250.124,250.242,249.95,250.099,29341
2022-05-19 15:25:00,249.819,250.247,249.714,250.099,38282
2022-05-19 15:24:00,250.252,250.291,249.744,249.843,36154
2022-05-19 15:23:00,250.42,250.488,250.009,250.207,52865
2022-05-19 15:22:00,250.538,250.567,250.078,250.384,59061
2022-05-19 15:21:00,250.567,250.754,250.403,250.552,58030
2022-05-19 15:20:00,250.882,250.939,250.541,250.591,42615
2022-05-19 15:19:00,250.946,251.168,250.62,250.876,45162
2022-05-19 15:18:00,251.227,251.266,250.748,250.945,67260
2022-05-19 15:17:00,251.133,251.434,251.092,251.211,50800
2022-05-19 15:16:00,251.286,251.414,251.033,251.103,53056
2022-05-19 15:15:00,251.207,251.483,251.151,251.31,55499
2022-05-19 15:14:00,250.853,251.325,250.679,251.231,58418
2022-05-19 15:13:00,251.217,251.276,250.797,250.881,52627
2022-05-19 15:12:00,251.247,251.478,251.072,251.27,31074
2022-05-19 15:11:00,251.227,251.522,251.063,251.26,47338
2022-05-19 15:10:00,251.188,251.325,250.856,251.231,49243
2022-05-19 15:09:00,251.67,251.788,251.122,251.177,85747
2022-05-19 15:08:00,251.798,251.975,251.584,251.615,32807
2022-05-19 15:07:00,251.778,251.946,251.683,251.851,27089
2022-05-19 15:06:00,251.887,252.01,251.545,251.767,48204
2022-05-19 15:05:00,251.96,252.093,251.811,251.91,37789
2022-05-19 15:04:00,252.251,252.453,251.76,251.969,45321
2022-05-19 15:03:00,252.157,252.428,252.064,252.232,82644
2022-05-19 15:02:00,251.552,252.339,251.338,252.166,61058
2022-05-19 15:01:00,251.892,252.044,251.289,251.566,55757
2022-05-19 15:00:00,251.66,252.074,251.535,251.9,74406
2022-05-19 14:59:00,251.259,251.711,251.22,251.684,28061
2022-05-19 14:58:00,251.099,251.325,250.944,251.28,44062
2022-05-19 14:57:00,251.552,251.729,251.003,251.152,79978
2022-05-19 14:56:00,251.67,251.808,251.496,251.527,29806
2022-05-19 14:55:00,251.981,252.011,251.594,251.654,29433
2022-05-19 14:54:00,251.906,252.211,251.742,251.969,36339
2022-05-19 14:53:00,251.878,252.054,251.683,251.891,42394
2022-05-19 14:52:00,251.503,251.926,251.279,251.851,42982
2022-05-19 14:51:00,251.788,251.882,251.378,251.526,34644
2022-05-19 14:50:00,251.759,252.192,251.653,251.753,68424
2022-05-19 14:49:00,251.232,251.827,251.205,251.763,43405
2022-05-19 14:48:00,251.18,251.404,251.122,251.28,23820
2022-05-19 14:47:00,251.188,251.384,251.013,251.175,42553
2022-05-19 14:46:00,250.882,251.227,250.736,251.142,27318
2022-05-19 14:45:00,250.912,251.089,250.56,250.886,43164
2022-05-19 14:44:00,250.518,250.971,250.452,250.886,27531
2022-05-19 14:43:00,250.351,250.606,250.177,250.532,25043
2022-05-19 14:42:00,250.321,250.528,250.078,250.341,32524
2022-05-19 14:41:00,250.804,250.84,250.098,250.325,51432
2022-05-19 14:40:00,250.804,250.951,250.639,250.808,40596
2022-05-19 14:39:00,251.109,251.143,250.777,250.857,41720
2022-05-19 14:38:00,250.912,251.276,250.826,251.152,65779
2022-05-19 14:37:00,250.252,250.946,250.22,250.906,119614
2022-05-19 14:36:00,250.183,250.291,249.881,250.25,24816
2022-05-19 14:35:00,250.105,250.163,249.709,250.109,30152
2022-05-19 14:34:00,249.937,250.183,249.871,250.109,32612
2022-05-19 14:33:00,249.927,250.222,249.773,249.942,30944
2022-05-19 14:32:00,250.203,250.331,249.822,249.877,53464
2022-05-19 14:31:00,249.947,250.291,249.832,250.177,53193
2022-05-19 14:30:00,249.947,249.996,249.645,249.941,24083
2022-05-19 14:29:00,249.967,250.183,249.852,249.936,40775
2022-05-19 14:28:00,249.878,250.213,249.763,249.936,37241
2022-05-19 14:27:00,249.676,249.957,249.497,249.853,38586
2022-05-19 14:26:00,249.868,250.016,249.537,249.675,37142
2022-05-19 14:25:00,249.937,250.124,249.812,249.882,30365
2022-05-19 14:24:00,249.967,249.996,249.773,249.921,32074
2022-05-19 14:23:00,250.016,250.085,249.753,249.931,25231
2022-05-19 14:22:00,250.016,250.272,249.911,250.02,42897
2022-05-19 14:21:00,249.94,250.063,249.694,250.038,16439
2022-05-19 14:20:00,249.583,249.947,249.35,249.902,33915
2022-05-19 14:19:00,249.76,249.838,249.468,249.548,35869
2022-05-19 14:18:00,249.927,249.957,249.615,249.69,25635
2022-05-19 14:17:00,249.957,250.045,249.606,249.921,41329
2022-05-19 14:16:00,249.996,250.301,249.921,249.961,37443
2022-05-19 14:15:00,249.918,250.114,249.832,249.981,22495
2022-05-19 14:14:00,249.543,249.982,249.409,249.921,34526
2022-05-19 14:13:00,250.075,250.218,249.527,249.557,29751
2022-05-19 14:12:00,249.977,250.163,249.783,250.04,33947
2022-05-19 14:11:00,249.799,250.045,249.763,249.961,31009
2022-05-19 14:10:00,249.612,249.976,249.581,249.754,37080
2022-05-19 14:09:00,249.622,249.72,249.478,249.606,26841
2022-05-19 14:08:00,249.642,249.671,249.315,249.609,27750
2022-05-19 14:07:00,249.169,249.642,249.133,249.616,39213
2022-05-19 14:06:00,249.475,249.553,249.024,249.142,49605
2022-05-19 14:05:00,249.603,249.681,249.409,249.538,25560
2022-05-19 14:04:00,249.612,249.74,249.399,249.597,30978
2022-05-19 14:03:00,249.957,250.026,249.576,249.616,21090
2022-05-19 14:02:00,249.711,250.075,249.684,249.882,26683
2022-05-19 14:01:00,250.021,250.094,249.586,249.705,31456
2022-05-19 14:00:00,250.351,250.483,249.921,250.01,64861
2022-05-19 13:59:00,250.175,250.439,249.96,250.379,78181
2022-05-19 13:58:00,250.37,250.478,250.019,250.182,53332
2022-05-19 13:57:00,250.183,250.538,250.049,250.404,58991
2022-05-19 13:56:00,249.691,250.252,249.635,250.213,65668
2022-05-19 13:55:00,249.15,249.838,249.123,249.704,43653
2022-05-19 13:54:00,248.785,249.248,248.749,249.144,23518
2022-05-19 13:53:00,248.844,249.041,248.641,248.789,32516
2022-05-19 13:52:00,248.559,249.031,248.385,248.848,39485
2022-05-19 13:51:00,248.421,248.696,248.346,248.573,28188
2022-05-19 13:50:00,248.145,248.499,248.04,248.445,33639
2022-05-19 13:49:00,248.303,248.44,247.952,248.13,71336
2022-05-19 13:48:00,248.342,248.499,248.119,248.287,42919
2022-05-19 13:47:00,248.746,248.805,248.296,248.346,40531
2022-05-19 13:46:00,249.061,249.11,248.769,248.799,23090
2022-05-19 13:45:00,248.844,249.066,248.67,249.016,25718
2022-05-19 13:44:00,249.032,249.238,248.789,248.858,38083
2022-05-19 13:43:00,248.746,249.11,248.7,249.026,30479
2022-05-19 13:42:00,248.647,248.883,248.582,248.73,22385
2022-05-19 13:41:00,248.852,249.051,248.621,248.651,50663
2022-05-19 13:40:00,248.982,249.09,248.739,248.861,27098
2022-05-19 13:39:00,248.982,249.184,248.897,248.996,45797
2022-05-19 13:38:00,248.805,249.051,248.651,249.016,38975
2022-05-19 13:37:00,249.158,249.233,248.789,248.834,26801
2022-05-19 13:36:00,249.139,249.395,248.956,249.188,28920
2022-05-19 13:35:00,248.972,249.198,248.774,249.155,23549
2022-05-19 13:34:00,249.475,249.518,248.917,249.006,30270
2022-05-19 13:33:00,249.583,249.76,249.478,249.538,29109
2022-05-19 13:32:00,249.406,249.661,249.241,249.572,39930
2022-05-19 13:31:00,249.002,249.494,248.976,249.4,49803
2022-05-19 13:30:00,248.963,249.041,248.504,248.937,56895
2022-05-19 13:29:00,248.913,249.051,248.67,248.937,34529
2022-05-19 13:28:00,249.022,249.051,248.689,248.858,30948
2022-05-19 13:27:00,249.061,249.189,248.907,248.996,27263
2022-05-19 13:26:00,249.268,249.336,248.828,249.045,48385
2022-05-19 13:25:00,249.288,249.415,249.025,249.282,40124
2022-05-19 13:24:00,249.347,249.415,248.956,249.262,49832
2022-05-19 13:23:00,249.258,249.516,249.143,249.35,35869
2022-05-19 13:22:00,249.15,249.445,248.848,249.244,47131
2022-05-19 13:21:00,249.219,249.474,249.025,249.129,58649
2022-05-19 13:20:00,249.337,249.425,248.995,249.222,61193
2022-05-19 13:19:00,249.317,249.592,249.271,249.37,39699
2022-05-19 13:18:00,248.917,249.385,248.828,249.336,50777
2022-05-19 13:17:00,248.825,248.982,248.69,248.898,39911
2022-05-19 13:16:00,248.736,248.923,248.661,248.829,15537
2022-05-19 13:15:00,248.997,249.026,248.651,248.779,33957
2022-05-19 13:14:00,248.776,249.041,248.592,248.996,21372
2022-05-19 13:13:00,248.687,248.874,248.552,248.77,39459
2022-05-19 13:12:00,248.795,248.952,248.661,248.691,30809
2022-05-19 13:11:00,248.463,248.92,248.437,248.809,45854
2022-05-19 13:10:00,249.406,249.514,248.178,248.484,139811
2022-05-19 13:09:00,249.366,249.533,249.192,249.41,28911
2022-05-19 13:08:00,249.75,249.814,249.113,249.331,47812
2022-05-19 13:07:00,250.046,250.075,249.586,249.756,43071
2022-05-19 13:06:00,250.055,250.282,249.999,250.03,48828
2022-05-19 13:05:00,249.75,250.173,249.694,250.03,53286
2022-05-19 13:04:00,249.691,249.888,249.606,249.725,16239
2022-05-19 13:03:00,249.488,249.77,249.419,249.675,28878
2022-05-19 13:02:00,249.878,249.907,249.389,249.508,37150
2022-05-19 13:01:00,249.898,250.163,249.832,249.892,29631
2022-05-19 13:00:00,249.908,250.134,249.842,249.872,22277
2022-05-19 12:59:00,249.849,250.006,249.783,249.931,40711
2022-05-19 12:58:00,250.018,250.061,249.724,249.793,41010
2022-05-19 12:57:00,249.307,250.094,249.271,250.02,49444
2022-05-19 12:56:00,249.662,249.829,249.172,249.3,86321
2022-05-19 12:55:00,249.268,249.799,249.084,249.695,65539
2022-05-19 12:54:00,249.642,249.75,249.232,249.275,42917
2022-05-19 12:53:00,249.839,249.888,249.625,249.669,56033
2022-05-19 12:52:00,249.74,249.929,249.684,249.819,30699
2022-05-19 12:51:00,249.923,250.06,249.635,249.733,25820
2022-05-19 12:50:00,249.819,250.134,249.783,249.921,44734
2022-05-19 12:49:00,249.849,249.907,249.606,249.803,48061
2022-05-19 12:48:00,250.016,250.124,249.694,249.853,38254
2022-05-19 12:47:00,249.996,250.094,249.793,250.04,35122
2022-05-19 12:46:00,249.957,250.154,249.842,250.004,35095
2022-05-19 12:45:00,250.213,250.458,249.94,250.0,49276
2022-05-19 12:44:00,250.37,250.41,250.186,250.218,30450
2022-05-19 12:43:00,250.433,250.562,250.29,250.414,38397
2022-05-19 12:42:00,250.341,250.715,250.245,250.473,52395
2022-05-19 12:41:00,250.74,250.769,250.127,250.305,72751
2022-05-19 12:40:00,250.764,250.922,250.61,250.719,48479
2022-05-19 12:39:00,250.877,250.941,250.679,250.778,24254
2022-05-19 12:38:00,250.981,251.05,250.846,250.886,20956
2022-05-19 12:37:00,251.06,251.089,250.851,250.955,47741
2022-05-19 12:36:00,251.345,251.443,251.053,251.106,34640
2022-05-19 12:35:00,251.729,251.808,251.141,251.28,27106
2022-05-19 12:34:00,251.65,251.936,251.427,251.723,62714
2022-05-19 12:33:00,251.709,251.798,251.466,251.644,45740
2022-05-19 12:32:00,252.123,252.152,251.683,251.713,41162
2022-05-19 12:31:00,252.133,252.202,251.919,252.146,27833
2022-05-19 12:30:00,252.408,252.477,252.096,252.127,51055
2022-05-19 12:29:00,252.305,252.566,252.204,252.398,38290
2022-05-19 12:28:00,252.349,252.477,252.163,252.314,46443
2022-05-19 12:27:00,252.064,252.428,252.008,252.336,43893
2022-05-19 12:26:00,252.438,252.477,252.076,252.107,41559
2022-05-19 12:25:00,252.448,252.585,252.283,252.383,37487
2022-05-19 12:24:00,252.546,252.654,252.421,252.457,30740
2022-05-19 12:23:00,252.699,252.753,252.48,252.555,22748
2022-05-19 12:22:00,252.28,252.753,252.239,252.678,32645
2022-05-19 12:21:00,252.212,252.359,252.037,252.25,37224
2022-05-19 12:20:00,252.844,252.873,252.165,252.22,44874
2022-05-19 12:19:00,253.116,253.245,252.667,252.826,84831
2022-05-19 12:18:00,253.413,253.51,253.041,253.121,42600
2022-05-19 12:17:00,253.413,253.619,253.346,253.446,48936
2022-05-19 12:16:00,253.403,253.619,253.287,253.431,34418
2022-05-19 12:15:00,253.166,253.55,253.12,253.412,31513
2022-05-19 12:14:00,253.358,253.388,253.09,253.18,22106
2022-05-19 12:13:00,253.235,253.383,253.1,253.348,27890
2022-05-19 12:12:00,253.206,253.275,252.953,253.215,30425
2022-05-19 12:11:00,253.117,253.331,253.041,253.2,47228
2022-05-19 12:10:00,252.97,253.219,252.923,253.129,76153
2022-05-19 12:09:00,252.96,253.117,252.805,252.947,37571
2022-05-19 12:08:00,252.991,253.083,252.844,252.959,30310
2022-05-19 12:07:00,253.134,253.235,252.864,252.993,43535
2022-05-19 12:06:00,252.832,253.226,252.8,253.141,24745
2022-05-19 12:05:00,252.913,253.009,252.697,252.796,24839
2022-05-19 12:04:00,253.058,253.147,252.785,252.924,35959
2022-05-19 12:03:00,252.674,253.196,252.588,253.057,34235
2022-05-19 12:02:00,252.556,252.743,252.431,252.64,31194
2022-05-19 12:01:00,252.438,252.625,252.332,252.54,27195
2022-05-19 12:00:00,252.394,252.694,252.309,252.433,30627
2022-05-19 11:59:00,252.29,252.595,252.136,252.393,44807
2022-05-19 11:58:00,252.241,252.467,252.185,252.309,38384
2022-05-19 11:57:00,252.28,252.31,252.037,252.245,20480
2022-05-19 11:56:00,252.241,252.349,252.096,252.324,34721
2022-05-19 11:55:00,252.448,252.508,252.086,252.274,38710
2022-05-19 11:54:00,252.49,252.674,252.145,252.432,75553
2022-05-19 11:53:00,252.999,253.029,252.431,252.481,57615
2022-05-19 11:52:00,253.029,253.132,252.874,253.003,75220
2022-05-19 11:51:00,253.029,253.245,252.933,253.033,58034
2022-05-19 11:50:00,253.383,253.501,252.962,253.042,38052
2022-05-19 11:49:00,253.521,253.568,253.199,253.387,27921
2022-05-19 11:48:00,253.356,253.58,253.189,253.554,42693
2022-05-19 11:47:00,253.078,253.422,253.051,253.367,36642
2022-05-19 11:46:00,253.166,253.265,253.002,253.052,42530
2022-05-19 11:45:00,253.186,253.314,253.031,253.22,40948
2022-05-19 11:44:00,253.511,253.546,253.14,253.205,28739
2022-05-19 11:43:00,253.442,253.56,253.209,253.456,30125
2022-05-19 11:42:00,253.472,253.541,253.228,253.421,26691
2022-05-19 11:41:00,253.093,253.708,252.982,253.436,87690
2022-05-19 11:40:00,252.915,253.176,252.815,253.092,65646
2022-05-19 11:39:00,252.763,253.048,252.736,252.836,36654
2022-05-19 11:38:00,252.753,252.851,252.46,252.796,53605
2022-05-19 11:37:00,252.418,252.832,252.391,252.725,51083
2022-05-19 11:36:00,252.182,252.487,252.067,252.444,34269
2022-05-19 11:35:00,252.133,252.241,251.761,252.179,25962
2022-05-19 11:34:00,251.936,252.182,251.816,252.117,26988
2022-05-19 11:33:00,251.709,252.024,251.624,251.93,31143
2022-05-19 11:32:00,251.896,251.98,251.604,251.752,30475
2022-05-19 11:31:00,251.493,252.014,251.264,251.92,36362
2022-05-19 11:30:00,251.394,251.877,251.318,251.507,28801
2022-05-19 11:29:00,251.325,251.404,251.033,251.329,42769
2022-05-19 11:28:00,251.237,251.483,251.191,251.319,25377
2022-05-19 11:27:00,251.414,251.443,250.954,251.3,46905
2022-05-19 11:26:00,251.759,251.788,251.191,251.398,30981
2022-05-19 11:25:00,251.877,251.906,251.525,251.782,23123
2022-05-19 11:24:00,251.818,252.192,251.702,251.871,34594
2022-05-19 11:23:00,251.729,251.867,251.456,251.841,20560
2022-05-19 11:22:00,251.788,251.985,251.693,251.753,36146
2022-05-19 11:21:00,251.463,251.847,251.25,251.802,28984
2022-05-19 11:20:00,251.66,251.69,251.2,251.462,25474
2022-05-19 11:19:00,251.595,251.896,251.358,251.664,23863
2022-05-19 11:18:00,251.444,251.758,251.328,251.635,18148
2022-05-19 11:17:00,251.335,251.611,251.063,251.428,19640
2022-05-19 11:16:00,251.611,251.64,251.053,251.348,24809
2022-05-19 11:15:00,251.581,251.68,251.358,251.654,26694
2022-05-19 11:14:00,251.896,251.995,251.506,251.625,30253
2022-05-19 11:13:00,252.212,252.3,251.712,251.881,36071
2022-05-19 11:12:00,252.32,252.398,252.076,252.265,37973
2022-05-19 11:11:00,252.179,252.339,251.957,252.304,28876
2022-05-19 11:10:00,251.631,252.29,251.525,252.196,43596
2022-05-19 11:09:00,251.138,251.739,250.915,251.665,41455
2022-05-19 11:08:00,251.394,251.443,251.013,251.123,33223
2022-05-19 11:07:00,251.404,251.443,250.905,251.349,45206
2022-05-19 11:06:00,251.34,251.473,251.013,251.398,44775
2022-05-19 11:05:00,252.084,252.192,251.21,251.319,51054
2022-05-19 11:04:00,252.151,252.241,252.008,252.058,30914
2022-05-19 11:03:00,252.467,252.576,252.017,252.151,27040
2022-05-19 11:02:00,252.493,252.615,252.264,252.402,44911
2022-05-19 11:01:00,252.28,252.665,252.204,252.501,64376
2022-05-19 11:00:00,251.936,252.32,251.83,252.294,40133
2022-05-19 10:59:00,251.926,252.044,251.515,251.92,33785
2022-05-19 10:58:00,251.847,252.006,251.653,251.959,52287
2022-05-19 10:57:00,252.084,252.142,251.65,251.822,46391
2022-05-19 10:56:00,252.595,252.723,251.939,252.058,66316
2022-05-19 10:55:00,252.231,252.886,251.949,252.58,67160
2022-05-19 10:54:00,251.788,252.369,251.722,252.279,48420
2022-05-19 10:53:00,251.444,251.965,251.151,251.836,65218
2022-05-19 10:52:00,250.587,251.502,250.501,251.388,42888
2022-05-19 10:51:00,251.119,251.301,250.511,250.571,61557
2022-05-19 10:50:00,250.823,251.394,250.679,251.113,55047
2022-05-19 10:49:00,250.804,250.833,250.456,250.766,71094
2022-05-19 10:48:00,250.754,251.02,250.659,250.817,38955
2022-05-19 10:47:00,251.099,251.128,250.551,250.748,33462
2022-05-19 10:46:00,250.676,251.118,250.521,250.985,59152
2022-05-19 10:45:00,250.538,250.951,250.501,250.717,49563
2022-05-19 10:44:00,250.37,250.794,250.324,250.571,19302
2022-05-19 10:43:00,250.538,250.725,250.186,250.394,46473
2022-05-19 10:42:00,250.503,251.079,250.423,250.591,49716
2022-05-19 10:41:00,250.43,250.646,250.314,250.542,37132
2022-05-19 10:40:00,250.735,250.764,250.314,250.453,28392
2022-05-19 10:39:00,250.607,250.981,250.383,250.778,48550
2022-05-19 10:38:00,250.902,250.971,250.492,250.62,54034
2022-05-19 10:37:00,251.05,251.256,250.885,250.95,31326
2022-05-19 10:36:00,251.296,251.399,250.875,250.995,43929
2022-05-19 10:35:00,251.31,251.547,251.112,251.319,42280
2022-05-19 10:34:00,250.991,251.424,250.905,251.29,62681
2022-05-19 10:33:00,251.148,251.325,250.856,251.004,35084
2022-05-19 10:32:00,250.449,251.217,250.196,251.162,58596
2022-05-19 10:31:00,249.972,250.547,249.862,250.394,44472
2022-05-19 10:30:00,250.272,250.685,249.714,249.912,61735
2022-05-19 10:29:00,250.085,250.674,249.852,250.286,50751
2022-05-19 10:28:00,250.233,250.449,249.99,250.118,35030
2022-05-19 10:27:00,250.617,250.646,249.891,250.266,65789
2022-05-19 10:26:00,251.197,251.33,250.472,250.581,48352
2022-05-19 10:25:00,251.67,251.847,251.122,251.192,74617
2022-05-19 10:24:00,252.017,252.123,251.594,251.703,41651
2022-05-19 10:23:00,251.892,252.034,251.614,251.999,35332
2022-05-19 10:22:00,252.295,252.325,251.801,251.851,43376
2022-05-19 10:21:00,251.867,252.576,251.811,252.221,64735
2022-05-19 10:20:00,251.01,251.955,250.915,251.891,45117
2022-05-19 10:19:00,251.375,251.502,250.915,251.044,41349
2022-05-19 10:18:00,251.404,251.69,251.181,251.428,46285
2022-05-19 10:17:00,251.227,251.67,251.094,251.438,49139
2022-05-19 10:16:00,250.695,251.227,250.373,251.201,34408
2022-05-19 10:15:00,250.813,251.128,250.383,250.64,33018
2022-05-19 10:14:00,250.863,251.079,250.433,250.837,46423
2022-05-19 10:13:00,251.708,251.798,250.724,250.867,51548
2022-05-19 10:12:00,252.01,252.083,251.21,251.674,43254
2022-05-19 10:11:00,251.434,252.162,251.407,251.999,77021
2022-05-19 10:10:00,251.286,251.571,251.043,251.379,87113
2022-05-19 10:09:00,251.572,251.611,250.944,251.3,62082
2022-05-19 10:08:00,251.729,251.827,251.328,251.573,74187
2022-05-19 10:07:00,251.64,251.906,251.604,251.733,75195
2022-05-19 10:06:00,252.103,252.184,251.545,251.664,70839
2022-05-19 10:05:00,252.192,252.359,251.84,252.137,128615
2022-05-19 10:04:00,252.212,252.517,251.958,252.22,107895
2022-05-19 10:03:00,252.133,252.556,252.027,252.206,112278
2022-05-19 10:02:00,251.449,252.172,251.328,252.137,86458
2022-05-19 10:01:00,250.882,251.424,250.767,251.398,77834
2022-05-19 10:00:00,250.518,250.981,250.295,250.886,108167
2022-05-19 09:59:00,250.282,250.715,250.206,250.512,62261
2022-05-19 09:58:00,250.361,250.478,250.068,250.291,76297
2022-05-19 09:57:00,250.449,250.853,250.294,250.402,75530
2022-05-19 09:56:00,249.898,250.498,249.871,250.463,83896
2022-05-19 09:55:00,249.371,249.927,249.281,249.902,69534
2022-05-19 09:54:00,249.012,249.632,248.828,249.41,77497
2022-05-19 09:53:00,248.746,249.07,248.72,248.986,41829
2022-05-19 09:52:00,249.248,249.494,248.572,248.72,73876
2022-05-19 09:51:00,249.081,249.307,248.867,249.207,81590
2022-05-19 09:50:00,248.815,249.356,248.572,249.094,84105
2022-05-19 09:49:00,249.061,249.1,248.424,248.809,78746
2022-05-19 09:48:00,248.789,249.238,248.67,249.085,76969
2022-05-19 09:47:00,249.396,249.425,248.729,248.822,103844
2022-05-19 09:46:00,249.723,250.242,249.379,249.449,127155
2022-05-19 09:45:00,250.036,250.213,249.655,249.784,55656
2022-05-19 09:44:00,250.37,250.882,249.719,250.059,90052
2022-05-19 09:43:00,251.316,251.35,250.147,250.305,92926
2022-05-19 09:42:00,251.345,251.424,251.053,251.29,47117
2022-05-19 09:41:00,251.418,251.463,250.801,251.28,53165
2022-05-19 09:40:00,251.271,251.69,251.053,251.36,82748
2022-05-19 09:39:00,251.207,251.463,250.826,251.31,103891
2022-05-19 09:38:00,251.523,251.739,250.915,251.251,95425
2022-05-19 09:37:00,251.596,251.788,251.102,251.526,174060
2022-05-19 09:36:00,250.646,252.064,250.62,251.6,130853
2022-05-19 09:35:00,251.008,251.286,250.521,250.62,87635
2022-05-19 09:34:00,251.237,251.379,250.541,250.926,73298
2022-05-19 09:33:00,250.823,251.522,250.797,251.29,135787
2022-05-19 09:32:00,251.035,251.433,250.501,250.847,86802
2022-05-19 09:31:00,251.7,251.985,250.442,251.054,193153
2022-05-19 09:30:00,249.957,251.758,249.596,251.733,770190
2022-05-19 09:29:00,250.016,250.085,249.881,250.059,2488
2022-05-19 09:28:00,249.76,250.065,249.734,249.843,2953
2022-05-19 09:27:00,249.051,249.632,249.025,249.606,970
2022-05-19 09:26:00,248.687,248.903,248.661,248.878,656
2022-05-19 09:25:00,248.451,248.913,248.099,248.494,5215
2022-05-19 09:24:00,248.884,248.913,248.857,248.888,560
2022-05-19 09:23:00,248.992,249.021,248.867,248.898,565
2022-05-19 09:22:00,249.179,249.504,249.153,249.478,338
2022-05-19 09:21:00,249.081,249.11,249.054,249.085,300
2022-05-19 09:20:00,249.081,249.553,249.054,249.527,800
2022-05-19 09:19:00,249.425,249.454,248.936,248.966,578
2022-05-19 09:18:00,249.475,249.553,249.448,249.508,7092
2022-05-19 09:17:00,249.1,249.454,249.074,249.429,1164
2022-05-19 09:16:00,249.081,249.11,249.005,249.035,504
2022-05-19 09:15:00,249.5,249.529,249.005,249.085,1890
2022-05-19 09:14:00,249.376,249.405,249.005,249.035,2043
2022-05-19 09:13:00,249.671,249.838,249.35,249.38,2907
2022-05-19 09:12:00,249.071,249.71,249.045,249.685,1035
2022-05-19 09:11:00,249.041,249.307,249.015,249.242,980
2022-05-19 09:10:00,248.963,249.09,248.936,249.065,797
2022-05-19 09:09:00,249.071,249.1,248.936,248.966,1306
2022-05-19 09:08:00,248.963,248.992,248.936,248.966,234
2022-05-19 09:07:00,248.943,249.011,248.746,248.986,1111
2022-05-19 09:06:00,248.48,248.883,248.454,248.711,2550
2022-05-19 09:03:00,248.342,248.371,248.267,248.297,300
2022-05-19 09:02:00,248.488,248.517,248.462,248.492,750
2022-05-19 09:00:00,248.293,248.322,248.267,248.297,863
2022-05-19 08:58:00,248.529,248.558,248.493,248.523,440
2022-05-19 08:57:00,248.608,248.753,248.562,248.592,978
2022-05-19 08:56:00,248.726,248.755,248.7,248.73,200
2022-05-19 08:55:00,248.372,248.411,248.346,248.386,446
2022-05-19 08:54:00,248.382,248.529,248.355,248.504,1000
2022-05-19 08:53:00,248.392,248.421,248.365,248.395,100
2022-05-19 08:52:00,247.998,248.312,247.869,248.287,1272
2022-05-19 08:51:00,247.752,247.987,247.725,247.864,1520
2022-05-19 08:48:00,248.047,248.076,247.863,247.893,300
2022-05-19 08:47:00,247.624,247.712,247.597,247.687,330
2022-05-19 08:46:00,247.702,247.915,247.519,247.765,2010
2022-05-19 08:45:00,247.89,247.918,247.863,247.893,100
2022-05-19 08:44:00,247.604,247.633,247.568,247.598,700
2022-05-19 08:43:00,247.604,247.739,247.568,247.628,1840
2022-05-19 08:42:00,247.368,247.397,247.341,247.372,197
2022-05-19 08:40:00,247.797,247.826,247.771,247.801,100
2022-05-19 08:39:00,247.604,247.653,247.282,247.312,759
2022-05-19 08:38:00,247.732,247.761,247.578,247.608,2482
2022-05-19 08:37:00,248.165,248.194,248.07,248.1,500
2022-05-19 08:36:00,247.968,248.184,247.942,248.002,1095
2022-05-19 08:35:00,247.783,247.879,247.686,247.716,1775
2022-05-19 08:34:00,247.968,247.997,247.942,247.972,600
2022-05-19 08:33:00,248.096,248.125,248.07,248.1,400
2022-05-19 08:32:00,247.801,248.072,247.696,247.785,778
2022-05-19 08:31:00,247.949,247.978,247.834,247.952,1285
2022-05-19 08:30:00,248.037,248.125,248.011,248.1,253
2022-05-19 08:29:00,247.998,248.046,247.972,248.021,205
2022-05-19 08:27:00,247.86,247.889,247.686,247.716,1294
2022-05-19 08:25:00,247.752,247.781,247.687,247.718,300
2022-05-19 08:24:00,247.978,248.007,247.903,247.933,1621
2022-05-19 08:23:00,248.155,248.184,248.08,248.11,232
2022-05-19 08:21:00,248.145,248.174,248.119,248.149,200
2022-05-19 08:20:00,248.392,248.569,248.346,248.376,1550
2022-05-19 08:18:00,248.126,248.174,248.06,248.09,400
2022-05-19 08:17:00,247.922,248.174,247.896,248.149,400
2022-05-19 08:16:00,248.145,248.174,248.04,248.071,2490
2022-05-19 08:15:00,248.155,248.184,248.129,248.159,200
2022-05-19 08:14:00,248.195,248.224,248.129,248.199,493
2022-05-19 08:13:00,248.244,248.273,248.198,248.228,300
2022-05-19 08:11:00,248.49,248.519,248.316,248.346,1878
2022-05-19 08:09:00,248.51,248.618,248.385,248.415,1339
2022-05-19 08:06:00,248.441,248.47,248.414,248.445,1818
2022-05-19 08:05:00,248.441,248.47,248.414,248.445,100
2022-05-19 08:04:00,248.461,248.49,248.434,248.464,100
2022-05-19 08:03:00,248.5,248.529,248.365,248.395,250
2022-05-19 08:02:00,248.628,248.657,248.489,248.519,734
2022-05-19 08:01:00,248.628,248.657,248.602,248.632,171
2022-05-19 08:00:00,247.611,248.991,247.381,248.651,19229
2022-05-19 07:59:00,248.923,248.952,248.897,248.927,100
2022-05-19 07:58:00,248.638,248.755,248.611,248.73,315
2022-05-19 07:56:00,248.598,248.814,248.572,248.789,450
2022-05-19 07:49:00,248.49,248.519,248.365,248.395,1004
2022-05-19 07:48:00,248.51,248.578,248.483,248.553,522
2022-05-19 07:47:00,248.736,248.765,248.572,248.602,1396
2022-05-19 07:46:00,248.589,248.765,248.562,248.74,1000
2022-05-19 07:45:00,248.736,248.765,248.71,248.74,100
2022-05-19 07:44:00,248.864,248.913,248.838,248.888,1096
2022-05-19 07:43:00,248.766,248.893,248.739,248.868,200
2022-05-19 07:42:00,248.795,248.903,248.769,248.878,230
2022-05-19 07:41:00,248.589,248.618,248.552,248.592,1400
2022-05-19 07:40:00,248.589,248.618,248.562,248.592,990
2022-05-19 07:39:00,248.352,248.381,248.326,248.356,100
2022-05-19 07:37:00,248.49,248.519,248.464,248.494,600
2022-05-19 07:33:00,248.264,248.293,248.188,248.218,200
2022-05-19 07:32:00,248.569,248.637,248.542,248.592,1037
2022-05-19 07:31:00,248.49,248.598,248.464,248.573,1248
2022-05-19 07:30:00,248.598,248.627,248.464,248.494,705
2022-05-19 07:29:00,248.579,248.627,248.552,248.602,762
2022-05-19 07:28:00,248.431,248.765,248.405,248.592,4954
2022-05-19 07:27:00,248.244,248.47,248.218,248.445,4363
2022-05-19 07:26:00,248.244,248.273,248.218,248.248,400
2022-05-19 07:23:00,248.293,248.352,248.099,248.327,1745
2022-05-19 07:22:00,248.037,248.115,248.011,248.08,1090
2022-05-19 07:21:00,248.017,248.066,247.991,248.041,200
2022-05-19 07:18:00,247.801,247.83,247.775,247.805,308
2022-05-19 07:16:00,247.781,247.81,247.716,247.746,340
2022-05-19 07:14:00,247.791,247.82,247.765,247.795,300
2022-05-19 07:12:00,247.801,247.83,247.775,247.805,388
2022-05-19 07:11:00,247.525,247.564,247.43,247.46,704
2022-05-19 07:08:00,247.506,247.534,247.479,247.509,293
2022-05-19 07:07:00,247.634,247.662,247.607,247.637,204
2022-05-19 07:06:00,247.732,247.781,247.706,247.756,200
2022-05-19 07:03:00,247.919,248.106,247.893,248.08,722
2022-05-19 07:02:00,247.732,247.968,247.706,247.943,523
2022-05-19 07:01:00,248.096,248.125,248.07,248.1,540
2022-05-19 07:00:00,247.515,248.194,247.489,248.1,4016
2022-05-19 06:59:00,247.949,247.987,247.922,247.962,514
2022-05-19 06:56:00,247.899,247.928,247.873,247.903,100
2022-05-19 06:55:00,247.752,247.781,247.725,247.756,119
2022-05-19 06:50:00,247.437,247.466,247.381,247.411,616
2022-05-19 06:47:00,247.673,247.771,247.647,247.677,560
2022-05-19 06:46:00,247.693,247.722,247.666,247.696,180
2022-05-19 06:45:00,247.565,247.594,247.538,247.568,122
2022-05-19 06:44:00,247.525,247.554,247.499,247.529,676
2022-05-19 06:43:00,247.151,247.485,247.086,247.46,5591
2022-05-19 06:39:00,247.368,247.397,247.341,247.372,180
2022-05-19 06:35:00,246.836,246.865,246.78,246.81,285
2022-05-19 06:31:00,247.171,247.2,247.145,247.175,300
2022-05-19 06:29:00,247.378,247.406,247.351,247.381,100
2022-05-19 06:28:00,247.378,247.406,247.351,247.381,200
2022-05-19 06:27:00,247.407,247.436,247.381,247.411,100
2022-05-19 06:26:00,247.378,247.406,247.351,247.381,300
2022-05-19 06:25:00,247.525,247.554,247.499,247.529,100
2022-05-19 06:24:00,247.555,247.584,247.529,247.559,111
2022-05-19 06:16:00,247.131,247.16,247.105,247.135,400
2022-05-19 06:15:00,247.092,247.121,247.066,247.096,100
2022-05-19 06:14:00,247.102,247.16,247.076,247.135,932
2022-05-19 06:13:00,247.092,247.121,247.066,247.096,100
2022-05-19 06:09:00,247.171,247.2,247.145,247.175,100
2022-05-19 06:08:00,247.102,247.19,247.076,247.165,400
2022-05-19 06:07:00,246.669,246.914,246.643,246.889,316
2022-05-19 06:04:00,246.777,246.845,246.751,246.781,2491
2022-05-19 06:01:00,246.619,246.648,246.593,246.623,100
2022-05-19 05:52:00,246.6,246.737,246.574,246.653,447
2022-05-19 05:47:00,246.137,246.166,246.111,246.141,100
2022-05-19 05:46:00,246.255,246.284,246.209,246.239,609
2022-05-19 05:44:00,246.176,246.205,246.101,246.131,2542
2022-05-19 05:42:00,246.226,246.254,246.2,246.23,535
2022-05-19 05:39:00,246.236,246.264,246.209,246.239,319
2022-05-19 05:38:00,246.245,246.274,246.219,246.249,446
2022-05-19 05:37:00,246.383,246.412,246.308,246.338,1489
2022-05-19 05:36:00,246.403,246.451,246.377,246.426,243
2022-05-19 05:34:00,246.619,246.648,246.593,246.623,100
2022-05-19 05:31:00,246.383,246.412,246.357,246.387,395
2022-05-19 05:28:00,246.619,246.658,246.593,246.633,747
2022-05-19 05:27:00,246.541,246.569,246.495,246.525,262
2022-05-19 05:24:00,246.619,246.648,246.515,246.545,474
2022-05-19 05:23:00,246.669,246.697,246.643,246.673,100
2022-05-19 05:22:00,246.659,246.688,246.633,246.663,100
2022-05-19 05:21:00,246.56,246.648,246.534,246.623,300
2022-05-19 05:20:00,246.541,246.569,246.505,246.545,520
2022-05-19 05:18:00,246.531,246.56,246.505,246.535,362
2022-05-19 05:17:00,246.679,246.707,246.652,246.682,100
2022-05-19 05:15:00,246.679,246.707,246.652,246.682,104
2022-05-19 05:14:00,246.482,246.579,246.456,246.554,330
2022-05-19 05:13:00,246.442,246.471,246.357,246.387,705
2022-05-19 05:12:00,246.728,246.757,246.692,246.722,280
2022-05-19 05:11:00,246.816,246.845,246.79,246.82,766
2022-05-19 05:05:00,246.816,246.845,246.79,246.82,400
2022-05-19 05:04:00,246.708,246.747,246.682,246.722,200
2022-05-19 05:02:00,246.57,246.599,246.544,246.574,163
2022-05-19 05:01:00,246.679,246.757,246.643,246.732,731
2022-05-19 05:00:00,246.669,246.697,246.603,246.633,665
2022-05-19 04:59:00,246.885,246.914,246.859,246.889,100
2022-05-19 04:58:00,246.866,246.973,246.839,246.948,456
2022-05-19 04:57:00,246.875,246.904,246.839,246.869,300
2022-05-19 04:55:00,247.141,247.17,247.086,247.116,300
2022-05-19 04:50:00,247.112,247.249,247.086,247.214,600
2022-05-19 04:46:00,247.112,247.239,247.086,247.214,4516
2022-05-19 04:45:00,247.122,247.15,247.086,247.116,323
2022-05-19 04:43:00,247.309,247.338,247.086,247.116,1630
2022-05-19 04:42:00,247.259,247.288,247.135,247.165,616
2022-05-19 04:38:00,247.289,247.357,247.223,247.332,843
2022-05-19 04:36:00,247.309,247.338,247.174,247.204,933
2022-05-19 04:35:00,247.131,247.308,247.105,247.283,200
2022-05-19 04:34:00,247.328,247.357,247.105,247.135,1219
2022-05-19 04:33:00,247.545,247.574,247.519,247.549,100
2022-05-19 04:32:00,247.456,247.485,247.43,247.46,100
2022-05-19 04:31:00,247.643,247.702,247.617,247.677,347
2022-05-19 04:30:00,247.653,247.682,247.627,247.657,351
2022-05-19 04:29:00,247.328,247.357,247.302,247.332,145
2022-05-19 04:25:00,247.801,247.83,247.775,247.805,135
2022-05-19 04:21:00,247.486,247.515,247.194,247.224,938
2022-05-19 04:20:00,247.604,247.633,247.44,247.47,1266
2022-05-19 04:14:00,247.712,247.741,247.686,247.716,115
2022-05-19 04:12:00,248.096,248.125,248.07,248.1,128
2022-05-19 04:10:00,247.801,247.899,247.775,247.874,500
2022-05-19 04:09:00,247.604,247.633,247.578,247.608,300
2022-05-19 04:08:00,247.387,247.436,247.361,247.411,444
2022-05-19 04:06:00,247.506,247.534,247.086,247.116,2980
2022-05-19 04:04:00,247.702,247.731,247.676,247.706,144
2022-05-19 04:03:00,247.919,247.948,247.716,247.746,320
2022-05-19 04:02:00,247.821,247.948,247.794,247.923,1623
2022-05-19 04:01:00,248.234,248.263,248.119,248.149,1093
2022-05-19 04:00:00,248.096,248.125,248.07,248.1,438
2022-05-18 19:58:00,248.736,248.765,248.71,248.74,116
2022-05-18 19:57:00,248.697,248.765,248.651,248.691,2441
2022-05-18 19:54:00,248.835,248.883,248.808,248.858,1023
2022-05-18 19:52:00,248.697,248.814,248.67,248.789,700
2022-05-18 19:51:00,248.785,248.814,248.759,248.789,100
2022-05-18 19:50:00,248.815,248.844,248.789,248.819,100
2022-05-18 19:49:00,248.707,248.736,248.68,248.711,100
2022-05-18 19:48:00,248.913,248.942,248.67,248.701,535
2022-05-18 19:44:00,249.081,249.11,249.054,249.085,200
2022-05-18 19:43:00,248.648,249.11,248.621,249.085,900
2022-05-18 19:42:00,248.589,248.618,248.562,248.592,702
2022-05-18 19:39:00,249.14,249.169,248.346,248.376,1102
2022-05-18 19:37:00,249.475,249.504,249.448,249.478,113
2022-05-18 19:36:00,249.583,249.612,249.547,249.577,344
2022-05-18 19:32:00,250.065,250.094,250.039,250.069,100
2022-05-18 19:31:00,249.859,250.055,249.832,249.971,510
2022-05-18 19:26:00,249.819,249.848,249.724,249.754,545
2022-05-18 19:24:00,250.164,250.193,250.108,250.138,200
2022-05-18 19:20:00,250.223,250.252,250.196,250.227,200
2022-05-18 19:16:00,249.819,250.094,249.793,250.059,3080
2022-05-18 19:15:00,250.114,250.144,250.049,250.079,392
2022-05-18 19:14:00,250.124,250.154,250.098,250.128,687
2022-05-18 19:13:00,250.361,250.39,250.334,250.365,420
2022-05-18 19:09:00,250.607,250.636,250.58,250.611,179
2022-05-18 19:08:00,250.774,250.803,250.531,250.561,575
2022-05-18 19:07:00,250.784,250.813,250.757,250.788,100
2022-05-18 19:06:00,250.813,250.843,250.787,250.817,100
2022-05-18 19:04:00,250.705,250.754,250.679,250.729,300
2022-05-18 19:03:00,250.705,250.734,250.679,250.709,200
2022-05-18 19:02:00,250.853,250.882,250.826,250.857,100
2022-05-18 18:59:00,250.804,250.853,250.728,250.808,5292
2022-05-18 18:58:00,250.754,250.784,250.728,250.758,769
2022-05-18 18:57:00,250.794,251.079,250.442,250.473,6166
2022-05-18 18:56:00,250.636,250.666,250.61,250.64,162
2022-05-18 18:55:00,250.626,250.656,250.6,250.63,100
2022-05-18 18:47:00,250.804,250.833,250.777,250.808,107
2022-05-18 18:45:00,250.361,250.39,250.334,250.365,100
2022-05-18 18:44:00,250.587,250.902,250.56,250.876,1059
2022-05-18 18:33:00,250.646,250.685,250.62,250.66,246
2022-05-18 18:32:00,250.331,250.39,250.305,250.365,200
2022-05-18 18:30:00,250.341,250.518,250.314,250.492,457
2022-05-18 18:29:00,250.587,250.616,250.147,250.177,664
2022-05-18 18:28:00,250.528,250.616,250.502,250.591,296
2022-05-18 18:26:00,250.981,251.01,250.954,250.985,100
2022-05-18 18:25:00,250.912,250.941,250.885,250.916,100
2022-05-18 18:24:00,251.01,251.04,250.984,251.014,500
2022-05-18 18:23:00,250.912,250.941,250.767,250.798,375
2022-05-18 18:22:00,250.754,250.882,250.728,250.857,300
2022-05-18 18:21:00,250.932,250.961,250.905,250.936,100
2022-05-18 18:20:00,250.804,250.882,250.777,250.857,540
2022-05-18 18:19:00,250.695,250.833,250.669,250.798,1261
2022-05-18 18:14:00,250.577,250.675,250.551,250.65,439
2022-05-18 18:09:00,250.213,250.242,250.186,250.217,606
2022-05-18 18:08:00,250.449,250.478,250.334,250.365,3831
2022-05-18 18:07:00,250.459,250.488,250.423,250.453,999
2022-05-18 18:06:00,250.439,250.764,250.413,250.443,2102
2022-05-18 18:05:00,250.439,250.488,250.413,250.463,948
2022-05-18 18:01:00,250.853,250.882,250.748,250.778,300
2022-05-18 18:00:00,250.361,250.803,250.334,250.778,3896
2022-05-18 17:59:00,250.213,250.242,250.186,250.217,300
2022-05-18 17:55:00,250.548,250.577,250.521,250.552,129
2022-05-18 17:53:00,250.272,250.301,250.245,250.276,3021
2022-05-18 17:52:00,250.331,250.36,250.245,250.276,950
2022-05-18 17:50:00,250.272,250.301,250.245,250.276,100
2022-05-18 17:47:00,250.262,250.291,250.236,250.266,100
2022-05-18 17:45:00,250.302,250.331,250.275,250.305,102
2022-05-18 17:37:00,250.262,250.291,250.236,250.266,300
2022-05-18 17:36:00,250.252,250.282,250.216,250.246,345
2022-05-18 17:25:00,250.213,250.291,250.147,250.266,2000
2022-05-18 17:24:00,250.203,250.242,250.177,250.207,1495
2022-05-18 17:23:00,250.262,250.291,250.177,250.207,298
2022-05-18 17:22:00,250.223,250.291,250.196,250.266,1100
2022-05-18 17:21:00,250.223,250.252,250.196,250.227,100
2022-05-18 17:20:00,250.223,250.252,250.177,250.207,260
2022-05-18 17:17:00,250.203,250.232,250.177,250.207,295
2022-05-18 17:15:00,250.262,250.291,250.236,250.266,480
2022-05-18 17:09:00,250.262,250.291,250.236,250.266,264
2022-05-18 16:57:00,250.321,250.35,250.295,250.325,875
2022-05-18 16:56:00,250.39,250.419,250.334,250.365,1901
2022-05-18 16:55:00,250.39,250.419,250.364,250.394,200
2022-05-18 16:54:00,250.41,250.518,250.383,250.492,348
2022-05-18 16:53:00,250.558,250.685,250.413,250.463,4518
2022-05-18 16:52:00,250.439,250.469,250.413,250.443,401
2022-05-18 16:51:00,250.213,250.242,250.186,250.217,250
2022-05-18 16:49:00,250.203,250.646,250.177,250.62,5544
2022-05-18 16:48:00,250.075,250.104,250.049,250.079,100
2022-05-18 16:47:00,250.183,250.242,250.118,250.168,73624
2022-05-18 16:46:00,250.193,250.239,250.167,250.213,520
2022-05-18 16:45:00,250.036,250.232,249.921,249.951,3438
2022-05-18 16:44:00,249.967,250.065,249.94,250.04,240
2022-05-18 16:43:00,249.873,250.045,249.847,250.02,250
2022-05-18 16:42:00,249.957,249.986,249.858,249.888,298
2022-05-18 16:41:00,249.809,249.986,249.783,249.846,2095
2022-05-18 16:40:00,249.908,249.937,249.832,249.862,200
2022-05-18 16:39:00,249.79,249.898,249.763,249.862,2688
2022-05-18 16:38:00,249.819,249.986,249.793,249.961,200
2022-05-18 16:37:00,250.006,250.045,249.98,250.02,204
2022-05-18 16:36:00,250.016,250.045,249.891,249.951,899
2022-05-18 16:35:00,250.016,250.085,249.793,250.02,1550
2022-05-18 16:34:00,249.918,250.085,249.842,250.049,3679
2022-05-18 16:33:00,250.036,250.065,249.891,249.921,806
2022-05-18 16:32:00,250.046,250.075,249.891,249.921,1801
2022-05-18 16:31:00,249.898,250.075,249.871,250.04,2481
2022-05-18 16:30:00,249.918,250.085,249.881,249.912,2272
2022-05-18 16:29:00,249.75,249.947,249.724,249.921,1183
2022-05-18 16:26:00,249.75,249.779,249.724,249.754,100
2022-05-18 16:25:00,249.819,249.868,249.783,249.813,798
2022-05-18 16:24:00,249.573,250.173,249.35,249.572,18256
2022-05-18 16:23:00,249.819,249.848,249.547,249.577,6517
2022-05-18 16:22:00,249.859,249.898,249.832,249.872,1585
2022-05-18 16:21:00,249.859,249.927,249.832,249.902,1282
2022-05-18 16:20:00,249.839,249.888,249.793,249.862,1437
2022-05-18 16:19:00,249.415,249.888,249.35,249.862,3834
2022-05-18 16:18:00,250.144,250.173,249.35,249.38,44969
2022-05-18 16:17:00,249.425,249.454,249.35,249.38,2499
2022-05-18 16:16:00,249.849,249.878,249.35,249.38,718
2022-05-18 16:15:00,249.563,249.927,249.507,249.902,2375
2022-05-18 16:14:00,249.819,249.848,249.537,249.577,8980
2022-05-18 16:13:00,249.76,250.045,249.68,249.823,5957
2022-05-18 16:12:00,249.534,250.173,249.507,249.764,6371
2022-05-18 16:11:00,249.425,249.602,249.399,249.538,2414
2022-05-18 16:10:00,249.475,249.504,249.3,249.331,5418
2022-05-18 16:09:00,249.425,250.173,249.3,250.148,5677
2022-05-18 16:08:00,250.144,250.173,249.566,249.597,149990
2022-05-18 16:07:00,249.622,250.045,249.344,249.603,6291
2022-05-18 16:06:00,249.918,250.085,249.261,249.582,2332
2022-05-18 16:05:00,250.006,250.035,249.547,249.577,1886
2022-05-18 16:04:00,249.957,250.094,249.93,250.069,1464
2022-05-18 16:03:00,250.065,250.104,249.99,250.02,2522
2022-05-18 16:02:00,250.361,250.498,250.088,250.118,187053
2022-05-18 16:01:00,250.505,250.534,250.118,250.148,530055
2022-05-18 16:00:00,250.203,250.449,250.118,250.315,6125762
2022-05-18 15:59:00,250.321,250.469,249.743,250.207,793086
2022-05-18 15:58:00,249.957,250.439,249.864,250.355,233577
2022-05-18 15:57:00,249.74,250.154,249.655,249.961,185992
2022-05-18 15:56:00,250.075,250.104,249.556,249.744,144125
2022-05-18 15:55:00,249.386,250.163,249.281,250.074,227331
2022-05-18 15:54:00,249.859,250.035,248.828,249.39,289648
2022-05-18 15:53:00,250.124,250.203,249.793,249.862,105580
2022-05-18 15:52:00,250.105,250.222,249.94,250.128,75309
2022-05-18 15:51:00,250.41,250.469,249.96,250.118,90592
2022-05-18 15:50:00,249.957,250.725,249.862,250.384,149953
2022-05-18 15:49:00,250.09,250.144,249.773,249.961,77574
2022-05-18 15:48:00,250.321,250.41,249.852,250.089,92211
2022-05-18 15:47:00,250.134,250.449,250.088,250.315,77380
2022-05-18 15:46:00,250.38,250.41,250.058,250.113,73657
2022-05-18 15:45:00,250.4,250.715,250.295,250.384,61638
2022-05-18 15:44:00,250.311,250.636,250.206,250.384,80872
2022-05-18 15:43:00,250.4,250.439,250.108,250.34,90957
2022-05-18 15:42:00,250.681,250.823,250.314,250.374,82606
2022-05-18 15:41:00,250.745,250.99,250.531,250.67,69675
2022-05-18 15:40:00,250.774,250.99,250.669,250.758,62197
2022-05-18 15:39:00,250.764,251.03,250.718,250.798,81406
2022-05-18 15:38:00,250.858,250.981,250.492,250.748,71935
2022-05-18 15:37:00,250.587,250.922,250.492,250.869,70416
2022-05-18 15:36:00,250.262,250.631,250.216,250.59,95345
2022-05-18 15:35:00,250.046,250.311,249.925,250.266,48951
2022-05-18 15:34:00,250.174,250.222,249.999,250.049,61041
2022-05-18 15:33:00,250.026,250.282,249.999,250.162,68783
2022-05-18 15:32:00,250.223,250.262,249.97,250.059,42903
2022-05-18 15:31:00,250.129,250.311,250.039,250.237,56465
2022-05-18 15:30:00,250.046,250.39,250.019,250.114,51783
2022-05-18 15:29:00,250.154,250.213,249.964,250.064,41006
2022-05-18 15:28:00,250.041,250.218,249.96,250.173,58771
2022-05-18 15:27:00,249.868,250.193,249.773,250.053,55331
2022-05-18 15:26:00,249.987,250.055,249.773,249.902,57878
2022-05-18 15:25:00,250.144,250.299,249.969,249.999,63670
2022-05-18 15:24:00,250.134,250.208,249.999,250.128,45676
2022-05-18 15:23:00,250.252,250.36,250.108,250.158,23133
2022-05-18 15:22:00,250.725,250.754,250.132,250.286,62337
2022-05-18 15:21:00,250.853,250.882,250.546,250.729,51166
2022-05-18 15:20:00,250.558,250.99,250.521,250.847,69219
2022-05-18 15:19:00,250.415,250.606,250.373,250.561,31789
2022-05-18 15:18:00,250.39,250.518,250.295,250.424,33903
2022-05-18 15:17:00,250.577,250.606,250.359,250.424,27892
2022-05-18 15:16:00,250.518,250.715,250.403,250.619,50779
2022-05-18 15:15:00,250.203,250.606,250.177,250.522,57095
2022-05-18 15:14:00,250.302,250.41,250.132,250.217,31988
2022-05-18 15:13:00,250.518,250.597,250.206,250.325,60076
2022-05-18 15:12:00,250.602,250.843,250.383,250.532,51064
2022-05-18 15:11:00,250.597,250.725,250.314,250.63,35243
2022-05-18 15:10:00,250.282,250.685,250.186,250.611,34865
2022-05-18 15:09:00,250.538,250.725,250.245,250.32,53270
2022-05-18 15:08:00,250.823,250.882,250.462,250.542,38933
2022-05-18 15:07:00,250.449,250.943,250.423,250.857,45330
2022-05-18 15:06:00,250.459,250.547,250.221,250.431,50299
2022-05-18 15:05:00,250.272,250.562,250.236,250.463,48627
2022-05-18 15:04:00,250.242,250.39,250.127,250.276,29614
2022-05-18 15:03:00,250.292,250.41,250.196,250.246,26915
2022-05-18 15:02:00,250.361,250.508,250.177,250.286,32633
2022-05-18 15:01:00,250.459,250.547,250.285,250.384,30220
2022-05-18 15:00:00,250.192,250.616,250.127,250.453,54022
2022-05-18 14:59:00,250.193,250.36,249.97,250.17,46484
2022-05-18 14:58:00,250.42,250.567,250.157,250.222,36068
2022-05-18 14:57:00,250.41,250.565,250.295,250.443,28368
2022-05-18 14:56:00,250.607,250.657,250.393,250.424,44635
2022-05-18 14:55:00,250.456,250.784,250.314,250.64,32392
2022-05-18 14:54:00,250.607,250.643,250.285,250.458,32910
2022-05-18 14:53:00,250.567,250.725,250.462,250.611,32176
2022-05-18 14:52:00,250.705,250.754,250.471,250.571,18013
2022-05-18 14:51:00,250.754,250.833,250.639,250.748,27732
2022-05-18 14:50:00,250.912,251.118,250.708,250.778,70189
2022-05-18 14:49:00,250.882,251.207,250.856,250.936,36234
2022-05-18 14:48:00,250.361,251.03,250.039,250.896,84475
2022-05-18 14:47:00,250.676,250.754,250.344,250.384,35797
2022-05-18 14:46:00,250.676,251.217,250.61,250.68,28805
2022-05-18 14:45:00,250.681,250.813,250.58,250.704,27405
2022-05-18 14:44:00,250.567,250.823,250.472,250.699,35164
2022-05-18 14:43:00,250.607,250.695,250.521,250.571,25409
2022-05-18 14:42:00,250.725,250.803,250.521,250.591,41724
2022-05-18 14:41:00,250.932,250.961,250.649,250.738,23388
2022-05-18 14:40:00,250.735,251.03,250.708,250.945,30302
2022-05-18 14:39:00,250.804,250.971,250.688,250.768,21282
2022-05-18 14:38:00,250.622,250.931,250.58,250.847,34024
2022-05-18 14:37:00,250.607,250.784,250.521,250.66,33839
2022-05-18 14:36:00,250.863,250.892,250.531,250.606,39030
2022-05-18 14:35:00,251.001,251.059,250.826,250.886,18820
2022-05-18 14:34:00,251.138,251.249,250.866,251.024,30100
2022-05-18 14:33:00,251.197,251.276,251.044,251.142,19391
2022-05-18 14:32:00,251.276,251.384,251.072,251.221,30424
2022-05-18 14:31:00,251.513,251.609,251.087,251.241,43128
2022-05-18 14:30:00,251.64,251.773,251.318,251.556,31178
2022-05-18 14:29:00,251.668,251.698,251.387,251.654,45519
2022-05-18 14:28:00,251.778,251.886,251.619,251.693,28543
2022-05-18 14:27:00,251.665,251.916,251.638,251.782,28573
2022-05-18 14:26:00,251.729,251.857,251.515,251.684,32040
2022-05-18 14:25:00,251.522,251.768,251.466,251.703,35338
2022-05-18 14:24:00,251.611,251.645,251.358,251.456,29593
2022-05-18 14:23:00,251.532,251.768,251.407,251.605,26579
2022-05-18 14:22:00,251.68,251.886,251.506,251.541,20953
2022-05-18 14:21:00,251.522,251.709,251.299,251.674,27739
2022-05-18 14:20:00,251.562,251.778,251.491,251.556,22878
2022-05-18 14:19:00,251.601,251.69,251.496,251.575,17324
2022-05-18 14:18:00,251.562,251.837,251.451,251.588,22061
2022-05-18 14:17:00,251.66,251.791,251.378,251.536,29567
2022-05-18 14:16:00,251.188,251.869,251.131,251.694,43496
2022-05-18 14:15:00,251.286,251.384,250.974,251.172,36046
2022-05-18 14:14:00,251.444,251.498,251.23,251.29,20400
2022-05-18 14:13:00,251.227,251.473,251.2,251.413,38142
2022-05-18 14:12:00,251.444,251.473,251.131,251.251,29106
2022-05-18 14:11:00,251.478,251.63,251.387,251.418,22930
2022-05-18 14:10:00,251.419,251.699,251.318,251.438,33030
2022-05-18 14:09:00,251.412,251.545,251.23,251.507,33726
2022-05-18 14:08:00,251.316,251.473,251.122,251.438,33736
2022-05-18 14:07:00,251.168,251.374,251.072,251.315,31334
2022-05-18 14:06:00,251.35,251.443,251.141,251.172,31927
2022-05-18 14:05:00,251.345,251.483,251.2,251.398,28632
2022-05-18 14:04:00,251.316,251.552,251.235,251.329,30994
2022-05-18 14:03:00,251.311,251.443,251.122,251.319,24119
2022-05-18 14:02:00,251.311,251.493,251.162,251.3,35004
2022-05-18 14:01:00,251.296,251.453,251.21,251.339,20517
2022-05-18 14:00:00,251.257,251.463,251.152,251.3,37807
2022-05-18 13:59:00,251.178,251.296,250.994,251.27,22416
2022-05-18 13:58:00,251.242,251.384,251.053,251.162,26234
2022-05-18 13:57:00,251.099,251.275,250.905,251.224,26480
2022-05-18 13:56:00,251.06,251.266,250.413,251.103,190922
2022-05-18 13:55:00,251.462,251.491,250.925,251.034,103549
2022-05-18 13:54:00,251.345,251.521,251.259,251.457,39917
2022-05-18 13:53:00,251.611,251.65,251.318,251.349,47365
2022-05-18 13:52:00,251.67,251.729,251.565,251.625,24965
2022-05-18 13:51:00,251.887,251.916,251.574,251.697,50990
2022-05-18 13:50:00,251.926,252.054,251.84,251.891,19262
2022-05-18 13:49:00,252.049,252.113,251.88,251.925,12644
2022-05-18 13:48:00,252.036,252.162,251.87,252.028,33275
2022-05-18 13:47:00,252.217,252.261,251.929,252.038,35061
2022-05-18 13:46:00,252.329,252.408,252.165,252.255,21648
2022-05-18 13:45:00,252.231,252.433,252.175,252.304,21336
2022-05-18 13:44:00,252.271,252.3,252.017,252.245,38758
2022-05-18 13:43:00,252.507,252.556,252.205,252.274,24730
2022-05-18 13:42:00,252.566,252.704,252.451,252.521,11537
2022-05-18 13:41:00,252.753,252.861,252.46,252.55,24677
2022-05-18 13:40:00,253.019,253.098,252.667,252.719,27387
2022-05-18 13:39:00,252.723,253.048,252.628,253.023,27830
2022-05-18 13:38:00,252.659,252.807,252.569,252.737,18643
2022-05-18 13:37:00,252.684,252.817,252.618,252.649,16956
2022-05-18 13:36:00,252.714,252.832,252.588,252.703,24121
2022-05-18 13:35:00,252.792,252.999,252.657,252.703,39451
2022-05-18 13:34:00,252.536,252.842,252.441,252.777,30409
2022-05-18 13:33:00,252.527,252.619,252.431,252.56,16151
2022-05-18 13:32:00,252.645,252.763,252.47,252.53,34834
2022-05-18 13:31:00,252.408,252.723,252.352,252.648,21754
2022-05-18 13:30:00,252.487,252.517,252.283,252.402,26048
2022-05-18 13:29:00,252.467,252.546,252.323,252.501,12808
2022-05-18 13:28:00,252.448,252.566,252.352,252.471,20597
2022-05-18 13:27:00,252.236,252.458,252.209,252.412,13095
2022-05-18 13:26:00,252.339,252.477,252.116,252.274,47071
2022-05-18 13:25:00,252.483,252.517,252.293,252.377,17484
2022-05-18 13:24:00,252.477,252.536,252.391,252.462,19521
2022-05-18 13:23:00,252.556,252.694,252.431,252.462,15733
2022-05-18 13:22:00,252.595,252.743,252.519,252.594,12615
2022-05-18 13:21:00,252.438,252.753,252.411,252.629,29480
2022-05-18 13:20:00,252.408,252.664,252.332,252.462,20579
2022-05-18 13:19:00,252.438,252.526,252.224,252.334,30484
2022-05-18 13:18:00,252.458,252.664,252.362,252.452,24374
2022-05-18 13:17:00,252.389,252.507,252.303,252.432,30715
2022-05-18 13:16:00,252.467,252.546,252.342,252.402,25862
2022-05-18 13:15:00,252.458,252.586,252.347,252.491,23766
2022-05-18 13:14:00,252.487,252.605,252.431,252.462,19102
2022-05-18 13:13:00,252.339,252.546,252.303,252.497,17622
2022-05-18 13:12:00,252.482,252.664,252.273,252.353,40164
2022-05-18 13:11:00,252.666,252.743,252.441,252.491,15116
2022-05-18 13:10:00,252.576,252.743,252.49,252.708,31349
2022-05-18 13:09:00,252.881,252.93,252.465,252.609,44628
2022-05-18 13:08:00,252.851,252.96,252.795,252.895,23267
2022-05-18 13:07:00,253.044,253.127,252.825,252.875,25988
2022-05-18 13:06:00,253.202,253.285,252.972,253.062,15279
2022-05-18 13:05:00,253.393,253.422,253.012,253.175,24194
2022-05-18 13:04:00,253.354,253.501,253.307,253.407,7342
2022-05-18 13:03:00,253.403,253.531,253.297,253.397,19730
2022-05-18 13:02:00,253.403,253.541,253.297,253.446,16724
2022-05-18 13:01:00,253.472,253.521,253.277,253.377,19109
2022-05-18 13:00:00,253.826,253.875,253.415,253.446,20401
2022-05-18 12:59:00,253.67,253.925,253.592,253.86,14698
2022-05-18 12:58:00,253.511,253.787,253.484,253.673,25190
2022-05-18 12:57:00,253.482,253.521,253.228,253.476,16624
2022-05-18 12:56:00,253.62,253.649,253.376,253.451,21575
2022-05-18 12:55:00,253.742,253.787,253.563,253.613,13615
2022-05-18 12:54:00,253.66,253.816,253.494,253.732,23885
2022-05-18 12:53:00,253.905,253.994,253.583,253.643,21899
2022-05-18 12:52:00,253.585,253.954,253.558,253.913,25161
2022-05-18 12:51:00,253.61,253.738,253.504,253.594,23948
2022-05-18 12:50:00,253.629,253.664,253.494,253.584,21105
2022-05-18 12:49:00,253.255,253.639,253.208,253.613,20483
2022-05-18 12:48:00,253.477,253.531,253.238,253.288,16887
2022-05-18 12:47:00,253.482,253.524,253.238,253.498,20683
2022-05-18 12:46:00,253.157,253.482,253.1,253.456,22458
2022-05-18 12:45:00,253.142,253.214,252.894,253.141,31587
2022-05-18 12:44:00,253.216,253.377,253.061,253.134,25842
2022-05-18 12:43:00,253.354,253.442,253.179,253.249,11378
2022-05-18 12:42:00,253.418,253.462,253.179,253.367,13641
2022-05-18 12:41:00,253.6,253.678,253.376,253.407,14864
2022-05-18 12:40:00,253.659,253.738,253.504,253.613,13923
2022-05-18 12:39:00,253.482,253.698,253.415,253.663,15296
2022-05-18 12:38:00,253.649,253.688,253.371,253.466,24181
2022-05-18 12:37:00,253.816,253.856,253.592,253.623,20579
2022-05-18 12:36:00,253.728,253.885,253.642,253.85,29028
2022-05-18 12:35:00,253.669,253.767,253.504,253.732,38361
2022-05-18 12:34:00,253.442,253.747,253.317,253.663,23236
2022-05-18 12:33:00,253.432,253.541,253.327,253.443,17081
2022-05-18 12:32:00,253.363,253.541,253.268,253.476,20226
2022-05-18 12:31:00,252.95,253.442,252.917,253.387,19422
2022-05-18 12:30:00,253.147,253.176,252.815,252.973,22219
2022-05-18 12:29:00,253.334,253.398,253.13,253.17,41824
2022-05-18 12:28:00,253.206,253.383,253.09,253.353,48172
2022-05-18 12:27:00,253.117,253.265,252.982,253.225,27861
2022-05-18 12:26:00,253.058,253.147,252.864,253.111,31327
2022-05-18 12:25:00,252.773,253.117,252.746,253.062,33449
2022-05-18 12:24:00,252.655,252.94,252.628,252.806,19014
2022-05-18 12:23:00,252.891,252.95,252.401,252.639,70050
2022-05-18 12:22:00,253.117,253.206,252.834,252.911,28040
2022-05-18 12:21:00,253.275,253.354,253.012,253.087,42984
2022-05-18 12:20:00,253.358,253.501,253.228,253.269,20009
2022-05-18 12:19:00,253.235,253.393,253.169,253.338,23617
2022-05-18 12:18:00,253.452,253.491,253.199,253.249,17884
2022-05-18 12:17:00,253.501,253.599,253.269,253.486,24799
2022-05-18 12:16:00,253.24,253.57,253.199,253.407,17856
2022-05-18 12:15:00,253.485,253.521,253.238,253.281,22766
2022-05-18 12:14:00,253.201,253.543,253.159,253.485,31136
2022-05-18 12:13:00,253.137,253.265,253.041,253.2,34508
2022-05-18 12:12:00,253.137,253.196,252.992,253.098,30644
2022-05-18 12:11:00,253.009,253.235,252.972,253.126,18049
2022-05-18 12:10:00,253.393,253.432,252.923,253.042,25742
2022-05-18 12:09:00,252.886,253.432,252.844,253.407,27658
2022-05-18 12:08:00,253.137,253.168,252.795,252.88,35704
2022-05-18 12:07:00,253.268,253.413,252.987,253.17,52166
2022-05-18 12:06:00,253.363,253.521,253.243,253.274,27660
2022-05-18 12:05:00,253.728,253.797,253.327,253.357,53195
2022-05-18 12:04:00,253.541,253.826,253.504,253.732,34649
2022-05-18 12:03:00,253.275,253.629,253.199,253.53,35847
2022-05-18 12:02:00,253.123,253.337,253.071,253.279,73213
2022-05-18 12:01:00,253.048,253.255,252.795,253.101,61667
2022-05-18 12:00:00,252.901,253.127,252.854,253.057,25644
2022-05-18 11:59:00,252.851,253.088,252.825,252.895,25164
2022-05-18 11:58:00,253.088,253.206,252.825,252.875,26444
2022-05-18 11:57:00,253.196,253.324,253.041,253.117,27114
2022-05-18 11:56:00,253.226,253.472,253.159,253.21,35875
2022-05-18 11:55:00,252.989,253.275,252.815,253.249,44947
2022-05-18 11:54:00,253.235,253.304,252.903,253.003,57247
2022-05-18 11:53:00,253.383,253.413,253.12,253.249,45186
2022-05-18 11:52:00,253.501,253.61,253.307,253.387,25843
2022-05-18 11:51:00,253.728,253.797,253.415,253.515,25694
2022-05-18 11:50:00,253.614,253.747,253.376,253.722,47002
2022-05-18 11:49:00,253.521,253.649,253.396,253.618,20854
2022-05-18 11:48:00,253.511,253.747,253.415,253.505,21506
2022-05-18 11:47:00,253.639,253.669,253.429,253.515,18451
2022-05-18 11:46:00,253.541,253.649,253.425,253.623,20151
2022-05-18 11:45:00,253.693,253.875,253.504,253.584,33860
2022-05-18 11:44:00,253.659,253.806,253.632,253.722,18360
2022-05-18 11:43:00,253.771,253.895,253.591,253.633,22398
2022-05-18 11:42:00,253.738,253.866,253.484,253.8,34373
2022-05-18 11:41:00,253.432,253.816,253.366,253.751,38295
2022-05-18 11:40:00,253.196,253.452,253.12,253.367,24411
2022-05-18 11:39:00,253.472,253.501,253.081,253.21,50993
2022-05-18 11:38:00,253.541,253.678,253.327,253.481,25515
2022-05-18 11:37:00,253.516,253.678,253.307,253.568,25341
2022-05-18 11:36:00,253.383,253.57,253.258,253.5,31354
2022-05-18 11:35:00,253.619,253.66,253.317,253.348,50851
2022-05-18 11:34:00,253.58,253.728,253.406,253.613,26357
2022-05-18 11:33:00,253.629,253.757,253.488,253.584,27952
2022-05-18 11:32:00,253.501,253.688,253.474,253.623,53614
2022-05-18 11:31:00,253.088,253.698,253.031,253.505,45446
2022-05-18 11:30:00,253.482,253.57,253.061,253.092,27625
2022-05-18 11:29:00,253.59,253.636,253.199,253.446,58356
2022-05-18 11:28:00,253.865,253.895,253.563,253.613,25699
2022-05-18 11:27:00,253.984,254.102,253.789,253.879,17301
2022-05-18 11:26:00,254.24,254.289,253.671,254.017,38128
2022-05-18 11:25:00,254.254,254.387,254.183,254.253,16801
2022-05-18 11:24:00,254.377,254.427,254.035,254.234,64922
2022-05-18 11:23:00,254.496,254.594,254.262,254.386,44377
2022-05-18 11:22:00,254.446,254.604,254.38,254.519,24011
2022-05-18 11:21:00,254.801,254.84,254.35,254.49,21201
2022-05-18 11:20:00,254.683,254.855,254.321,254.795,31538
2022-05-18 11:19:00,254.594,254.801,254.498,254.677,39760
2022-05-18 11:18:00,254.87,254.929,254.537,254.568,37212
2022-05-18 11:17:00,254.652,254.978,254.587,254.913,27320
2022-05-18 11:16:00,255.245,255.283,254.577,254.678,76429
2022-05-18 11:15:00,255.263,255.293,255.158,255.248,15429
2022-05-18 11:14:00,255.244,255.293,255.217,255.267,11096
2022-05-18 11:13:00,255.259,255.298,255.217,255.255,18192
2022-05-18 11:12:00,255.249,255.293,255.177,255.258,21329
2022-05-18 11:11:00,255.482,255.539,255.207,255.248,39787
2022-05-18 11:10:00,255.569,255.598,255.453,255.484,48310
2022-05-18 11:09:00,255.618,255.766,255.522,255.573,34036
2022-05-18 11:08:00,255.746,255.776,255.517,255.627,44168
2022-05-18 11:07:00,255.618,255.894,255.591,255.755,31877
2022-05-18 11:06:00,255.864,256.032,255.561,255.622,23928
2022-05-18 11:05:00,255.894,256.091,255.837,255.868,17360
2022-05-18 11:04:00,255.874,256.022,255.709,255.888,18173
2022-05-18 11:03:00,255.647,256.002,255.61,255.838,31110
2022-05-18 11:02:00,255.805,256.051,255.64,255.676,29521
2022-05-18 11:01:00,256.022,256.15,255.768,255.819,32622
2022-05-18 11:00:00,256.218,256.248,255.965,256.045,15916
2022-05-18 10:59:00,256.11,256.307,255.955,256.272,21176
2022-05-18 10:58:00,256.327,256.426,256.014,256.114,19204
2022-05-18 10:57:00,256.14,256.414,256.093,256.321,31483
2022-05-18 10:56:00,256.012,256.214,255.876,256.144,22526
2022-05-18 10:55:00,256.179,256.298,255.945,255.996,22485
2022-05-18 10:54:00,256.145,256.347,256.044,256.173,16080
2022-05-18 10:53:00,256.028,256.199,255.971,256.163,13188
2022-05-18 10:52:00,256.233,256.367,255.965,256.006,41087
2022-05-18 10:51:00,256.061,256.272,255.985,256.226,24056
2022-05-18 10:50:00,256.327,256.376,256.024,256.055,32753
2022-05-18 10:49:00,256.489,256.519,256.221,256.331,26519
2022-05-18 10:48:00,256.218,256.573,256.132,256.508,54627
2022-05-18 10:47:00,256.15,256.268,256.004,256.193,22734
2022-05-18 10:46:00,255.864,256.327,255.807,256.183,46924
2022-05-18 10:45:00,256.031,256.091,255.719,255.863,22058
2022-05-18 10:44:00,256.14,256.199,255.994,256.065,17950
2022-05-18 10:43:00,256.14,256.238,256.014,256.154,25272
2022-05-18 10:42:00,256.12,256.179,255.965,256.154,40265
2022-05-18 10:41:00,256.026,256.174,255.857,256.134,31027
2022-05-18 10:40:00,256.159,256.243,255.857,256.006,28873
2022-05-18 10:39:00,256.11,256.257,256.024,256.158,36616
2022-05-18 10:38:00,255.982,256.209,255.788,256.094,76979
2022-05-18 10:37:00,256.081,256.17,255.955,255.996,25256
2022-05-18 10:36:00,256.327,256.386,256.034,256.08,25943
2022-05-18 10:35:00,256.504,256.563,256.221,256.331,27088
2022-05-18 10:34:00,256.487,256.593,256.329,256.518,37703
2022-05-18 10:33:00,256.337,256.623,256.211,256.478,31188
2022-05-18 10:32:00,256.445,256.524,256.211,256.375,31076
2022-05-18 10:31:00,256.583,256.662,256.284,256.478,31198
2022-05-18 10:30:00,256.599,256.711,256.329,256.597,51064
2022-05-18 10:29:00,257.105,257.233,256.506,256.606,35770
2022-05-18 10:28:00,257.459,257.528,257.058,257.138,27462
2022-05-18 10:27:00,257.479,257.551,257.194,257.483,27128
2022-05-18 10:26:00,257.164,257.728,257.126,257.502,43326
2022-05-18 10:25:00,257.282,257.459,257.166,257.197,43490
2022-05-18 10:24:00,257.114,257.312,256.871,257.286,95582
2022-05-18 10:23:00,257.075,257.203,256.782,257.138,88324
2022-05-18 10:22:00,256.76,257.223,256.733,257.089,34641
2022-05-18 10:21:00,257.065,257.184,256.673,256.744,36578
2022-05-18 10:20:00,256.967,257.223,256.762,257.05,48485
2022-05-18 10:19:00,257.306,257.371,256.703,256.961,96750
2022-05-18 10:18:00,257.311,257.519,257.205,257.325,32009
2022-05-18 10:17:00,257.488,257.666,257.166,257.345,30540
2022-05-18 10:16:00,257.715,257.824,257.323,257.512,55277
2022-05-18 10:15:00,257.715,257.863,257.392,257.709,44764
2022-05-18 10:14:00,257.68,258.04,257.643,257.689,42145
2022-05-18 10:13:00,257.026,257.666,256.953,257.64,61608
2022-05-18 10:12:00,257.055,257.253,256.989,257.02,37733
2022-05-18 10:11:00,257.38,257.42,256.979,257.069,39679
2022-05-18 10:10:00,257.301,257.558,257.146,257.394,42366
2022-05-18 10:09:00,257.892,257.922,257.304,257.335,41509
2022-05-18 10:08:00,257.882,257.971,257.629,257.926,32608
2022-05-18 10:07:00,258.138,258.237,257.85,257.916,48782
2022-05-18 10:06:00,258.02,258.188,257.904,258.123,54029
2022-05-18 10:05:00,257.508,258.05,257.461,258.003,73172
2022-05-18 10:04:00,257.685,257.755,257.451,257.532,36602
2022-05-18 10:03:00,257.784,257.962,257.569,257.719,48918
2022-05-18 10:02:00,257.705,257.932,257.619,257.768,44654
2022-05-18 10:01:00,257.479,257.863,257.294,257.739,36199
2022-05-18 10:00:00,257.218,257.578,257.107,257.473,57416
2022-05-18 09:59:00,257.213,257.331,257.077,257.219,24667
2022-05-18 09:58:00,257.124,257.302,257.018,257.187,29677
2022-05-18 09:57:00,257.326,257.459,257.077,257.177,27639
2022-05-18 09:56:00,257.769,257.814,257.314,257.345,68943
2022-05-18 09:55:00,257.989,258.168,257.737,257.798,41087
2022-05-18 09:54:00,258.227,258.287,257.884,258.014,32651
2022-05-18 09:53:00,258.079,258.474,258.042,258.221,40092
2022-05-18 09:52:00,257.804,258.355,257.737,258.113,64366
2022-05-18 09:51:00,257.341,257.962,257.274,257.819,56014
2022-05-18 09:50:00,257.292,257.568,257.215,257.345,57424
2022-05-18 09:49:00,257.518,257.647,257.176,257.315,50937
2022-05-18 09:48:00,257.646,257.735,257.284,257.512,40172
2022-05-18 09:47:00,257.37,257.686,257.152,257.611,38704
2022-05-18 09:46:00,257.823,257.853,257.225,257.286,37506
2022-05-18 09:45:00,257.646,257.883,257.461,257.837,23979
2022-05-18 09:44:00,257.8,257.922,257.471,257.67,47563
2022-05-18 09:43:00,257.548,257.883,257.373,257.798,49037
2022-05-18 09:42:00,257.863,257.912,257.52,257.581,48457
2022-05-18 09:41:00,258.069,258.267,257.796,257.876,22004
2022-05-18 09:40:00,258.069,258.316,257.776,258.132,32303
2022-05-18 09:39:00,258.121,258.296,257.668,258.083,45483
2022-05-18 09:38:00,258.36,258.671,258.111,258.143,31488
2022-05-18 09:37:00,258.365,258.661,258.063,258.388,32043
2022-05-18 09:36:00,258.749,259.242,258.387,258.418,32589
2022-05-18 09:35:00,258.315,258.789,257.806,258.762,84749
2022-05-18 09:34:00,259.428,259.547,258.318,258.349,69477
2022-05-18 09:33:00,259.152,259.498,258.761,259.471,65818
2022-05-18 09:32:00,258.867,259.463,258.711,259.196,46400
2022-05-18 09:31:00,258.808,259.123,258.46,258.93,74902
2022-05-18 09:30:00,258.926,259.143,258.111,258.861,443431
2022-05-18 09:29:00,259.172,259.202,258.898,258.93,5514
2022-05-18 09:28:00,259.467,259.685,259.095,259.127,3045
2022-05-18 09:27:00,259.713,259.931,259.686,259.905,10760
2022-05-18 09:26:00,259.487,259.517,259.46,259.491,100
2022-05-18 09:24:00,259.517,259.547,259.489,259.521,400
2022-05-18 09:20:00,259.507,259.537,259.479,259.511,100
2022-05-18 09:19:00,259.044,259.074,259.017,259.048,100
2022-05-18 09:17:00,259.32,259.448,259.194,259.225,3447
2022-05-18 09:16:00,259.221,259.251,259.154,259.186,293
2022-05-18 09:15:00,259.359,259.389,259.332,259.363,100
2022-05-18 09:14:00,259.29,259.35,259.263,259.324,313
2022-05-18 09:13:00,259.418,259.448,259.391,259.422,478
2022-05-18 09:12:00,259.241,259.291,259.213,259.265,371
2022-05-18 09:11:00,259.154,259.35,259.017,259.048,905
2022-05-18 09:10:00,259.251,259.439,259.154,259.186,598
2022-05-18 09:09:00,259.32,259.35,259.194,259.225,10802
2022-05-18 09:08:00,259.428,259.458,259.292,259.422,1827
2022-05-18 09:07:00,259.448,259.498,259.391,259.471,2150
2022-05-18 09:06:00,259.526,259.557,259.499,259.53,116
2022-05-18 09:05:00,259.635,259.665,259.607,259.639,100
2022-05-18 09:03:00,259.585,259.616,259.558,259.589,100
2022-05-18 09:02:00,259.713,259.744,259.686,259.717,636
2022-05-18 09:01:00,259.743,259.773,259.715,259.747,220
2022-05-18 09:00:00,259.329,259.606,259.301,259.58,200
2022-05-18 08:59:00,259.379,259.409,259.302,259.335,1610
2022-05-18 08:57:00,259.349,259.458,259.322,259.422,607
2022-05-18 08:55:00,259.221,259.448,259.194,259.422,8284
2022-05-18 08:54:00,259.32,259.35,259.204,259.235,1113
2022-05-18 08:53:00,259.428,259.458,259.194,259.235,2376
2022-05-18 08:52:00,259.595,259.626,259.469,259.501,280
2022-05-18 08:49:00,259.773,259.803,259.686,259.717,1272
2022-05-18 08:48:00,259.91,259.941,259.883,259.914,300
2022-05-18 08:47:00,259.999,260.029,259.971,260.003,100
2022-05-18 08:45:00,259.813,259.941,259.786,259.914,1200
2022-05-18 08:44:00,259.713,259.744,259.686,259.717,100
2022-05-18 08:42:00,259.91,259.941,259.784,259.914,771
2022-05-18 08:41:00,259.93,259.96,259.883,259.914,530
2022-05-18 08:40:00,259.911,259.941,259.883,259.915,100
2022-05-18 08:39:00,260.206,260.236,260.178,260.21,500
2022-05-18 08:38:00,259.93,259.96,259.883,259.924,485
2022-05-18 08:37:00,259.912,260.059,259.883,259.914,1883
2022-05-18 08:35:00,260.052,260.082,260.024,260.056,100
2022-05-18 08:34:00,260.422,260.453,260.395,260.426,300
2022-05-18 08:33:00,260.353,260.453,260.306,260.426,1600
2022-05-18 08:29:00,260.324,260.354,260.296,260.328,1849
2022-05-18 08:28:00,260.481,260.62,260.454,260.594,439
2022-05-18 08:27:00,260.304,260.384,260.277,260.357,450
2022-05-18 08:26:00,260.255,260.315,260.227,260.289,951
2022-05-18 08:22:00,260.324,260.354,260.296,260.328,188
2022-05-18 08:20:00,260.294,260.354,260.267,260.328,215
2022-05-18 08:19:00,260.235,260.266,260.208,260.239,129
2022-05-18 08:18:00,260.196,260.226,260.168,260.2,100
2022-05-18 08:17:00,260.206,260.236,260.178,260.21,200
2022-05-18 08:15:00,259.891,259.921,259.863,259.895,193
2022-05-18 08:13:00,259.891,259.921,259.863,259.895,844
2022-05-18 08:12:00,259.773,259.803,259.745,259.777,700
2022-05-18 08:11:00,259.841,259.872,259.814,259.845,300
2022-05-18 08:10:00,260.156,260.275,260.129,260.249,200
2022-05-18 08:09:00,260.088,260.187,260.06,260.161,700
2022-05-18 08:07:00,260.019,260.049,259.883,259.914,3001
2022-05-18 08:06:00,259.91,260.019,259.883,259.993,710
2022-05-18 08:05:00,259.91,259.941,259.883,259.914,200
2022-05-18 08:04:00,260.009,260.039,259.981,260.013,200
2022-05-18 08:02:00,259.777,259.807,259.75,259.781,100
2022-05-18 08:01:00,259.861,261.969,259.834,261.943,265
2022-05-18 08:00:00,261.002,261.339,259.745,259.777,11734
2022-05-18 07:59:00,259.969,260.0,259.942,259.973,100
2022-05-18 07:54:00,260.048,260.098,260.021,260.072,200
2022-05-18 07:52:00,259.92,259.951,259.893,259.924,215
2022-05-18 07:49:00,260.088,260.128,260.06,260.101,290
2022-05-18 07:47:00,259.93,259.96,259.883,259.914,254
2022-05-18 07:46:00,260.029,260.059,259.912,259.944,1567
2022-05-18 07:42:00,260.107,260.138,260.08,260.111,100
2022-05-18 07:40:00,260.156,260.197,260.129,260.161,557
2022-05-18 07:38:00,260.383,260.433,260.336,260.407,734
2022-05-18 07:34:00,260.383,260.413,260.355,260.387,100
2022-05-18 07:33:00,260.196,260.226,260.168,260.2,100
2022-05-18 07:30:00,260.107,260.138,260.08,260.111,268
2022-05-18 07:28:00,260.058,260.088,260.03,260.062,468
2022-05-18 07:27:00,260.166,260.197,260.139,260.17,200
2022-05-18 07:25:00,260.009,260.059,259.981,260.033,330
2022-05-18 07:24:00,260.009,260.039,259.981,260.013,100
2022-05-18 07:23:00,260.206,260.236,259.981,260.013,1101
2022-05-18 07:22:00,260.206,260.236,260.178,260.21,100
2022-05-18 07:19:00,259.94,259.97,259.804,259.836,561
2022-05-18 07:17:00,259.94,259.97,259.912,259.944,200
2022-05-18 07:16:00,260.048,260.079,259.981,260.013,597
2022-05-18 07:15:00,260.019,260.138,259.991,260.042,1464
2022-05-18 07:14:00,260.166,260.197,259.932,259.964,1870
2022-05-18 07:11:00,260.422,260.453,260.395,260.426,458
2022-05-18 07:10:00,260.393,260.433,260.365,260.407,400
2022-05-18 07:09:00,260.432,260.591,260.375,260.466,1299
2022-05-18 07:08:00,260.403,260.453,260.375,260.416,1383
2022-05-18 07:05:00,260.806,260.837,260.769,260.8,739
2022-05-18 07:04:00,260.885,260.915,260.857,260.889,209
2022-05-18 07:02:00,261.131,261.162,261.084,261.116,1000
2022-05-18 07:00:00,261.289,261.319,261.113,261.145,1060
2022-05-18 06:50:00,260.983,261.024,260.956,260.997,400
2022-05-18 06:49:00,260.826,260.856,260.798,260.83,100
2022-05-18 06:44:00,260.895,260.925,260.867,260.899,100
2022-05-18 06:43:00,260.934,260.965,260.897,260.928,200
2022-05-18 06:42:00,260.934,260.965,260.887,260.919,800
2022-05-18 06:22:00,261.377,261.408,261.35,261.381,103
2022-05-18 06:14:00,261.348,261.418,261.32,261.391,700
2022-05-18 06:13:00,261.338,261.378,261.31,261.352,860
2022-05-18 06:11:00,261.377,261.418,261.241,261.391,884
2022-05-18 06:01:00,261.387,261.418,261.359,261.391,500
2022-05-18 05:58:00,261.052,261.083,260.926,260.958,585
2022-05-18 05:57:00,261.161,261.191,261.133,261.165,100
2022-05-18 05:54:00,261.161,261.191,261.133,261.165,350
2022-05-18 05:40:00,261.308,261.339,261.281,261.312,100
2022-05-18 05:31:00,260.983,261.014,260.956,260.988,120
2022-05-18 05:09:00,261.023,261.053,260.995,261.027,200
2022-05-18 05:02:00,261.043,261.073,261.015,261.047,200
2022-05-18 04:38:00,260.511,260.551,260.483,260.525,228
2022-05-18 04:37:00,260.649,260.679,260.621,260.653,450
2022-05-18 04:27:00,261.111,261.142,260.867,260.899,6313
2022-05-18 04:26:00,261.082,261.122,261.054,261.096,200
2022-05-18 04:23:00,260.993,261.024,260.867,260.909,2715
2022-05-18 04:22:00,260.993,261.024,260.966,260.997,1511
2022-05-18 04:21:00,261.18,261.221,260.975,261.017,800
2022-05-18 04:19:00,260.993,261.034,260.966,260.997,1564
2022-05-18 04:07:00,260.895,260.925,260.867,260.899,100
2022-05-18 04:05:00,261.013,261.073,260.985,261.047,800
2022-05-18 04:04:00,260.796,260.827,260.769,260.8,100
2022-05-18 04:02:00,260.708,260.738,260.631,260.663,400
2022-05-18 04:01:00,260.875,260.945,260.848,260.919,936
2022-05-18 04:00:00,260.491,260.522,260.464,260.495,450
2022-05-17 19:59:00,262.249,262.28,262.222,262.253,300
2022-05-17 19:58:00,262.249,262.28,262.222,262.253,250
2022-05-17 19:54:00,262.102,262.133,262.074,262.106,185
2022-05-17 19:53:00,262.102,262.133,262.074,262.106,110
2022-05-17 19:48:00,261.955,261.985,261.927,261.959,144
2022-05-17 19:46:00,261.856,261.887,261.829,261.861,114
2022-05-17 19:45:00,262.073,262.103,262.045,262.077,418
2022-05-17 19:43:00,262.102,262.133,262.074,262.106,166
2022-05-17 19:40:00,261.856,262.103,261.829,262.077,550
2022-05-17 19:39:00,261.856,261.887,261.829,261.861,250
2022-05-17 19:38:00,261.856,261.887,261.829,261.861,120
2022-05-17 19:37:00,261.866,261.897,261.839,261.87,130
2022-05-17 19:36:00,262.171,262.201,262.123,262.155,650
2022-05-17 19:34:00,262.171,262.201,262.143,262.175,115
2022-05-17 19:24:00,262.348,262.378,262.32,262.352,100
2022-05-17 19:22:00,262.308,262.339,262.222,262.253,400
2022-05-17 19:20:00,262.249,262.28,262.222,262.254,100
2022-05-17 19:19:00,262.446,262.476,262.418,262.45,300
2022-05-17 19:14:00,262.446,262.476,262.418,262.45,100
2022-05-17 19:12:00,262.357,262.388,262.33,262.361,120
2022-05-17 19:11:00,262.367,262.398,262.33,262.361,500
2022-05-17 19:10:00,262.249,262.398,262.222,262.361,1000
2022-05-17 19:09:00,262.249,262.388,262.222,262.361,1330
2022-05-17 19:06:00,262.495,262.526,262.467,262.499,297
2022-05-17 19:05:00,262.593,262.624,262.565,262.597,1576
2022-05-17 18:58:00,262.426,262.457,262.398,262.43,100
2022-05-17 18:57:00,262.367,262.398,262.271,262.303,259
2022-05-17 18:55:00,262.426,262.457,262.398,262.43,123
2022-05-17 18:51:00,262.603,262.634,262.575,262.607,100
2022-05-17 18:46:00,262.446,262.476,262.408,262.44,300
2022-05-17 18:44:00,262.446,262.575,262.418,262.548,374
2022-05-17 18:39:00,262.534,262.565,262.506,262.538,100
2022-05-17 18:36:00,262.524,262.555,262.497,262.528,378
2022-05-17 18:35:00,262.485,262.516,262.457,262.489,200
2022-05-17 18:32:00,262.348,262.378,262.32,262.352,400
2022-05-17 18:30:00,262.367,262.398,262.32,262.352,467
2022-05-17 18:27:00,262.524,262.555,262.497,262.528,100
2022-05-17 18:25:00,262.524,262.555,262.497,262.528,130
2022-05-17 18:22:00,262.446,262.476,262.418,262.45,150
2022-05-17 18:12:00,262.446,262.476,262.418,262.45,200
2022-05-17 18:08:00,262.249,262.28,262.222,262.253,200
2022-05-17 18:07:00,262.397,262.427,262.369,262.401,103
2022-05-17 18:05:00,262.338,262.368,262.31,262.342,100
2022-05-17 18:04:00,262.338,262.368,262.31,262.342,100
2022-05-17 18:01:00,262.318,262.349,262.29,262.322,100
2022-05-17 17:58:00,262.21,262.28,262.182,262.253,559
2022-05-17 17:52:00,262.249,262.28,262.221,262.253,100
2022-05-17 17:51:00,262.18,262.211,262.153,262.184,100
2022-05-17 17:49:00,262.185,262.216,262.158,262.189,100
2022-05-17 17:47:00,262.2,262.231,262.172,262.204,100
2022-05-17 17:41:00,262.171,262.201,262.138,262.17,312
2022-05-17 17:40:00,262.171,262.201,262.143,262.175,100
2022-05-17 17:39:00,262.2,262.231,262.172,262.204,100
2022-05-17 17:34:00,262.2,262.231,262.172,262.204,200
2022-05-17 17:31:00,262.248,262.279,262.22,262.252,170
2022-05-17 17:30:00,262.249,262.28,262.222,262.253,100
2022-05-17 17:15:00,262.171,262.221,262.143,262.195,200
2022-05-17 17:13:00,262.269,262.3,262.163,262.195,419
2022-05-17 17:12:00,262.298,262.339,262.271,262.312,300
2022-05-17 17:11:00,262.348,262.378,262.32,262.352,215
2022-05-17 17:08:00,262.328,262.359,262.3,262.332,111
2022-05-17 17:05:00,262.22,262.251,262.192,262.224,100
2022-05-17 17:02:00,262.32,262.35,262.292,262.324,150
2022-05-17 17:00:00,262.24,262.27,262.212,262.244,200
2022-05-17 16:59:00,262.161,262.28,262.133,262.253,350
2022-05-17 16:58:00,262.161,262.377,262.133,262.351,350
2022-05-17 16:57:00,262.426,262.457,262.398,262.43,208
2022-05-17 16:56:00,262.161,262.192,262.133,262.165,199
2022-05-17 16:55:00,262.19,262.221,262.143,262.175,2021
2022-05-17 16:54:00,262.21,262.241,262.182,262.214,200
2022-05-17 16:50:00,262.407,262.467,262.379,262.44,2105
2022-05-17 16:49:00,262.269,262.3,262.133,262.165,857
2022-05-17 16:45:00,262.25,262.281,262.222,262.253,433
2022-05-17 16:44:00,262.249,262.28,262.222,262.254,195
2022-05-17 16:43:00,262.249,262.28,262.222,262.253,100
2022-05-17 16:42:00,262.249,262.28,262.222,262.253,100
2022-05-17 16:41:00,262.073,262.28,262.045,262.253,32655
2022-05-17 16:35:00,262.249,262.28,262.222,262.253,100
2022-05-17 16:33:00,262.21,262.241,262.182,262.214,14784
2022-05-17 16:29:00,262.073,262.103,262.045,262.077,2215
2022-05-17 16:28:00,262.249,262.378,262.222,262.352,1254
2022-05-17 16:26:00,262.2,262.27,262.172,262.244,400
2022-05-17 16:25:00,262.24,262.27,262.172,262.204,200
2022-05-17 16:24:00,262.24,262.27,262.212,262.244,100
2022-05-17 16:23:00,262.249,262.28,262.222,262.253,160
2022-05-17 16:22:00,262.249,262.28,262.133,262.165,600
2022-05-17 16:20:00,262.073,262.28,262.045,262.155,58478
2022-05-17 16:17:00,262.259,262.29,262.231,262.263,112
2022-05-17 16:16:00,262.073,262.27,262.045,262.244,5673
2022-05-17 16:15:00,262.181,262.28,262.153,262.233,3051
2022-05-17 16:14:00,262.2,262.231,262.172,262.204,100
2022-05-17 16:13:00,262.073,262.221,262.045,262.155,14043
2022-05-17 16:12:00,262.073,262.103,262.045,262.077,346
2022-05-17 16:11:00,262.053,262.103,262.025,262.077,12203
2022-05-17 16:08:00,262.033,262.084,262.006,262.057,1021
2022-05-17 16:07:00,262.004,262.103,261.976,262.077,5337
2022-05-17 16:06:00,261.925,261.956,261.897,261.929,109
2022-05-17 16:05:00,261.955,261.985,261.927,261.959,100
2022-05-17 16:04:00,261.955,261.985,261.848,261.959,1300
2022-05-17 16:03:00,261.974,262.005,261.927,261.959,620
2022-05-17 16:02:00,262.014,262.103,261.917,262.077,216455
2022-05-17 16:01:00,262.073,262.103,261.927,261.959,6558
2022-05-17 16:00:00,262.073,262.241,261.947,261.978,3205656
2022-05-17 15:59:00,261.709,262.231,261.416,262.116,453080
2022-05-17 15:58:00,261.601,261.779,261.495,261.703,135127
2022-05-17 15:57:00,261.748,261.848,261.485,261.615,108934
2022-05-17 15:56:00,261.356,261.759,261.308,261.723,117329
2022-05-17 15:55:00,261.758,261.789,261.289,261.369,175763
2022-05-17 15:54:00,261.709,262.152,261.508,261.821,122189
2022-05-17 15:53:00,261.542,261.769,261.465,261.698,81649
2022-05-17 15:52:00,261.66,261.7,261.416,261.507,60091
2022-05-17 15:51:00,261.581,261.838,261.524,261.674,64256
2022-05-17 15:50:00,261.208,261.622,261.112,261.586,83632
2022-05-17 15:49:00,261.09,261.401,260.925,261.202,75549
2022-05-17 15:48:00,261.12,261.357,261.043,261.094,62198
2022-05-17 15:47:00,261.572,261.838,261.102,261.134,109819
2022-05-17 15:46:00,261.469,261.769,261.426,261.586,67213
2022-05-17 15:45:00,261.503,261.583,261.382,261.487,102585
2022-05-17 15:44:00,261.758,261.789,261.406,261.536,50757
2022-05-17 15:43:00,261.719,261.808,261.587,261.762,39620
2022-05-17 15:42:00,261.581,261.75,261.426,261.703,33903
2022-05-17 15:41:00,261.699,261.759,261.397,261.566,44946
2022-05-17 15:40:00,261.621,261.72,261.289,261.694,67205
2022-05-17 15:39:00,261.699,261.847,261.505,261.61,47003
2022-05-17 15:38:00,261.64,261.799,261.544,261.713,26059
2022-05-17 15:37:00,261.68,261.799,261.583,261.644,41267
2022-05-17 15:36:00,261.891,261.921,261.564,261.679,46774
2022-05-17 15:35:00,261.788,261.926,261.672,261.895,43379
2022-05-17 15:34:00,261.886,262.015,261.593,261.762,49894
2022-05-17 15:33:00,261.523,261.907,261.456,261.856,35603
2022-05-17 15:32:00,261.896,261.946,261.436,261.546,56881
2022-05-17 15:31:00,261.788,262.152,261.74,261.919,54284
2022-05-17 15:30:00,261.886,261.941,261.691,261.782,37339
2022-05-17 15:29:00,261.739,261.926,261.622,261.89,31859
2022-05-17 15:28:00,261.827,261.887,261.568,261.743,51528
2022-05-17 15:27:00,261.768,261.907,261.701,261.846,24724
2022-05-17 15:26:00,261.925,262.054,261.622,261.782,31274
2022-05-17 15:25:00,261.851,262.084,261.789,261.949,22780
2022-05-17 15:24:00,261.809,262.064,261.74,261.861,30243
2022-05-17 15:23:00,261.955,262.054,261.642,261.823,41407
2022-05-17 15:22:00,262.22,262.25,261.799,261.969,38425
2022-05-17 15:21:00,262.014,262.27,261.917,262.244,28418
2022-05-17 15:20:00,261.984,262.15,261.829,262.032,34984
2022-05-17 15:19:00,261.876,262.074,261.78,261.978,38177
2022-05-17 15:18:00,261.748,262.084,261.681,261.88,34278
2022-05-17 15:17:00,261.807,261.945,261.662,261.743,36532
2022-05-17 15:16:00,261.748,261.789,261.406,261.762,49677
2022-05-17 15:15:00,261.69,261.858,261.573,261.762,33930
2022-05-17 15:14:00,261.66,261.828,261.564,261.684,27657
2022-05-17 15:13:00,261.69,261.838,261.524,261.694,23693
2022-05-17 15:12:00,261.601,261.897,261.544,261.674,39852
2022-05-17 15:11:00,261.473,261.681,261.387,261.605,27725
2022-05-17 15:10:00,261.611,261.769,261.436,261.477,31845
2022-05-17 15:09:00,261.915,261.956,261.367,261.625,46315
2022-05-17 15:08:00,261.724,262.133,261.696,261.939,33084
2022-05-17 15:07:00,261.837,262.034,261.406,261.743,69549
2022-05-17 15:06:00,261.65,262.28,261.622,261.851,77952
2022-05-17 15:05:00,261.842,261.966,261.397,261.625,70862
2022-05-17 15:04:00,261.699,261.966,261.652,261.856,40322
2022-05-17 15:03:00,261.709,261.779,261.397,261.698,49415
2022-05-17 15:02:00,261.405,261.985,261.367,261.703,75073
2022-05-17 15:01:00,261.297,261.533,261.21,261.409,60420
2022-05-17 15:00:00,261.218,261.504,261.122,261.32,25051
2022-05-17 14:59:00,261.414,261.514,261.161,261.232,31173
2022-05-17 14:58:00,261.424,261.573,261.249,261.438,45941
2022-05-17 14:57:00,261.368,261.548,261.161,261.423,31463
2022-05-17 14:56:00,261.101,261.396,260.964,261.369,38014
2022-05-17 14:55:00,261.218,261.435,260.945,261.124,63050
2022-05-17 14:54:00,261.424,261.533,261.122,261.222,46631
2022-05-17 14:53:00,261.468,261.691,261.397,261.468,26763
2022-05-17 14:52:00,261.434,261.583,261.318,261.448,37159
2022-05-17 14:51:00,261.316,261.553,261.2,261.404,72740
2022-05-17 14:50:00,261.581,261.71,261.22,261.335,57301
2022-05-17 14:49:00,261.444,261.779,261.259,261.59,80029
2022-05-17 14:48:00,261.127,261.73,261.063,261.468,136832
2022-05-17 14:47:00,260.599,261.248,260.523,261.094,91184
2022-05-17 14:46:00,260.334,260.59,260.13,260.564,54236
2022-05-17 14:45:00,260.167,260.453,260.012,260.318,37733
2022-05-17 14:44:00,260.009,260.266,259.845,260.093,37897
2022-05-17 14:43:00,260.02,260.052,259.786,260.004,47404
2022-05-17 14:42:00,259.696,260.06,259.648,260.014,30297
2022-05-17 14:41:00,259.725,259.755,259.393,259.709,22944
2022-05-17 14:40:00,259.381,260.06,259.305,259.729,79991
2022-05-17 14:39:00,258.9,259.421,258.765,259.356,46482
2022-05-17 14:38:00,259.052,259.083,258.725,258.914,29428
2022-05-17 14:37:00,258.753,259.215,258.725,259.071,76509
2022-05-17 14:36:00,258.419,258.871,258.382,258.786,25242
2022-05-17 14:35:00,258.448,258.536,258.126,258.364,66685
2022-05-17 14:34:00,258.802,258.866,258.362,258.433,31797
2022-05-17 14:33:00,258.979,259.068,258.568,258.767,28121
2022-05-17 14:32:00,259.008,259.205,258.774,258.865,39591
2022-05-17 14:31:00,259.042,259.245,258.794,259.022,31909
2022-05-17 14:30:00,258.812,259.166,258.588,259.032,40270
2022-05-17 14:29:00,259.067,259.166,258.735,258.835,24062
2022-05-17 14:28:00,259.165,259.301,258.981,259.081,25703
2022-05-17 14:27:00,258.89,259.285,258.863,259.12,36730
2022-05-17 14:26:00,258.625,258.96,258.49,258.875,35074
2022-05-17 14:25:00,258.753,258.935,258.44,258.688,46183
2022-05-17 14:24:00,258.497,258.891,258.362,258.786,38148
2022-05-17 14:23:00,258.016,258.586,257.93,258.511,41544
2022-05-17 14:22:00,258.223,258.253,257.881,258.01,32329
2022-05-17 14:21:00,258.615,258.773,258.116,258.246,46689
2022-05-17 14:20:00,259.273,259.304,258.421,258.649,77574
2022-05-17 14:19:00,259.313,259.5,259.02,259.297,48655
2022-05-17 14:18:00,259.152,259.51,258.961,259.336,29279
2022-05-17 14:17:00,259.47,259.559,258.99,259.307,40077
2022-05-17 14:16:00,259.165,259.569,259.04,259.527,52701
2022-05-17 14:15:00,259.165,259.195,258.666,259.13,37095
2022-05-17 14:14:00,259.047,259.382,258.804,259.042,56268
2022-05-17 14:13:00,259.381,259.667,258.617,259.091,72997
2022-05-17 14:12:00,259.714,259.952,259.275,259.464,42661
2022-05-17 14:11:00,260.138,260.414,259.501,259.696,59626
2022-05-17 14:10:00,260.531,260.561,259.756,260.101,40725
2022-05-17 14:09:00,260.673,260.703,260.294,260.525,35012
2022-05-17 14:08:00,259.971,260.787,259.933,260.672,60811
2022-05-17 14:07:00,259.653,259.972,259.545,259.926,27612
2022-05-17 14:06:00,260.03,260.139,259.599,259.709,30719
2022-05-17 14:05:00,259.696,260.148,259.658,260.029,30045
2022-05-17 14:04:00,259.73,259.76,259.56,259.692,23961
2022-05-17 14:03:00,259.48,259.75,259.444,259.713,26474
2022-05-17 14:02:00,260.02,260.07,259.423,259.484,26873
2022-05-17 14:01:00,259.882,260.139,259.835,260.014,20465
2022-05-17 14:00:00,259.941,260.119,259.766,259.896,21922
2022-05-17 13:59:00,260.03,260.075,259.707,259.911,16339
2022-05-17 13:58:00,260.01,260.099,259.806,259.994,23526
2022-05-17 13:57:00,259.902,260.011,259.815,259.985,15537
2022-05-17 13:56:00,260.02,260.134,259.776,259.896,31695
2022-05-17 13:55:00,260.101,260.148,259.855,260.014,21957
2022-05-17 13:54:00,260.172,260.263,260.012,260.112,26188
2022-05-17 13:53:00,260.187,260.237,260.12,260.166,10470
2022-05-17 13:52:00,260.19,260.275,260.14,260.21,16223
2022-05-17 13:51:00,260.128,260.256,260.081,260.201,11836
2022-05-17 13:50:00,260.216,260.305,260.051,260.112,15894
2022-05-17 13:49:00,260.034,260.296,259.992,260.23,13206
2022-05-17 13:48:00,260.106,260.148,260.012,260.055,18681
2022-05-17 13:47:00,259.75,260.099,259.707,260.073,24542
2022-05-17 13:46:00,259.853,259.93,259.629,259.705,15299
2022-05-17 13:45:00,260.01,260.06,259.825,259.876,21154
2022-05-17 13:44:00,260.108,260.148,259.992,260.034,10820
2022-05-17 13:43:00,260.046,260.207,259.992,260.112,20204
2022-05-17 13:42:00,259.804,260.089,259.639,260.063,32517
2022-05-17 13:41:00,260.079,260.139,259.766,259.827,33045
2022-05-17 13:40:00,260.089,260.168,259.982,260.083,13710
2022-05-17 13:39:00,260.197,260.247,259.973,260.099,13209
2022-05-17 13:38:00,260.118,260.247,260.041,260.142,17053
2022-05-17 13:37:00,260.049,260.129,259.923,260.093,10400
2022-05-17 13:36:00,260.108,260.207,259.943,260.024,14595
2022-05-17 13:35:00,260.157,260.188,259.923,260.093,19765
2022-05-17 13:34:00,260.295,260.472,260.071,260.161,19875
2022-05-17 13:33:00,260.187,260.343,260.09,260.279,13489
2022-05-17 13:32:00,260.246,260.296,260.076,260.186,8927
2022-05-17 13:31:00,260.197,260.296,260.12,260.235,17213
2022-05-17 13:30:00,260.049,260.259,259.982,260.191,11268
2022-05-17 13:29:00,260.145,260.21,259.953,260.014,25246
2022-05-17 13:28:00,260.157,260.197,259.933,260.112,18166
2022-05-17 13:27:00,260.354,260.384,260.051,260.151,25993
2022-05-17 13:26:00,260.187,260.482,260.159,260.392,32112
2022-05-17 13:25:00,260.216,260.247,260.081,260.171,10525
2022-05-17 13:24:00,260.147,260.252,260.061,260.22,15122
2022-05-17 13:23:00,260.363,260.394,260.012,260.132,30090
2022-05-17 13:22:00,260.442,260.502,260.316,260.358,12374
2022-05-17 13:21:00,260.485,260.551,260.395,260.446,15683
2022-05-17 13:20:00,260.305,260.512,260.267,260.436,13336
2022-05-17 13:19:00,260.269,260.404,260.208,260.299,16852
2022-05-17 13:18:00,260.285,260.32,260.179,260.28,10313
2022-05-17 13:17:00,260.265,260.335,260.179,260.269,20783
2022-05-17 13:16:00,260.354,260.414,260.228,260.26,24868
2022-05-17 13:15:00,260.334,260.497,260.262,260.372,40655
2022-05-17 13:14:00,260.354,260.472,260.267,260.348,18003
2022-05-17 13:13:00,260.31,260.404,260.267,260.358,20084
2022-05-17 13:12:00,260.29,260.367,260.189,260.318,17347
2022-05-17 13:11:00,260.265,260.423,260.218,260.279,33295
2022-05-17 13:10:00,260.462,260.502,260.233,260.264,15649
2022-05-17 13:09:00,260.481,260.598,260.385,260.464,17590
2022-05-17 13:08:00,260.226,260.492,260.198,260.466,24969
2022-05-17 13:07:00,260.197,260.286,260.132,260.23,14421
2022-05-17 13:06:00,260.275,260.381,260.14,260.191,27864
2022-05-17 13:05:00,260.147,260.325,260.12,260.279,28140
2022-05-17 13:04:00,259.99,260.212,259.953,260.161,15941
2022-05-17 13:03:00,259.702,260.04,259.599,259.994,52710
2022-05-17 13:02:00,259.951,260.034,259.678,259.709,28203
2022-05-17 13:01:00,260.255,260.286,259.929,259.96,17483
2022-05-17 13:00:00,260.285,260.345,260.198,260.26,31974
2022-05-17 12:59:00,260.285,260.364,260.208,260.279,28135
2022-05-17 12:58:00,260.275,260.345,260.218,260.289,21249
2022-05-17 12:57:00,260.432,260.463,260.169,260.276,53144
2022-05-17 12:56:00,260.639,260.679,260.396,260.436,45133
2022-05-17 12:55:00,260.815,260.846,260.552,260.633,11697
2022-05-17 12:54:00,260.737,260.846,260.631,260.819,10408
2022-05-17 12:53:00,260.835,260.878,260.591,260.731,14808
2022-05-17 12:52:00,260.772,260.986,260.744,260.869,21775
2022-05-17 12:51:00,260.845,260.875,260.631,260.8,21908
2022-05-17 12:50:00,260.864,260.924,260.704,260.849,22701
2022-05-17 12:49:00,260.864,261.007,260.837,260.869,14775
2022-05-17 12:48:00,260.943,260.983,260.758,260.859,22009
2022-05-17 12:47:00,261.109,261.239,260.817,260.929,20316
2022-05-17 12:46:00,260.973,261.278,260.925,261.114,31945
2022-05-17 12:45:00,261.031,261.072,260.874,260.943,19840
2022-05-17 12:44:00,261.031,261.18,260.906,261.026,24710
2022-05-17 12:43:00,260.844,261.062,260.802,261.016,21125
2022-05-17 12:42:00,260.806,260.927,260.748,260.829,25381
2022-05-17 12:41:00,260.668,260.806,260.542,260.78,17749
2022-05-17 12:40:00,260.747,260.787,260.581,260.682,23602
2022-05-17 12:39:00,260.855,260.915,260.64,260.711,22324
2022-05-17 12:38:00,260.835,260.93,260.768,260.873,28616
2022-05-17 12:37:00,260.658,260.924,260.621,260.831,28618
2022-05-17 12:36:00,260.727,260.816,260.572,260.662,36059
2022-05-17 12:35:00,260.697,260.797,260.611,260.751,29515
2022-05-17 12:34:00,260.619,260.738,260.591,260.692,10109
2022-05-17 12:33:00,260.678,260.777,260.513,260.643,19998
2022-05-17 12:32:00,260.565,260.708,260.537,260.682,13665
2022-05-17 12:31:00,260.521,260.698,260.483,260.584,13828
2022-05-17 12:30:00,260.589,260.639,260.405,260.524,17181
2022-05-17 12:29:00,260.585,260.679,260.483,260.584,14942
2022-05-17 12:28:00,260.55,260.806,260.513,260.574,44700
2022-05-17 12:27:00,260.658,260.698,260.434,260.538,18235
2022-05-17 12:26:00,260.501,260.718,260.473,260.652,22310
2022-05-17 12:25:00,260.403,260.61,260.159,260.476,19202
2022-05-17 12:24:00,260.285,260.512,260.218,260.417,43136
2022-05-17 12:23:00,260.192,260.384,260.022,260.24,30332
2022-05-17 12:22:00,260.079,260.231,260.022,260.191,21582
2022-05-17 12:21:00,260.005,260.207,259.973,260.073,31570
2022-05-17 12:20:00,260.098,260.237,259.902,260.004,28151
2022-05-17 12:19:00,260.246,260.286,260.002,260.112,27924
2022-05-17 12:18:00,260.324,260.414,260.13,260.25,18677
2022-05-17 12:17:00,260.177,260.44,260.135,260.289,29215
2022-05-17 12:16:00,260.089,260.341,260.051,260.152,34698
2022-05-17 12:15:00,259.863,260.217,259.796,260.073,39067
2022-05-17 12:14:00,259.971,260.055,259.835,259.911,25045
2022-05-17 12:13:00,259.931,260.06,259.904,259.955,27786
2022-05-17 12:12:00,260.069,260.099,259.845,259.935,20595
2022-05-17 12:11:00,259.98,260.088,259.869,260.061,21942
2022-05-17 12:10:00,260.157,260.243,259.855,259.945,27728
2022-05-17 12:09:00,260.324,260.413,260.13,260.171,35534
2022-05-17 12:08:00,260.069,260.443,260.031,260.328,32021
2022-05-17 12:07:00,260.0,260.217,259.894,260.083,26872
2022-05-17 12:06:00,260.138,260.423,259.845,260.014,40981
2022-05-17 12:05:00,260.55,260.6,260.11,260.142,21589
2022-05-17 12:04:00,260.472,260.61,260.375,260.554,18758
2022-05-17 12:03:00,260.57,260.659,260.316,260.485,24568
2022-05-17 12:02:00,260.439,260.6,260.228,260.574,32257
2022-05-17 12:01:00,260.452,260.502,260.268,260.427,27626
2022-05-17 12:00:00,260.354,260.59,260.189,260.458,35023
2022-05-17 11:59:00,260.437,260.492,260.297,260.348,19835
2022-05-17 11:58:00,260.422,260.531,260.385,260.446,26368
2022-05-17 11:57:00,260.422,260.59,260.316,260.417,26375
2022-05-17 11:56:00,260.481,260.649,260.346,260.417,37640
2022-05-17 11:55:00,260.639,260.669,260.395,260.502,44270
2022-05-17 11:54:00,260.781,260.836,260.591,260.657,25936
2022-05-17 11:53:00,260.747,260.852,260.621,260.77,30871
2022-05-17 11:52:00,260.747,260.806,260.581,260.77,30171
2022-05-17 11:51:00,260.55,260.816,260.518,260.757,38033
2022-05-17 11:50:00,260.57,260.669,260.503,260.535,18113
2022-05-17 11:49:00,260.57,260.62,260.444,260.554,14219
2022-05-17 11:48:00,260.472,260.698,260.395,260.564,32044
2022-05-17 11:47:00,260.658,260.708,260.405,260.446,23162
2022-05-17 11:46:00,260.54,260.806,260.513,260.672,26239
2022-05-17 11:45:00,260.609,260.787,260.455,260.535,39519
2022-05-17 11:44:00,260.732,260.806,260.562,260.613,26237
2022-05-17 11:43:00,260.786,260.836,260.65,260.741,28296
2022-05-17 11:42:00,260.958,260.993,260.575,260.81,27384
2022-05-17 11:41:00,260.678,261.072,260.621,260.977,28730
2022-05-17 11:40:00,260.747,260.836,260.611,260.662,34758
2022-05-17 11:39:00,260.791,260.973,260.697,260.76,45242
2022-05-17 11:38:00,261.228,261.406,260.709,260.8,49655
2022-05-17 11:37:00,261.1,261.298,260.94,261.214,49388
2022-05-17 11:36:00,261.01,261.131,260.866,261.094,44024
2022-05-17 11:35:00,260.81,261.101,260.783,260.986,60342
2022-05-17 11:34:00,260.55,260.833,260.523,260.8,35147
2022-05-17 11:33:00,260.354,260.708,260.326,260.515,33301
2022-05-17 11:32:00,260.521,260.61,260.179,260.328,48793
2022-05-17 11:31:00,260.324,260.502,260.297,260.476,33853
2022-05-17 11:30:00,260.039,260.423,260.002,260.338,55804
2022-05-17 11:29:00,259.888,260.07,259.717,259.985,46077
2022-05-17 11:28:00,259.602,259.952,259.555,259.901,31522
2022-05-17 11:27:00,259.705,259.755,259.55,259.601,22581
2022-05-17 11:26:00,259.696,259.726,259.515,259.68,24839
2022-05-17 11:25:00,259.509,259.784,259.442,259.69,39737
2022-05-17 11:24:00,259.578,259.608,259.432,259.503,35381
2022-05-17 11:23:00,259.421,259.638,259.246,259.572,44913
2022-05-17 11:22:00,259.519,259.588,259.216,259.372,34410
2022-05-17 11:21:00,259.381,259.529,259.256,259.503,35671
2022-05-17 11:20:00,259.234,259.52,259.128,259.405,36956
2022-05-17 11:19:00,259.337,259.382,259.079,259.228,29920
2022-05-17 11:18:00,258.812,259.407,258.706,259.326,49004
2022-05-17 11:17:00,258.991,259.028,258.558,258.806,32944
2022-05-17 11:16:00,258.664,258.989,258.558,258.953,38625
2022-05-17 11:15:00,258.959,259.068,258.607,258.649,48407
2022-05-17 11:14:00,258.763,258.999,258.715,258.953,19960
2022-05-17 11:13:00,258.9,258.97,258.715,258.757,23864
2022-05-17 11:12:00,258.723,258.94,258.696,258.904,17117
2022-05-17 11:11:00,258.664,258.852,258.598,258.727,24361
2022-05-17 11:10:00,258.798,258.95,258.578,258.665,32317
2022-05-17 11:09:00,258.733,258.822,258.598,258.791,21107
2022-05-17 11:08:00,258.753,258.822,258.558,258.727,31136
2022-05-17 11:07:00,258.694,258.753,258.499,258.727,40279
2022-05-17 11:06:00,258.871,258.93,258.625,258.698,24085
2022-05-17 11:05:00,259.018,259.058,258.765,258.884,29646
2022-05-17 11:04:00,258.615,259.078,258.588,259.017,29857
2022-05-17 11:03:00,258.772,258.822,258.529,258.629,28291
2022-05-17 11:02:00,258.763,258.812,258.548,258.767,31907
2022-05-17 11:01:00,258.384,258.911,258.293,258.747,76314
2022-05-17 11:00:00,258.429,258.46,258.146,258.383,50656
2022-05-17 10:59:00,258.054,258.478,258.009,258.441,66578
2022-05-17 10:58:00,257.937,258.095,257.763,258.069,40087
2022-05-17 10:57:00,258.198,258.252,257.871,257.932,28644
2022-05-17 10:56:00,258.143,258.351,258.087,258.217,45756
2022-05-17 10:55:00,257.898,258.292,257.812,258.128,73596
2022-05-17 10:54:00,258.026,258.154,257.822,257.922,37158
2022-05-17 10:53:00,258.149,258.213,257.9,258.059,52833
2022-05-17 10:52:00,258.134,258.331,258.028,258.154,60645
2022-05-17 10:51:00,257.996,258.194,257.802,258.133,55663
2022-05-17 10:50:00,258.242,258.292,257.959,257.991,30440
2022-05-17 10:49:00,258.203,258.37,258.146,258.246,25864
2022-05-17 10:48:00,258.291,258.37,258.057,258.2,19077
2022-05-17 10:47:00,258.104,258.459,258.028,258.295,52798
2022-05-17 10:46:00,257.996,258.265,257.89,258.084,40579
2022-05-17 10:45:00,258.33,258.429,257.898,257.971,55333
2022-05-17 10:44:00,258.429,258.562,258.293,258.369,42999
2022-05-17 10:43:00,258.311,258.586,258.274,258.433,73384
2022-05-17 10:42:00,258.271,258.4,258.097,258.285,91267
2022-05-17 10:41:00,258.556,258.596,258.195,258.285,53566
2022-05-17 10:40:00,258.546,258.636,258.421,258.57,42985
2022-05-17 10:39:00,258.625,258.852,258.503,258.55,61563
2022-05-17 10:38:00,258.93,258.989,258.568,258.658,45355
2022-05-17 10:37:00,259.008,259.174,258.814,258.924,56429
2022-05-17 10:36:00,259.234,259.313,258.951,259.042,37843
2022-05-17 10:35:00,259.381,259.431,259.0,259.228,56252
2022-05-17 10:34:00,259.558,259.633,259.324,259.395,19678
2022-05-17 10:33:00,259.656,259.844,259.427,259.543,33121
2022-05-17 10:32:00,259.686,259.823,259.481,259.641,34229
2022-05-17 10:31:00,259.863,260.08,259.639,259.67,40686
2022-05-17 10:30:00,259.676,259.952,259.58,259.857,46966
2022-05-17 10:29:00,260.236,260.296,259.54,259.663,65072
2022-05-17 10:28:00,260.344,260.439,260.208,260.255,33184
2022-05-17 10:27:00,260.57,260.6,260.306,260.338,30295
2022-05-17 10:26:00,260.776,260.87,260.493,260.584,33795
2022-05-17 10:25:00,260.865,261.15,260.662,260.807,66054
2022-05-17 10:24:00,260.747,260.934,260.621,260.869,38853
2022-05-17 10:23:00,260.717,261.101,260.65,260.78,42817
2022-05-17 10:22:00,260.57,260.757,260.424,260.672,32789
2022-05-17 10:21:00,260.639,260.669,260.346,260.603,31677
2022-05-17 10:20:00,260.727,260.9,260.611,260.69,39233
2022-05-17 10:19:00,260.472,260.885,260.435,260.741,56685
2022-05-17 10:18:00,260.658,260.689,260.306,260.463,28996
2022-05-17 10:17:00,260.3,260.728,260.208,260.685,56486
2022-05-17 10:16:00,260.226,260.453,259.963,260.323,96103
2022-05-17 10:15:00,260.383,260.62,260.12,260.238,48051
2022-05-17 10:14:00,260.275,260.531,260.13,260.372,54112
2022-05-17 10:13:00,260.138,260.414,260.081,260.274,63761
2022-05-17 10:12:00,259.992,260.315,259.958,260.127,59936
2022-05-17 10:11:00,260.016,260.158,259.872,260.034,47314
2022-05-17 10:10:00,260.619,260.718,259.943,260.053,63297
2022-05-17 10:09:00,260.531,260.645,260.248,260.589,70727
2022-05-17 10:08:00,260.56,260.738,260.454,260.574,63115
2022-05-17 10:07:00,260.57,260.689,260.198,260.593,77432
2022-05-17 10:06:00,260.933,261.15,260.452,260.574,71610
2022-05-17 10:05:00,261.277,261.465,260.778,260.947,76020
2022-05-17 10:04:00,260.943,261.337,260.886,261.242,86468
2022-05-17 10:03:00,261.09,261.249,260.807,260.899,48613
2022-05-17 10:02:00,261.041,261.258,260.896,261.144,42732
2022-05-17 10:01:00,261.362,261.425,260.886,261.045,35471
2022-05-17 10:00:00,261.041,261.671,260.974,261.419,71797
2022-05-17 09:59:00,260.953,261.077,260.748,261.006,54118
2022-05-17 09:58:00,261.071,261.298,260.719,260.967,46420
2022-05-17 09:57:00,261.69,261.72,260.896,261.055,61794
2022-05-17 09:56:00,261.621,261.946,261.465,261.743,48177
2022-05-17 09:55:00,261.336,261.789,261.269,261.605,69119
2022-05-17 09:54:00,261.876,261.98,261.279,261.35,78144
2022-05-17 09:53:00,262.097,262.29,261.799,261.91,58440
2022-05-17 09:52:00,262.554,262.594,262.025,262.135,54736
2022-05-17 09:51:00,262.357,262.722,262.32,262.538,61429
2022-05-17 09:50:00,262.269,262.732,262.241,262.352,92794
2022-05-17 09:49:00,263.222,263.586,262.192,262.303,95030
2022-05-17 09:48:00,262.574,263.252,262.388,263.226,80469
2022-05-17 09:47:00,262.927,263.351,262.516,262.583,183034
2022-05-17 09:46:00,263.241,263.37,262.868,262.96,132444
2022-05-17 09:45:00,262.442,263.38,262.414,263.249,170815
2022-05-17 09:44:00,262.24,262.506,261.819,262.458,123272
2022-05-17 09:43:00,262.082,262.415,262.055,262.253,91560
2022-05-17 09:42:00,261.739,262.123,261.495,262.055,57218
2022-05-17 09:41:00,261.601,262.123,261.397,261.692,88535
2022-05-17 09:40:00,261.631,261.931,261.392,261.605,61887
2022-05-17 09:39:00,261.562,261.882,261.283,261.526,70365
2022-05-17 09:38:00,260.904,261.545,260.807,261.519,52564
2022-05-17 09:37:00,261.257,261.484,260.788,260.908,71972
2022-05-17 09:36:00,260.973,261.386,260.699,261.321,98012
2022-05-17 09:35:00,262.014,262.093,260.847,260.894,83289
2022-05-17 09:34:00,262.338,262.801,261.974,262.006,93374
2022-05-17 09:33:00,261.935,262.476,261.907,262.42,143328
2022-05-17 09:32:00,261.277,261.936,261.23,261.861,64347
2022-05-17 09:31:00,261.562,261.651,260.925,261.32,104601
2022-05-17 09:30:00,261.405,262.26,261.308,261.536,626918
2022-05-17 09:29:00,261.09,261.435,260.906,261.409,5014
2022-05-17 09:28:00,260.992,261.18,260.729,261.153,4389
2022-05-17 09:27:00,261.149,261.681,260.768,260.918,8962
2022-05-17 09:26:00,261.051,261.199,260.896,260.977,463
2022-05-17 09:25:00,260.717,261.15,260.689,260.829,3597
2022-05-17 09:24:00,260.285,260.315,260.228,260.289,6215
2022-05-17 09:23:00,260.236,260.306,260.169,260.201,425
2022-05-17 09:22:00,260.383,260.482,260.208,260.24,3809
2022-05-17 09:21:00,260.521,260.561,260.493,260.525,535
2022-05-17 09:20:00,260.727,260.806,260.503,260.633,1774
2022-05-17 09:19:00,260.599,260.63,260.552,260.584,1199
2022-05-17 09:18:00,260.815,260.846,260.788,260.819,250
2022-05-17 09:17:00,260.481,260.512,260.454,260.485,144
2022-05-17 09:16:00,260.796,260.826,260.552,260.584,731
2022-05-17 09:15:00,260.678,260.708,260.552,260.584,2835
2022-05-17 09:14:00,260.481,260.846,260.454,260.819,566
2022-05-17 09:13:00,260.937,260.967,260.65,260.682,600
2022-05-17 09:12:00,260.953,260.992,260.925,260.966,200
2022-05-17 09:11:00,260.825,260.856,260.798,260.829,100
2022-05-17 09:10:00,260.678,260.905,260.532,260.878,2155
2022-05-17 09:09:00,260.481,260.6,260.454,260.564,480
2022-05-17 09:08:00,260.658,260.689,260.63,260.662,300
2022-05-17 09:05:00,260.786,260.816,260.748,260.78,900
2022-05-17 09:04:00,260.904,261.003,260.519,260.977,4565
2022-05-17 09:03:00,260.501,260.561,260.267,260.535,11238
2022-05-17 09:02:00,260.904,260.934,260.454,260.485,1153
2022-05-17 09:01:00,260.874,260.905,260.827,260.859,600
2022-05-17 09:00:00,260.619,260.856,260.591,260.829,842
2022-05-17 08:59:00,260.629,260.797,260.591,260.633,13278
2022-05-17 08:58:00,260.629,260.659,260.356,260.633,6170
2022-05-17 08:57:00,260.629,260.659,260.601,260.633,620
2022-05-17 08:56:00,260.481,260.561,260.454,260.535,307
2022-05-17 08:55:00,260.295,260.325,260.267,260.299,121
2022-05-17 08:54:00,260.314,260.345,260.277,260.309,237
2022-05-17 08:53:00,260.432,260.463,260.277,260.309,943
2022-05-17 08:52:00,260.354,260.384,260.326,260.358,100
2022-05-17 08:50:00,260.324,260.414,260.297,260.387,914
2022-05-17 08:48:00,260.57,260.659,260.542,260.633,215
2022-05-17 08:47:00,260.531,260.561,260.503,260.535,433
2022-05-17 08:45:00,260.383,260.414,260.356,260.387,200
2022-05-17 08:44:00,260.432,260.463,260.277,260.309,400
2022-05-17 08:43:00,260.354,260.384,260.326,260.358,100
2022-05-17 08:40:00,260.481,260.522,260.257,260.466,709
2022-05-17 08:39:00,260.609,260.649,260.562,260.593,2043
2022-05-17 08:38:00,260.776,260.806,260.748,260.78,100
2022-05-17 08:37:00,260.697,260.728,260.464,260.495,1032
2022-05-17 08:36:00,260.776,260.806,260.739,260.77,454
2022-05-17 08:34:00,260.589,260.797,260.503,260.584,721
2022-05-17 08:33:00,260.55,260.581,260.414,260.495,550
2022-05-17 08:32:00,260.383,260.472,260.257,260.352,1251
2022-05-17 08:31:00,260.756,260.787,260.729,260.76,100
2022-05-17 08:30:00,261.071,261.101,260.316,260.348,2275
2022-05-17 08:28:00,260.825,260.856,260.67,260.702,738
2022-05-17 08:27:00,261.276,261.307,261.043,261.075,252
2022-05-17 08:26:00,261.238,261.268,261.043,261.075,779
2022-05-17 08:25:00,261.236,261.266,261.208,261.24,200
2022-05-17 08:24:00,261.09,261.121,261.063,261.094,125
2022-05-17 08:22:00,260.874,260.905,260.847,260.878,116
2022-05-17 08:20:00,261.086,261.116,261.058,261.09,100
2022-05-17 08:19:00,260.874,260.905,260.837,260.878,600
2022-05-17 08:16:00,260.776,260.905,260.748,260.878,1787
2022-05-17 08:15:00,260.658,260.689,260.631,260.662,200
2022-05-17 08:14:00,260.825,260.856,260.758,260.79,300
2022-05-17 08:13:00,260.864,260.895,260.758,260.79,736
2022-05-17 08:12:00,260.874,260.915,260.758,260.79,1930
2022-05-17 08:11:00,261.061,261.101,260.896,261.075,449
2022-05-17 08:09:00,261.316,261.347,261.269,261.301,200
2022-05-17 08:08:00,261.267,261.484,261.239,261.458,669
2022-05-17 08:07:00,261.071,261.101,261.043,261.075,150
2022-05-17 08:05:00,260.953,261.003,260.925,260.977,583
2022-05-17 08:04:00,261.11,261.14,261.082,261.114,100
2022-05-17 08:02:00,260.874,261.003,260.847,260.977,1290
2022-05-17 08:01:00,259.548,261.052,259.521,261.026,1610
2022-05-17 08:00:00,261.169,261.985,260.719,260.915,25007
2022-05-17 07:59:00,261.022,261.052,260.994,261.026,150
2022-05-17 07:58:00,261.071,261.131,261.043,261.104,200
2022-05-17 07:57:00,261.071,261.101,261.043,261.075,100
2022-05-17 07:54:00,261.022,261.052,260.994,261.026,110
2022-05-17 07:53:00,261.12,261.15,261.092,261.124,146
2022-05-17 07:46:00,261.002,261.052,260.974,261.026,2492
2022-05-17 07:43:00,261.257,261.298,260.748,260.79,2020
2022-05-17 07:42:00,261.13,261.18,261.102,261.153,415
2022-05-17 07:41:00,261.149,261.18,261.122,261.153,100
2022-05-17 07:40:00,261.306,261.337,261.279,261.311,100
2022-05-17 07:39:00,261.454,261.484,261.426,261.458,140
2022-05-17 07:38:00,261.356,261.386,261.308,261.34,599
2022-05-17 07:35:00,261.464,261.494,261.436,261.468,100
2022-05-17 07:34:00,261.631,261.661,261.603,261.635,285
2022-05-17 07:32:00,261.414,261.445,261.387,261.419,201
2022-05-17 07:30:00,261.513,261.543,261.485,261.517,200
2022-05-17 07:29:00,261.758,261.887,261.662,261.743,1469
2022-05-17 07:28:00,261.856,261.887,261.829,261.861,100
2022-05-17 07:25:00,261.945,261.975,261.917,261.949,286
2022-05-17 07:24:00,261.562,261.789,261.534,261.762,1425
2022-05-17 07:23:00,261.542,261.592,261.514,261.566,2060
2022-05-17 07:22:00,261.542,261.573,261.514,261.546,188
2022-05-17 07:21:00,261.562,261.592,261.534,261.566,800
2022-05-17 07:20:00,261.444,261.641,261.416,261.566,780
2022-05-17 07:19:00,261.464,261.494,261.406,261.438,800
2022-05-17 07:18:00,261.365,261.455,261.338,261.428,419
2022-05-17 07:17:00,261.208,261.435,261.161,261.36,843
2022-05-17 07:16:00,260.992,261.023,260.964,260.996,100
2022-05-17 07:15:00,261.012,261.052,260.788,261.026,300
2022-05-17 07:14:00,261.326,261.357,261.112,261.144,956
2022-05-17 07:12:00,261.64,261.671,261.406,261.468,1160
2022-05-17 07:10:00,261.444,261.691,261.239,261.271,1120
2022-05-17 07:09:00,261.267,261.298,261.239,261.271,200
2022-05-17 07:07:00,261.09,261.396,260.984,261.369,2690
2022-05-17 07:06:00,261.071,261.298,261.043,261.271,1166
2022-05-17 07:05:00,261.071,261.219,260.896,261.193,444
2022-05-17 07:04:00,261.071,261.199,261.023,261.173,1856
2022-05-17 07:03:00,261.071,261.15,261.033,261.075,2215
2022-05-17 07:01:00,260.747,260.865,260.513,260.839,5726
2022-05-17 07:00:00,261.66,261.691,260.689,260.721,3416
2022-05-17 06:58:00,261.552,261.759,261.524,261.703,2971
2022-05-17 06:53:00,261.532,261.612,261.505,261.586,754
2022-05-17 06:43:00,261.238,261.268,261.21,261.242,100
2022-05-17 06:38:00,261.248,261.278,261.2,261.232,200
2022-05-17 06:36:00,261.336,261.366,261.308,261.34,100
2022-05-17 06:34:00,261.758,261.789,261.564,261.595,608
2022-05-17 06:33:00,261.915,261.946,261.888,261.919,620
2022-05-17 06:28:00,261.66,261.691,261.632,261.664,100
2022-05-17 06:25:00,261.189,261.219,261.161,261.193,100
2022-05-17 06:17:00,261.709,261.74,261.681,261.713,500
2022-05-17 06:16:00,261.758,261.985,261.731,261.919,610
2022-05-17 06:15:00,262.19,262.27,260.798,261.713,1346
2022-05-17 06:14:00,261.788,262.28,261.721,262.253,2551
2022-05-17 06:11:00,261.847,261.877,261.809,261.851,596
2022-05-17 06:07:00,261.847,261.877,261.819,261.851,200
2022-05-17 06:06:00,261.984,262.015,261.956,261.988,122
2022-05-17 06:05:00,262.004,262.034,261.947,261.978,212
2022-05-17 06:04:00,261.984,262.133,261.956,262.037,2999
2022-05-17 06:03:00,261.856,261.897,261.829,261.87,200
2022-05-17 06:02:00,261.906,262.064,261.878,262.037,267
2022-05-17 06:00:00,261.856,261.887,261.829,261.861,942
2022-05-17 05:59:00,261.758,261.838,261.731,261.811,1104
2022-05-17 05:58:00,261.739,261.769,261.711,261.743,100
2022-05-17 05:57:00,261.758,261.789,261.731,261.762,1300
2022-05-17 05:56:00,261.66,261.779,261.632,261.743,1610
2022-05-17 05:53:00,261.503,261.533,261.475,261.507,298
2022-05-17 05:41:00,261.562,261.592,261.426,261.458,1100
2022-05-17 05:40:00,261.503,261.583,261.475,261.556,405
2022-05-17 05:39:00,261.513,261.543,261.485,261.517,200
2022-05-17 05:33:00,261.356,261.386,261.328,261.36,256
2022-05-17 05:31:00,261.267,261.298,261.19,261.222,612
2022-05-17 05:30:00,261.277,261.307,261.239,261.271,412
2022-05-17 05:23:00,261.414,261.445,261.387,261.419,100
2022-05-17 05:22:00,261.414,261.455,261.387,261.419,466
2022-05-17 05:17:00,261.424,261.592,261.397,261.566,406
2022-05-17 05:14:00,261.444,261.474,261.416,261.448,164
2022-05-17 05:04:00,261.316,261.406,261.289,261.379,1238
2022-05-17 05:02:00,261.198,261.229,261.171,261.202,103
2022-05-17 05:00:00,261.375,261.406,261.347,261.379,114
2022-05-17 04:59:00,261.758,261.789,261.731,261.762,100
2022-05-17 04:58:00,261.67,261.7,261.632,261.664,200
2022-05-17 04:57:00,261.739,261.769,261.711,261.743,100
2022-05-17 04:55:00,261.729,261.759,261.691,261.723,200
2022-05-17 04:49:00,262.23,262.26,262.202,262.234,100
2022-05-17 04:48:00,261.827,262.172,261.799,262.136,357
2022-05-17 04:45:00,261.758,262.123,261.731,262.096,594
2022-05-17 04:44:00,261.748,261.779,261.721,261.753,200
2022-05-17 04:42:00,261.739,261.789,261.711,261.762,5349
2022-05-17 04:41:00,261.69,261.789,261.662,261.762,2091
2022-05-17 04:39:00,261.248,261.789,261.21,261.762,1415
2022-05-17 04:38:00,261.022,261.052,260.994,261.026,672
2022-05-17 04:37:00,260.845,260.875,260.817,260.849,400
2022-05-17 04:32:00,260.697,260.728,260.67,260.702,341
2022-05-17 04:31:00,260.815,260.856,260.788,260.829,1146
2022-05-17 04:27:00,260.737,260.806,260.709,260.78,266
2022-05-17 04:26:00,260.668,260.708,260.64,260.682,300
2022-05-17 04:25:00,260.491,260.522,260.454,260.485,331
2022-05-17 04:17:00,260.58,260.61,260.552,260.584,1080
2022-05-17 04:16:00,260.727,260.757,260.699,260.731,318
2022-05-17 04:15:00,260.393,260.423,260.365,260.397,236
2022-05-17 04:08:00,260.432,260.463,260.405,260.436,300
2022-05-17 04:06:00,260.069,260.099,260.041,260.073,122
2022-05-17 04:02:00,259.863,259.893,259.835,259.867,389
2022-05-16 19:59:00,256.641,256.71,256.604,256.684,500
2022-05-16 19:58:00,256.631,256.661,256.604,256.635,300
2022-05-16 19:55:00,256.641,256.671,256.614,256.645,138
2022-05-16 19:53:00,256.641,256.691,256.614,256.665,400
2022-05-16 19:51:00,256.562,256.691,256.535,256.665,3453
2022-05-16 19:50:00,256.621,256.651,256.545,256.576,1200
2022-05-16 19:49:00,256.651,256.789,256.604,256.635,1800
2022-05-16 19:48:00,256.71,256.799,256.673,256.704,2610
2022-05-16 19:47:00,256.798,256.828,256.663,256.704,1089
2022-05-16 19:46:00,256.808,256.838,256.781,256.812,100
2022-05-16 19:45:00,256.749,256.877,256.722,256.822,600
2022-05-16 19:41:00,256.828,256.877,256.8,256.851,300
2022-05-16 19:36:00,256.828,256.858,256.663,256.694,1364
2022-05-16 19:34:00,256.818,256.848,256.791,256.822,300
2022-05-16 19:33:00,256.818,256.848,256.722,256.753,300
2022-05-16 19:32:00,256.916,256.946,256.82,256.851,1009
2022-05-16 19:31:00,256.945,256.975,256.918,256.949,100
2022-05-16 19:30:00,257.004,257.074,256.977,257.048,890
2022-05-16 19:29:00,257.093,257.123,256.977,257.008,3737
2022-05-16 19:28:00,257.152,257.201,257.124,257.175,900
2022-05-16 19:23:00,256.995,257.034,256.967,257.008,416
2022-05-16 19:20:00,257.093,257.123,257.066,257.097,100
2022-05-16 19:17:00,256.995,257.025,256.967,256.999,912
2022-05-16 19:15:00,257.073,257.103,257.046,257.077,100
2022-05-16 19:08:00,257.014,257.044,256.967,256.999,809
2022-05-16 19:07:00,256.955,256.985,256.928,256.959,100
2022-05-16 19:01:00,257.093,257.123,257.065,257.097,500
2022-05-16 18:59:00,257.093,257.123,257.065,257.097,500
2022-05-16 18:55:00,257.044,257.074,257.016,257.048,100
2022-05-16 18:48:00,257.073,257.103,257.016,257.048,203
2022-05-16 18:45:00,257.26,257.29,257.232,257.264,103
2022-05-16 18:42:00,257.22,257.25,257.193,257.224,200
2022-05-16 18:40:00,257.083,257.27,257.056,257.244,472
2022-05-16 18:38:00,257.034,257.064,257.007,257.038,100
2022-05-16 18:36:00,257.093,257.123,257.066,257.097,420
2022-05-16 18:34:00,256.985,257.015,256.957,256.989,191
2022-05-16 18:33:00,256.936,256.966,256.908,256.94,220
2022-05-16 18:26:00,256.847,256.966,256.82,256.94,577
2022-05-16 18:25:00,256.847,256.877,256.82,256.851,1971
2022-05-16 18:24:00,256.847,256.877,256.82,256.851,127
2022-05-16 18:23:00,256.916,256.946,256.82,256.851,483
2022-05-16 18:20:00,256.916,256.946,256.889,256.92,100
2022-05-16 18:09:00,256.7,256.779,256.633,256.753,502
2022-05-16 18:05:00,256.729,256.759,256.702,256.733,100
2022-05-16 18:04:00,256.837,256.907,256.81,256.881,550
2022-05-16 18:00:00,256.651,256.681,256.624,256.655,590
2022-05-16 17:58:00,256.425,256.455,256.398,256.429,917
2022-05-16 17:45:00,256.435,256.465,256.408,256.439,100
2022-05-16 17:42:00,256.386,256.416,256.358,256.39,100
2022-05-16 17:30:00,256.061,256.091,256.034,256.065,860
2022-05-16 17:29:00,256.366,256.396,256.329,256.36,1711
2022-05-16 17:28:00,256.405,256.435,256.378,256.409,900
2022-05-16 17:26:00,256.503,256.533,256.388,256.419,847
2022-05-16 17:24:00,256.503,256.533,256.476,256.507,933
2022-05-16 17:23:00,256.503,256.533,256.476,256.507,599
2022-05-16 17:22:00,256.503,256.533,256.476,256.507,930
2022-05-16 17:21:00,256.503,256.533,256.476,256.507,1000
2022-05-16 17:20:00,256.446,256.476,256.419,256.45,800
2022-05-16 17:18:00,256.553,256.583,256.525,256.557,200
2022-05-16 17:17:00,256.7,256.73,256.673,256.704,100
2022-05-16 17:16:00,256.71,256.74,256.673,256.704,816
2022-05-16 17:15:00,256.71,256.74,256.683,256.714,426
2022-05-16 17:12:00,256.729,256.759,256.702,256.733,740
2022-05-16 17:11:00,256.72,256.749,256.683,256.714,600
2022-05-16 17:10:00,256.72,256.749,256.692,256.724,100
2022-05-16 17:05:00,256.729,256.759,256.702,256.733,100
2022-05-16 17:01:00,256.749,256.779,256.722,256.753,112
2022-05-16 16:58:00,256.737,256.767,256.71,256.741,100
2022-05-16 16:52:00,256.72,256.749,256.692,256.724,100
2022-05-16 16:50:00,256.72,256.749,256.692,256.724,100
2022-05-16 16:49:00,256.72,256.749,256.692,256.724,100
2022-05-16 16:40:00,256.749,256.779,256.722,256.753,200
2022-05-16 16:28:00,256.749,256.779,256.722,256.753,180
2022-05-16 16:26:00,256.729,256.759,256.683,256.714,537
2022-05-16 16:24:00,256.769,256.848,256.741,256.822,200
2022-05-16 16:21:00,256.857,256.887,256.82,256.851,435
2022-05-16 16:19:00,256.877,256.907,256.82,256.851,3430
2022-05-16 16:17:00,256.847,256.956,256.82,256.851,5605
2022-05-16 16:15:00,256.847,256.877,256.82,256.851,6186
2022-05-16 16:12:00,257.034,257.064,257.007,257.038,970
2022-05-16 16:10:00,256.945,256.975,256.918,256.949,1152
2022-05-16 16:09:00,256.847,257.005,256.82,256.851,76586
2022-05-16 16:07:00,257.093,257.123,257.066,257.097,185
2022-05-16 16:06:00,257.044,257.123,257.016,257.097,3768
2022-05-16 16:05:00,257.004,257.034,256.967,256.999,200
2022-05-16 16:04:00,256.994,257.034,256.928,257.008,2050
2022-05-16 16:03:00,256.906,256.985,256.879,256.949,5618
2022-05-16 16:02:00,256.847,256.975,256.82,256.949,458456
2022-05-16 16:01:00,257.044,257.264,256.82,256.851,117613
2022-05-16 16:00:00,256.945,257.074,256.437,257.048,3075932
2022-05-16 15:59:00,256.67,257.27,256.398,256.891,587682
2022-05-16 15:58:00,256.425,256.71,256.26,256.674,174878
2022-05-16 15:57:00,256.278,256.612,256.133,256.429,157287
2022-05-16 15:56:00,256.808,256.848,256.182,256.301,220094
2022-05-16 15:55:00,257.014,257.182,256.692,256.822,169912
2022-05-16 15:54:00,257.446,257.486,256.604,257.048,162033
2022-05-16 15:53:00,257.486,257.712,257.331,257.441,72497
2022-05-16 15:52:00,257.702,257.732,257.252,257.485,93006
2022-05-16 15:51:00,257.338,257.928,257.311,257.722,93492
2022-05-16 15:50:00,257.122,257.722,257.095,257.328,104696
2022-05-16 15:49:00,257.112,257.197,256.918,257.097,71443
2022-05-16 15:48:00,256.867,257.172,256.741,257.116,119616
2022-05-16 15:47:00,257.03,257.167,256.8,256.871,64596
2022-05-16 15:46:00,257.152,257.22,256.948,257.038,65315
2022-05-16 15:45:00,257.23,257.329,257.053,257.156,63524
2022-05-16 15:44:00,257.329,257.437,257.11,257.234,51561
2022-05-16 15:43:00,257.122,257.427,257.095,257.401,46059
2022-05-16 15:42:00,257.466,257.526,257.154,257.185,56363
2022-05-16 15:41:00,257.505,257.565,257.306,257.46,68418
2022-05-16 15:40:00,257.658,257.815,257.409,257.49,63613
2022-05-16 15:39:00,257.486,257.69,257.331,257.617,48941
2022-05-16 15:38:00,257.515,257.614,257.242,257.48,45158
2022-05-16 15:37:00,257.361,257.56,257.193,257.46,54069
2022-05-16 15:36:00,257.166,257.614,257.036,257.391,83464
2022-05-16 15:35:00,257.279,257.309,256.948,257.175,63970
2022-05-16 15:34:00,257.486,257.516,257.056,257.283,90458
2022-05-16 15:33:00,257.486,257.634,257.35,257.47,47441
2022-05-16 15:32:00,257.574,257.962,257.458,257.499,55455
2022-05-16 15:31:00,257.682,257.734,257.399,257.568,50111
2022-05-16 15:30:00,257.608,257.791,257.517,257.706,55957
2022-05-16 15:29:00,257.662,257.791,257.498,257.608,43295
2022-05-16 15:28:00,257.648,257.791,257.566,257.657,52837
2022-05-16 15:27:00,257.564,257.771,257.37,257.647,46819
2022-05-16 15:26:00,257.653,257.712,257.424,257.588,45290
2022-05-16 15:25:00,257.623,257.81,257.557,257.657,69087
2022-05-16 15:24:00,257.407,257.712,257.345,257.625,59959
2022-05-16 15:23:00,257.908,257.948,257.331,257.441,69162
2022-05-16 15:22:00,257.771,257.956,257.665,257.887,42925
2022-05-16 15:21:00,257.928,258.081,257.714,257.784,57368
2022-05-16 15:20:00,258.213,258.252,257.9,257.941,52382
2022-05-16 15:19:00,258.08,258.282,257.979,258.256,61206
2022-05-16 15:18:00,258.036,258.184,257.9,258.059,36506
2022-05-16 15:17:00,258.586,258.63,257.925,258.052,56452
2022-05-16 15:16:00,258.438,258.626,258.382,258.57,58085
2022-05-16 15:15:00,258.478,258.508,258.254,258.452,46371
2022-05-16 15:14:00,258.556,258.586,258.224,258.482,59424
2022-05-16 15:13:00,258.618,258.648,258.391,258.531,55478
2022-05-16 15:12:00,258.88,258.911,258.45,258.619,42049
2022-05-16 15:11:00,258.713,258.93,258.647,258.875,38054
2022-05-16 15:10:00,259.136,259.186,258.637,258.727,89844
2022-05-16 15:09:00,259.538,259.588,259.089,259.12,44876
2022-05-16 15:08:00,259.489,259.785,259.42,259.533,54422
2022-05-16 15:07:00,259.352,259.569,259.256,259.484,29924
2022-05-16 15:06:00,259.45,259.549,259.197,259.336,37343
2022-05-16 15:05:00,259.44,259.531,259.285,259.466,40393
2022-05-16 15:04:00,259.263,259.5,259.03,259.425,39775
2022-05-16 15:03:00,259.342,259.431,259.02,259.282,46897
2022-05-16 15:02:00,259.491,259.588,259.207,259.356,50590
2022-05-16 15:01:00,259.486,259.628,259.383,259.474,27663
2022-05-16 15:00:00,259.44,259.51,259.295,259.454,29589
2022-05-16 14:59:00,259.529,259.64,259.285,259.454,38389
2022-05-16 14:58:00,259.499,259.736,259.334,259.572,33238
2022-05-16 14:57:00,259.696,259.726,259.452,259.518,23007
2022-05-16 14:56:00,259.705,259.809,259.639,259.69,33629
2022-05-16 14:55:00,259.564,259.814,259.344,259.709,52812
2022-05-16 14:54:00,259.715,260.021,259.481,259.562,29770
2022-05-16 14:53:00,259.755,260.06,259.727,259.768,38636
2022-05-16 14:52:00,259.823,259.854,259.432,259.759,34684
2022-05-16 14:51:00,259.558,259.834,259.423,259.798,45626
2022-05-16 14:50:00,259.843,260.05,259.56,259.592,47623
2022-05-16 14:49:00,259.853,259.962,259.786,259.847,30610
2022-05-16 14:48:00,260.413,260.502,259.865,259.896,50749
2022-05-16 14:47:00,260.513,260.649,260.375,260.436,42655
2022-05-16 14:46:00,260.344,260.59,260.169,260.515,39010
2022-05-16 14:45:00,260.442,260.53,260.189,260.348,82746
2022-05-16 14:44:00,260.707,260.738,260.277,260.407,63777
2022-05-16 14:43:00,260.658,260.885,260.493,260.711,63096
2022-05-16 14:42:00,260.619,260.757,260.518,260.633,27934
2022-05-16 14:41:00,260.86,260.895,260.503,260.613,54700
2022-05-16 14:40:00,260.843,261.121,260.816,260.854,65297
2022-05-16 14:39:00,260.806,261.042,260.667,260.839,61691
2022-05-16 14:38:00,260.648,260.905,260.621,260.805,86114
2022-05-16 14:37:00,260.383,260.692,260.326,260.652,48295
2022-05-16 14:36:00,260.491,260.639,260.196,260.358,50194
2022-05-16 14:35:00,260.589,260.62,260.169,260.485,63922
2022-05-16 14:34:00,260.658,260.738,260.513,260.603,64118
2022-05-16 14:33:00,260.546,260.718,260.434,260.623,61853
2022-05-16 14:32:00,260.364,260.708,260.257,260.564,46320
2022-05-16 14:31:00,260.56,260.6,260.238,260.368,48845
2022-05-16 14:30:00,260.447,260.6,260.356,260.569,46368
2022-05-16 14:29:00,260.458,260.512,260.267,260.446,57797
2022-05-16 14:28:00,260.314,260.492,260.169,260.451,53042
2022-05-16 14:27:00,260.108,260.384,259.919,260.289,69192
2022-05-16 14:26:00,260.044,260.158,259.815,260.122,69809
2022-05-16 14:25:00,259.99,260.269,259.923,260.043,60227
2022-05-16 14:24:00,259.868,260.104,259.831,259.983,41526
2022-05-16 14:23:00,259.946,260.03,259.707,259.886,43629
2022-05-16 14:22:00,259.647,260.089,259.472,259.955,53965
2022-05-16 14:21:00,259.509,259.677,259.423,259.647,36461
2022-05-16 14:20:00,259.47,259.696,259.442,259.513,38194
2022-05-16 14:19:00,259.627,259.696,259.305,259.484,33064
2022-05-16 14:18:00,259.53,259.745,259.423,259.641,40223
2022-05-16 14:17:00,259.666,259.712,259.315,259.547,47725
2022-05-16 14:16:00,259.362,259.972,259.334,259.664,71088
2022-05-16 14:15:00,259.538,259.588,259.265,259.366,30346
2022-05-16 14:14:00,259.489,259.706,259.373,259.572,28646
2022-05-16 14:13:00,259.499,259.713,259.373,259.503,43481
2022-05-16 14:12:00,259.263,259.775,259.216,259.503,81808
2022-05-16 14:11:00,259.524,259.588,259.161,259.278,60696
2022-05-16 14:10:00,259.617,259.647,259.393,259.533,87899
2022-05-16 14:09:00,259.391,259.687,259.364,259.632,37335
2022-05-16 14:08:00,259.273,259.539,259.241,259.464,34368
2022-05-16 14:07:00,259.259,259.417,259.02,259.267,49467
2022-05-16 14:06:00,259.597,259.667,259.148,259.269,52299
2022-05-16 14:05:00,259.116,259.687,259.089,259.592,50819
2022-05-16 14:04:00,259.214,259.333,259.089,259.12,43763
2022-05-16 14:03:00,259.221,259.313,258.968,259.206,48426
2022-05-16 14:02:00,258.993,259.381,258.843,259.228,48160
2022-05-16 14:01:00,259.126,259.156,258.794,258.976,52059
2022-05-16 14:00:00,259.43,259.52,258.932,259.12,113304
2022-05-16 13:59:00,259.322,259.569,259.158,259.434,88902
2022-05-16 13:58:00,259.303,259.49,259.236,259.307,62898
2022-05-16 13:57:00,259.372,259.539,259.27,259.307,55449
2022-05-16 13:56:00,259.48,259.706,259.305,259.376,43908
2022-05-16 13:55:00,259.499,259.677,259.356,259.474,61496
2022-05-16 13:54:00,259.342,259.706,259.265,259.503,68141
2022-05-16 13:53:00,259.509,259.696,259.295,259.361,60881
2022-05-16 13:52:00,259.44,259.583,259.361,259.493,53029
2022-05-16 13:51:00,259.077,259.52,259.049,259.457,65956
2022-05-16 13:50:00,258.935,259.274,258.861,259.091,64474
2022-05-16 13:49:00,259.126,259.156,258.843,258.899,74522
2022-05-16 13:48:00,258.93,259.304,258.858,259.12,75496
2022-05-16 13:47:00,258.939,259.048,258.696,258.914,60884
2022-05-16 13:46:00,258.821,259.053,258.794,258.968,39940
2022-05-16 13:45:00,259.038,259.087,258.735,258.855,66802
2022-05-16 13:44:00,258.841,259.186,258.779,259.032,91394
2022-05-16 13:43:00,258.576,258.92,258.46,258.825,72137
2022-05-16 13:42:00,258.625,258.665,258.244,258.58,71321
2022-05-16 13:41:00,258.777,259.028,258.53,258.639,78628
2022-05-16 13:40:00,258.615,258.842,258.529,258.747,53213
2022-05-16 13:39:00,258.527,258.695,258.44,258.629,38476
2022-05-16 13:38:00,258.527,258.655,258.421,258.541,53037
2022-05-16 13:37:00,258.429,258.606,258.382,258.521,54111
2022-05-16 13:36:00,258.527,258.626,258.391,258.433,67547
2022-05-16 13:35:00,258.33,258.606,258.234,258.58,83898
2022-05-16 13:34:00,257.928,258.422,257.881,258.374,84150
2022-05-16 13:33:00,257.879,258.017,257.817,257.941,28059
2022-05-16 13:32:00,258.06,258.144,257.822,257.878,33865
2022-05-16 13:31:00,257.928,258.105,257.841,258.069,33219
2022-05-16 13:30:00,257.721,257.987,257.693,257.941,40482
2022-05-16 13:29:00,257.79,257.928,257.679,257.725,22349
2022-05-16 13:28:00,257.515,257.889,257.478,257.804,35161
2022-05-16 13:27:00,257.378,257.526,257.203,257.465,17425
2022-05-16 13:26:00,257.171,257.486,257.083,257.372,21997
2022-05-16 13:25:00,257.24,257.329,256.957,257.175,51170
2022-05-16 13:24:00,257.456,257.653,257.164,257.21,42483
2022-05-16 13:23:00,256.887,257.506,256.692,257.46,76912
2022-05-16 13:22:00,256.857,257.074,256.798,256.905,32696
2022-05-16 13:21:00,256.474,256.808,256.417,256.781,37216
2022-05-16 13:20:00,256.332,256.495,256.221,256.469,37759
2022-05-16 13:19:00,256.484,256.563,256.201,256.322,30740
2022-05-16 13:18:00,256.474,256.553,256.172,256.458,31993
2022-05-16 13:17:00,256.877,256.985,256.447,256.478,39551
2022-05-16 13:16:00,256.739,256.887,256.64,256.851,29425
2022-05-16 13:15:00,256.95,257.064,256.673,256.743,36001
2022-05-16 13:14:00,256.936,257.114,256.869,256.94,34253
2022-05-16 13:13:00,256.808,257.093,256.751,256.9,35021
2022-05-16 13:12:00,256.82,257.079,256.702,256.822,54096
2022-05-16 13:11:00,256.12,256.926,256.093,256.773,60295
2022-05-16 13:10:00,256.317,256.347,256.044,256.075,29627
2022-05-16 13:09:00,256.17,256.386,256.042,256.321,60953
2022-05-16 13:08:00,256.071,256.224,255.951,256.134,55610
2022-05-16 13:07:00,256.078,256.209,255.877,256.08,35774
2022-05-16 13:06:00,255.801,256.121,255.7,256.007,22094
2022-05-16 13:05:00,255.963,255.999,255.622,255.83,57410
2022-05-16 13:04:00,255.973,256.052,255.691,256.007,44454
2022-05-16 13:03:00,255.865,256.091,255.838,255.987,43472
2022-05-16 13:02:00,255.58,256.032,255.528,255.879,53442
2022-05-16 13:01:00,255.325,255.62,255.19,255.572,58943
2022-05-16 13:00:00,255.521,255.61,255.16,255.329,181736
2022-05-16 12:59:00,255.502,255.767,255.465,255.545,34009
2022-05-16 12:58:00,255.561,255.806,255.465,255.496,26463
2022-05-16 12:57:00,255.462,255.684,255.343,255.584,32195
2022-05-16 12:56:00,255.418,255.568,255.258,255.505,22879
2022-05-16 12:55:00,255.443,255.571,255.268,255.424,33125
2022-05-16 12:54:00,255.57,255.63,255.249,255.466,34023
2022-05-16 12:53:00,255.669,255.698,255.445,255.569,20263
2022-05-16 12:52:00,255.632,255.826,255.583,255.673,35618
2022-05-16 12:51:00,255.865,255.924,255.578,255.614,20264
2022-05-16 12:50:00,256.17,256.327,255.74,255.889,40901
2022-05-16 12:49:00,256.199,256.25,255.946,256.164,34118
2022-05-16 12:48:00,255.816,256.258,255.759,256.232,40206
2022-05-16 12:47:00,255.708,255.998,255.514,255.8,44286
2022-05-16 12:46:00,255.423,255.846,255.396,255.702,46192
2022-05-16 12:45:00,255.276,255.482,255.044,255.447,34751
2022-05-16 12:44:00,255.266,255.315,255.023,255.27,34964
2022-05-16 12:43:00,255.187,255.364,255.111,255.299,17965
2022-05-16 12:42:00,255.266,255.296,255.067,255.191,17940
2022-05-16 12:41:00,255.266,255.335,255.131,255.28,17378
2022-05-16 12:40:00,255.138,255.305,254.944,255.28,33006
2022-05-16 12:39:00,255.344,255.492,255.072,255.172,31799
2022-05-16 12:38:00,255.511,255.62,255.312,255.377,35465
2022-05-16 12:37:00,255.609,255.649,255.337,255.506,80275
2022-05-16 12:36:00,255.973,256.032,255.543,255.577,31950
2022-05-16 12:35:00,255.718,256.126,255.661,255.97,37319
2022-05-16 12:34:00,255.718,255.762,255.514,255.663,17888
2022-05-16 12:33:00,255.688,255.787,255.475,255.694,32725
2022-05-16 12:32:00,255.394,255.718,255.229,255.673,46597
2022-05-16 12:31:00,255.305,255.551,255.19,255.437,24784
2022-05-16 12:30:00,255.403,255.61,255.191,255.285,22939
2022-05-16 12:29:00,255.619,255.718,255.396,255.427,18533
2022-05-16 12:28:00,255.585,255.639,255.396,255.594,18216
2022-05-16 12:27:00,255.384,255.639,255.357,255.594,22671
2022-05-16 12:26:00,255.276,255.414,255.082,255.368,64566
2022-05-16 12:25:00,255.212,255.433,255.003,255.269,22304
2022-05-16 12:24:00,255.472,255.502,254.988,255.211,31119
2022-05-16 12:23:00,255.531,255.561,255.327,255.496,21692
2022-05-16 12:22:00,255.354,255.581,255.278,255.555,24744
2022-05-16 12:21:00,255.295,255.463,255.116,255.358,24584
2022-05-16 12:20:00,255.344,255.453,255.229,255.319,17396
2022-05-16 12:19:00,255.246,255.423,255.15,255.366,20187
2022-05-16 12:18:00,255.073,255.296,254.944,255.24,31875
2022-05-16 12:17:00,255.295,255.453,255.056,255.108,49052
2022-05-16 12:16:00,255.187,255.433,255.091,255.348,21786
2022-05-16 12:15:00,255.335,255.433,255.091,255.201,39210
2022-05-16 12:14:00,255.354,255.492,255.18,255.296,42859
2022-05-16 12:13:00,255.064,255.379,255.033,255.319,19400
2022-05-16 12:12:00,255.02,255.217,254.954,255.073,32977
2022-05-16 12:11:00,255.364,255.541,254.92,255.044,26316
2022-05-16 12:10:00,255.535,255.59,255.298,255.378,26123
2022-05-16 12:09:00,255.6,255.728,255.386,255.417,21547
2022-05-16 12:08:00,255.58,255.694,255.347,255.594,24779
2022-05-16 12:07:00,255.688,255.718,255.406,255.614,22681
2022-05-16 12:06:00,255.541,255.718,255.317,255.633,33540
2022-05-16 12:05:00,255.757,255.846,255.465,255.589,48987
2022-05-16 12:04:00,256.026,256.239,255.73,255.761,51032
2022-05-16 12:03:00,255.678,256.052,255.651,255.982,30112
2022-05-16 12:02:00,255.855,256.072,255.573,255.692,45615
2022-05-16 12:01:00,255.521,255.865,255.445,255.803,29111
2022-05-16 12:00:00,255.767,255.86,255.494,255.54,27523
2022-05-16 11:59:00,255.61,255.762,255.455,255.736,47894
2022-05-16 11:58:00,255.865,255.919,255.563,255.643,19125
2022-05-16 11:57:00,255.816,255.944,255.681,255.83,32226
2022-05-16 11:56:00,255.968,256.101,255.573,255.81,38979
2022-05-16 11:55:00,255.906,256.121,255.818,255.938,44106
2022-05-16 11:54:00,255.816,256.082,255.75,255.898,93290
2022-05-16 11:53:00,255.443,255.855,255.258,255.829,62529
2022-05-16 11:52:00,255.374,255.61,255.288,255.437,66131
2022-05-16 11:51:00,254.956,255.379,254.915,255.346,25842
2022-05-16 11:50:00,255.217,255.315,254.767,254.946,33498
2022-05-16 11:49:00,255.217,255.305,255.077,255.181,17321
2022-05-16 11:48:00,255.217,255.345,255.121,255.211,26347
2022-05-16 11:47:00,255.03,255.256,254.856,255.194,20128
2022-05-16 11:46:00,255.001,255.129,254.777,255.005,30876
2022-05-16 11:45:00,255.06,255.226,254.885,254.951,45307
2022-05-16 11:44:00,254.392,255.315,254.327,255.086,42821
2022-05-16 11:43:00,254.235,254.628,254.129,254.376,22655
2022-05-16 11:42:00,254.259,254.441,254.009,254.248,22535
2022-05-16 11:41:00,254.462,254.596,254.129,254.293,22415
2022-05-16 11:40:00,254.844,254.933,254.296,254.426,34235
2022-05-16 11:39:00,254.559,254.893,254.484,254.838,36015
2022-05-16 11:38:00,254.038,254.765,253.952,254.602,43276
2022-05-16 11:37:00,253.812,254.225,253.785,254.062,30397
2022-05-16 11:36:00,253.714,253.861,253.353,253.777,31225
2022-05-16 11:35:00,254.372,254.407,253.677,253.713,47550
2022-05-16 11:34:00,254.077,254.421,253.795,254.386,20579
2022-05-16 11:33:00,253.645,254.294,253.609,254.057,46889
2022-05-16 11:32:00,254.105,254.146,253.579,253.639,32778
2022-05-16 11:31:00,254.074,254.176,253.903,254.091,23717
2022-05-16 11:30:00,253.92,254.137,253.834,254.042,25042
2022-05-16 11:29:00,253.724,254.078,253.687,253.944,39051
2022-05-16 11:28:00,253.94,254.028,253.667,253.698,19198
2022-05-16 11:27:00,253.92,254.087,253.579,253.973,31884
2022-05-16 11:26:00,253.783,254.009,253.707,253.924,28102
2022-05-16 11:25:00,253.91,253.999,253.687,253.718,39889
2022-05-16 11:24:00,253.94,254.097,253.874,253.924,32042
2022-05-16 11:23:00,254.166,254.245,253.827,253.944,33055
2022-05-16 11:22:00,253.837,254.245,253.736,254.175,40876
2022-05-16 11:21:00,253.704,253.94,253.579,253.826,22544
2022-05-16 11:20:00,254.107,254.137,253.677,253.733,28813
2022-05-16 11:19:00,254.195,254.313,253.972,254.101,25935
2022-05-16 11:18:00,254.382,254.441,254.109,254.209,26764
2022-05-16 11:17:00,254.146,254.49,254.001,254.405,53559
2022-05-16 11:16:00,253.665,254.195,253.638,254.121,60948
2022-05-16 11:15:00,253.449,253.744,253.402,253.679,23063
2022-05-16 11:14:00,253.39,253.685,253.284,253.463,50513
2022-05-16 11:13:00,253.488,253.682,253.216,253.372,40080
2022-05-16 11:12:00,253.429,253.557,253.019,253.433,42677
2022-05-16 11:11:00,253.134,253.527,253.108,253.443,36762
2022-05-16 11:10:00,253.233,253.498,253.068,253.129,34173
2022-05-16 11:09:00,252.899,253.311,252.744,253.246,42905
2022-05-16 11:08:00,252.781,252.977,252.626,252.903,43857
2022-05-16 11:07:00,252.742,252.938,252.607,252.76,31113
2022-05-16 11:06:00,252.884,252.923,252.548,252.706,32890
2022-05-16 11:05:00,252.85,253.203,252.823,252.903,32030
2022-05-16 11:04:00,252.727,253.017,252.597,252.868,29045
2022-05-16 11:03:00,252.408,252.727,252.312,252.673,18665
2022-05-16 11:02:00,252.712,252.781,252.401,252.431,32265
2022-05-16 11:01:00,252.319,252.786,252.293,252.746,43645
2022-05-16 11:00:00,252.663,252.693,252.17,252.32,67289
2022-05-16 10:59:00,252.653,252.791,252.617,252.667,40079
2022-05-16 10:58:00,253.066,253.125,252.577,252.667,33688
2022-05-16 10:57:00,252.85,253.105,252.646,253.07,26907
2022-05-16 10:56:00,252.869,253.036,252.744,252.854,23194
2022-05-16 10:55:00,252.909,252.997,252.617,252.863,32535
2022-05-16 10:54:00,252.781,253.015,252.626,252.912,43800
2022-05-16 10:53:00,252.997,253.026,252.666,252.775,42763
2022-05-16 10:52:00,253.193,253.223,252.862,252.991,42720
2022-05-16 10:51:00,253.105,253.302,252.852,253.207,48358
2022-05-16 10:50:00,253.026,253.331,252.98,253.109,25972
2022-05-16 10:49:00,253.125,253.282,252.921,253.021,22345
2022-05-16 10:48:00,253.144,253.223,252.872,253.11,39360
2022-05-16 10:47:00,253.076,253.193,252.888,253.158,35840
2022-05-16 10:46:00,253.184,253.302,252.892,253.099,47464
2022-05-16 10:45:00,253.41,253.459,253.019,253.188,27066
2022-05-16 10:44:00,253.459,253.488,253.235,253.453,26983
2022-05-16 10:43:00,253.449,253.714,253.265,253.453,40212
2022-05-16 10:42:00,253.272,253.508,253.019,253.433,36484
2022-05-16 10:41:00,253.193,253.439,253.098,253.256,28825
2022-05-16 10:40:00,253.38,253.41,253.005,253.207,27238
2022-05-16 10:39:00,253.488,253.586,253.245,253.399,30645
2022-05-16 10:38:00,253.076,253.547,253.049,253.521,48071
2022-05-16 10:37:00,253.247,253.478,253.029,253.06,52706
2022-05-16 10:36:00,253.282,253.41,253.088,253.256,49779
2022-05-16 10:35:00,253.299,253.37,253.068,253.276,100378
2022-05-16 10:34:00,252.869,253.351,252.567,253.325,78036
2022-05-16 10:33:00,253.272,253.341,252.833,252.883,43279
2022-05-16 10:32:00,253.553,253.582,253.049,253.237,35147
2022-05-16 10:31:00,253.891,254.018,253.383,253.541,44657
2022-05-16 10:30:00,253.961,254.168,253.628,253.905,32317
2022-05-16 10:29:00,253.616,254.176,253.54,254.003,42265
2022-05-16 10:28:00,253.547,253.586,253.186,253.512,20525
2022-05-16 10:27:00,253.301,253.596,253.265,253.551,38734
2022-05-16 10:26:00,253.537,253.567,253.029,253.31,62352
2022-05-16 10:25:00,253.583,253.92,253.275,253.566,50118
2022-05-16 10:24:00,253.891,253.989,253.51,253.61,45716
2022-05-16 10:23:00,253.861,254.038,253.736,253.873,60797
2022-05-16 10:22:00,253.478,254.225,253.255,253.846,58170
2022-05-16 10:21:00,253.694,253.861,253.324,253.399,43791
2022-05-16 10:20:00,253.567,253.959,253.481,253.679,47219
2022-05-16 10:19:00,253.459,253.606,253.186,253.521,31597
2022-05-16 10:18:00,253.724,253.793,253.255,253.453,41492
2022-05-16 10:17:00,253.616,253.822,253.464,253.757,38821
2022-05-16 10:16:00,253.193,253.901,253.127,253.541,67753
2022-05-16 10:15:00,252.628,253.184,252.528,253.131,33989
2022-05-16 10:14:00,252.997,253.301,252.509,252.623,45260
2022-05-16 10:13:00,253.223,253.38,252.666,253.021,143169
2022-05-16 10:12:00,253.272,253.439,253.019,253.207,68034
2022-05-16 10:11:00,252.643,253.292,252.499,253.217,48571
2022-05-16 10:10:00,252.722,252.791,252.351,252.667,47339
2022-05-16 10:09:00,252.653,252.909,252.558,252.726,40191
2022-05-16 10:08:00,252.467,252.781,252.263,252.618,55420
2022-05-16 10:07:00,251.671,252.535,251.605,252.461,90538
2022-05-16 10:06:00,251.995,252.025,251.418,251.665,66500
2022-05-16 10:05:00,251.779,252.202,251.585,252.014,69883
2022-05-16 10:04:00,251.74,251.936,251.517,251.773,53562
2022-05-16 10:03:00,251.504,251.818,251.468,251.763,47541
2022-05-16 10:02:00,251.73,251.995,251.468,251.498,40453
2022-05-16 10:01:00,251.818,251.936,251.281,251.753,61517
2022-05-16 10:00:00,252.123,252.211,251.762,251.842,52319
2022-05-16 09:59:00,251.956,252.298,251.831,252.118,58654
2022-05-16 09:58:00,251.838,252.074,251.468,251.92,52270
2022-05-16 09:57:00,251.632,251.887,251.261,251.793,77401
2022-05-16 09:56:00,251.602,251.867,251.409,251.626,43971
2022-05-16 09:55:00,251.455,252.177,251.418,251.606,95949
2022-05-16 09:54:00,251.592,251.7,251.202,251.478,112394
2022-05-16 09:53:00,252.084,252.123,251.526,251.616,99188
2022-05-16 09:52:00,251.975,252.162,251.644,252.058,77628
2022-05-16 09:51:00,252.221,252.329,251.625,251.994,66458
2022-05-16 09:50:00,251.681,252.329,251.585,252.166,93259
2022-05-16 09:49:00,251.74,251.818,251.468,251.655,59124
2022-05-16 09:48:00,251.966,252.182,251.693,251.763,49873
2022-05-16 09:47:00,251.867,252.27,251.772,251.95,69115
2022-05-16 09:46:00,252.201,252.467,251.703,251.907,78110
2022-05-16 09:45:00,252.604,253.036,252.155,252.186,87563
2022-05-16 09:44:00,253.262,253.311,252.459,252.637,76973
2022-05-16 09:43:00,253.724,253.93,253.167,253.315,63826
2022-05-16 09:42:00,253.468,253.956,253.216,253.669,85646
2022-05-16 09:41:00,253.96,254.343,253.186,253.472,130595
2022-05-16 09:40:00,253.262,254.097,253.137,253.973,81327
2022-05-16 09:39:00,253.144,253.557,252.947,253.266,92325
2022-05-16 09:38:00,252.516,253.321,252.44,253.178,85617
2022-05-16 09:37:00,252.201,252.742,252.086,252.517,93166
2022-05-16 09:36:00,252.575,252.712,252.184,252.215,70156
2022-05-16 09:35:00,253.125,253.154,252.44,252.618,75519
2022-05-16 09:34:00,252.94,253.272,252.744,253.03,70694
2022-05-16 09:33:00,253.184,253.439,252.882,252.922,89193
2022-05-16 09:32:00,253.891,254.304,252.833,253.246,107971
2022-05-16 09:31:00,254.254,255.021,253.717,253.929,92931
2022-05-16 09:30:00,255.364,255.531,253.776,254.327,374841
2022-05-16 09:28:00,255.177,255.207,254.954,255.083,400
2022-05-16 09:27:00,254.677,254.706,254.65,254.681,494
2022-05-16 09:26:00,255.115,255.145,255.088,255.119,100
2022-05-16 09:25:00,255.02,255.05,254.993,255.024,124
2022-05-16 09:23:00,255.069,255.099,254.669,254.7,527
2022-05-16 09:22:00,254.598,254.834,254.571,254.808,2175
2022-05-16 09:21:00,254.637,254.942,254.571,254.602,4864
2022-05-16 09:20:00,255.001,255.03,254.453,254.602,2508
2022-05-16 09:19:00,255.187,255.217,254.974,255.005,1518
2022-05-16 09:18:00,255.119,255.148,255.091,255.123,108
2022-05-16 09:16:00,255.276,255.305,255.209,255.24,200
2022-05-16 09:15:00,255.364,255.443,255.337,255.417,200
2022-05-16 09:14:00,255.374,255.414,255.246,255.299,400
2022-05-16 09:12:00,255.472,255.502,255.376,255.407,400
2022-05-16 09:10:00,255.816,255.846,255.445,255.476,629
2022-05-16 09:08:00,255.737,255.826,255.71,255.8,250
2022-05-16 09:07:00,255.57,255.806,255.543,255.78,1200
2022-05-16 09:06:00,255.708,255.738,255.622,255.653,300
2022-05-16 09:05:00,256.012,256.042,255.936,255.967,600
2022-05-16 09:03:00,255.621,255.651,255.594,255.625,150
2022-05-16 09:02:00,255.865,255.895,255.838,255.869,1966
2022-05-16 09:01:00,255.593,255.623,255.566,255.597,280
2022-05-16 09:00:00,255.865,255.92,255.592,255.623,783
2022-05-16 08:58:00,255.718,255.868,255.691,255.842,300
2022-05-16 08:57:00,255.865,255.895,255.514,255.545,1204
2022-05-16 08:56:00,256.012,256.042,255.887,255.918,300
2022-05-16 08:55:00,256.032,256.062,256.005,256.036,100
2022-05-16 08:54:00,256.081,256.111,256.044,256.075,200
2022-05-16 08:53:00,256.071,256.101,255.985,256.016,200
2022-05-16 08:52:00,255.963,255.993,255.936,255.967,1000
2022-05-16 08:51:00,255.976,256.006,255.949,255.98,135
2022-05-16 08:50:00,256.111,256.14,256.083,256.115,100
2022-05-16 08:48:00,256.061,256.386,255.888,256.36,718
2022-05-16 08:47:00,256.061,256.091,256.034,256.065,214
2022-05-16 08:45:00,256.572,256.602,256.525,256.557,472
2022-05-16 08:44:00,256.7,256.73,256.673,256.704,103
2022-05-16 08:43:00,256.697,256.727,256.67,256.701,600
2022-05-16 08:42:00,256.729,256.759,256.673,256.704,850
2022-05-16 08:41:00,256.778,256.808,256.663,256.694,370
2022-05-16 08:40:00,256.896,256.926,256.869,256.9,100
2022-05-16 08:39:00,256.985,257.034,256.957,257.008,388
2022-05-16 08:38:00,257.004,257.034,256.977,257.008,150
2022-05-16 08:37:00,257.014,257.044,256.667,256.979,427
2022-05-16 08:36:00,257.23,257.26,256.948,256.979,4077
2022-05-16 08:35:00,257.24,257.27,257.213,257.244,200
2022-05-16 08:34:00,256.965,257.368,256.938,257.342,379
2022-05-16 08:33:00,256.602,256.877,256.574,256.851,618
2022-05-16 08:32:00,256.356,256.484,256.329,256.458,593
2022-05-16 08:31:00,256.474,256.504,256.447,256.478,100
2022-05-16 08:30:00,256.356,256.504,256.329,256.478,1406
2022-05-16 08:29:00,256.345,256.375,255.887,255.918,703
2022-05-16 08:28:00,256.091,256.386,256.064,256.36,580
2022-05-16 08:27:00,256.062,256.091,256.034,256.066,100
2022-05-16 08:26:00,255.934,255.964,255.907,255.938,300
2022-05-16 08:24:00,256.258,256.288,256.231,256.262,250
2022-05-16 08:22:00,255.761,256.062,255.71,256.036,519
2022-05-16 08:21:00,255.58,255.748,255.533,255.722,1529
2022-05-16 08:20:00,255.767,255.797,255.74,255.771,900
2022-05-16 08:19:00,255.535,255.698,255.508,255.673,1200
2022-05-16 08:18:00,255.452,255.482,255.425,255.456,500
2022-05-16 08:17:00,255.543,255.573,255.425,255.456,250
2022-05-16 08:16:00,255.58,255.61,255.553,255.584,115
2022-05-16 08:07:00,255.374,255.404,254.956,254.987,700
2022-05-16 08:06:00,255.05,255.08,255.003,255.034,673
2022-05-16 08:05:00,255.197,255.227,255.17,255.201,150
2022-05-16 08:04:00,255.521,255.551,255.494,255.525,100
2022-05-16 08:00:00,255.538,256.095,254.954,255.378,26457
2022-05-16 07:56:00,255.315,255.345,255.249,255.28,561
2022-05-16 07:54:00,255.374,255.404,255.347,255.378,300
2022-05-16 07:50:00,255.03,255.06,254.954,254.985,203
2022-05-16 07:48:00,255.148,255.178,255.121,255.152,168
2022-05-16 07:42:00,255.158,255.188,255.131,255.162,244
2022-05-16 07:34:00,254.981,255.011,254.954,254.985,100
2022-05-16 07:33:00,254.981,255.011,254.954,254.985,200
2022-05-16 07:32:00,255.276,255.305,255.249,255.28,100
2022-05-16 07:31:00,255.374,255.404,255.219,255.25,304
2022-05-16 07:29:00,255.482,255.512,255.357,255.388,500
2022-05-16 07:16:00,255.718,255.748,255.691,255.722,413
2022-05-16 07:14:00,255.502,255.531,255.445,255.476,574
2022-05-16 07:13:00,255.57,255.6,255.543,255.574,174
2022-05-16 07:05:00,255.384,255.414,255.298,255.329,656
2022-05-16 07:04:00,255.384,255.414,255.357,255.388,100
2022-05-16 07:00:00,255.276,255.305,255.249,255.28,100
2022-05-16 06:33:00,255.315,255.345,255.288,255.319,100
2022-05-16 06:31:00,255.305,255.335,255.278,255.309,200
2022-05-16 06:22:00,255.256,255.286,255.101,255.132,520
2022-05-16 06:20:00,255.295,255.325,255.268,255.299,106
2022-05-16 06:03:00,255.276,255.305,255.249,255.28,112
2022-05-16 05:58:00,254.981,255.011,254.875,254.906,560
2022-05-16 05:52:00,254.981,255.011,254.954,254.985,100
2022-05-16 05:45:00,254.893,254.922,254.866,254.897,320
2022-05-16 05:43:00,255.197,255.227,255.17,255.201,100
2022-05-16 05:37:00,255.384,255.414,255.347,255.378,782
2022-05-16 05:36:00,255.472,255.502,255.366,255.476,717
2022-05-16 05:32:00,255.551,255.581,255.524,255.555,100
2022-05-16 05:31:00,255.472,255.502,255.376,255.407,375
2022-05-16 05:30:00,255.472,255.502,255.445,255.476,240
2022-05-16 05:29:00,255.472,255.502,255.445,255.476,200
2022-05-16 05:28:00,255.482,255.512,255.455,255.486,405
2022-05-16 05:23:00,255.58,255.61,255.553,255.584,210
2022-05-16 05:14:00,255.914,255.944,255.887,255.918,102
2022-05-16 05:04:00,255.914,255.944,255.887,255.918,144
2022-05-16 04:27:00,254.981,255.011,254.954,254.985,147
2022-05-16 04:14:00,254.598,254.628,254.571,254.602,149
2022-05-16 04:06:00,254.441,254.471,254.414,254.445,108
2022-05-16 04:04:00,254.785,254.814,254.758,254.789,422
2022-05-16 04:03:00,254.883,254.913,254.856,254.887,396
2022-05-16 04:00:00,254.46,254.49,254.404,254.435,200
2022-05-13 19:59:00,256.975,257.005,256.948,256.979,124
2022-05-13 19:57:00,257.142,257.172,256.987,257.018,398
2022-05-13 19:53:00,257.387,257.417,257.36,257.391,441
2022-05-13 19:52:00,257.23,257.26,257.203,257.234,100
2022-05-13 19:50:00,257.171,257.201,256.918,256.949,774
2022-05-13 19:46:00,257.319,257.349,257.291,257.323,206
2022-05-13 19:36:00,257.319,257.349,257.291,257.323,336
2022-05-13 19:32:00,257.338,257.368,257.311,257.342,100
2022-05-13 19:30:00,257.535,257.565,257.488,257.519,740
2022-05-13 19:28:00,257.437,257.467,257.409,257.441,580
2022-05-13 19:27:00,257.338,257.368,257.311,257.342,226
2022-05-13 19:26:00,257.338,257.368,257.311,257.342,487
2022-05-13 19:25:00,257.338,257.368,257.311,257.342,100
2022-05-13 19:22:00,257.142,257.172,257.115,257.146,116
2022-05-13 19:14:00,256.896,256.926,256.869,256.9,208
2022-05-13 19:12:00,256.945,257.172,256.918,256.969,1200
2022-05-13 19:08:00,257.142,257.172,257.115,257.146,105
2022-05-13 19:06:00,257.142,257.172,257.115,257.146,100
2022-05-13 19:05:00,257.171,257.201,257.144,257.175,100
2022-05-13 19:03:00,256.985,257.015,256.957,256.989,100
2022-05-13 19:02:00,257.122,257.221,257.016,257.195,5487
2022-05-13 19:00:00,256.945,256.975,256.918,256.949,732
2022-05-13 18:58:00,257.044,257.074,256.781,256.812,1715
2022-05-13 18:57:00,256.798,256.828,256.771,256.802,600
2022-05-13 18:56:00,256.955,256.985,256.918,256.949,892
2022-05-13 18:55:00,256.896,256.926,256.771,256.802,901
2022-05-13 18:54:00,257.044,257.074,257.016,257.048,100
2022-05-13 18:50:00,256.896,256.926,256.869,256.9,300
2022-05-13 18:48:00,256.896,256.926,256.869,256.9,105
2022-05-13 18:45:00,256.798,256.926,256.771,256.9,850
2022-05-13 18:43:00,256.612,256.641,256.584,256.615,200
2022-05-13 18:39:00,256.553,256.583,256.525,256.557,200
2022-05-13 18:32:00,256.553,256.583,256.525,256.557,100
2022-05-13 18:31:00,256.553,256.583,256.525,256.557,2246
2022-05-13 18:27:00,256.651,256.681,256.624,256.655,300
2022-05-13 18:25:00,256.749,256.779,256.722,256.753,100
2022-05-13 18:24:00,256.749,256.779,256.722,256.753,122
2022-05-13 18:21:00,256.651,256.681,256.624,256.655,200
2022-05-13 18:12:00,256.513,256.543,256.486,256.517,100
2022-05-13 18:10:00,256.68,256.71,256.653,256.684,100
2022-05-13 18:09:00,256.739,256.769,256.712,256.743,200
2022-05-13 18:01:00,256.729,256.759,256.702,256.733,298
2022-05-13 17:57:00,256.729,256.759,256.447,256.478,850
2022-05-13 17:52:00,256.602,256.632,256.574,256.606,2661
2022-05-13 17:51:00,256.631,256.661,256.574,256.606,283
2022-05-13 17:47:00,256.729,256.759,256.702,256.733,500
2022-05-13 17:44:00,256.602,256.681,256.575,256.655,200
2022-05-13 17:42:00,256.602,256.632,256.545,256.576,2371
2022-05-13 17:32:00,256.484,256.514,256.447,256.478,552
2022-05-13 17:31:00,256.474,256.504,256.447,256.478,310
2022-05-13 17:29:00,256.474,256.583,256.447,256.557,537
2022-05-13 17:27:00,256.474,256.504,256.447,256.478,200
2022-05-13 17:22:00,256.182,256.212,256.155,256.186,100
2022-05-13 17:21:00,256.327,256.357,256.299,256.331,452
2022-05-13 17:19:00,256.307,256.337,256.28,256.311,195
2022-05-13 17:18:00,256.17,256.337,256.142,256.311,279
2022-05-13 17:14:00,256.172,256.202,256.145,256.176,100
2022-05-13 17:12:00,256.307,256.337,256.28,256.311,1000
2022-05-13 17:10:00,256.161,256.191,256.134,256.165,100
2022-05-13 17:04:00,256.248,256.278,256.221,256.252,100
2022-05-13 16:59:00,256.356,256.386,256.329,256.36,200
2022-05-13 16:58:00,255.944,255.993,255.916,255.967,4644
2022-05-13 16:57:00,255.865,255.895,255.838,255.869,1102
2022-05-13 16:56:00,256.16,256.19,255.936,255.967,610
2022-05-13 16:55:00,256.258,256.288,256.231,256.262,100
2022-05-13 16:53:00,256.474,256.504,256.447,256.478,2863
2022-05-13 16:50:00,256.484,256.514,256.329,256.36,4899
2022-05-13 16:49:00,256.553,256.583,256.457,256.488,1112
2022-05-13 16:48:00,256.553,256.592,256.525,256.557,627
2022-05-13 16:47:00,256.553,256.583,256.525,256.557,100
2022-05-13 16:46:00,256.602,256.632,256.574,256.606,101
2022-05-13 16:45:00,256.602,256.632,256.574,256.606,936
2022-05-13 16:42:00,256.72,256.749,256.692,256.724,111
2022-05-13 16:40:00,256.562,256.592,256.535,256.566,100
2022-05-13 16:37:00,256.651,256.681,256.624,256.655,1361
2022-05-13 16:35:00,256.503,256.533,256.476,256.507,150
2022-05-13 16:34:00,256.523,256.573,256.496,256.547,300
2022-05-13 16:33:00,256.503,256.533,256.476,256.507,747
2022-05-13 16:32:00,256.651,256.681,256.623,256.655,650
2022-05-13 16:31:00,256.553,256.583,256.525,256.557,1110
2022-05-13 16:30:00,256.435,256.582,256.408,256.556,400
2022-05-13 16:29:00,256.553,256.583,256.525,256.557,102
2022-05-13 16:27:00,256.995,257.025,256.624,256.655,1200
2022-05-13 16:26:00,256.553,256.877,256.438,256.851,1639
2022-05-13 16:25:00,256.533,256.602,256.506,256.557,3954
2022-05-13 16:24:00,256.384,256.553,256.357,256.478,592
2022-05-13 16:23:00,256.435,256.504,256.398,256.478,800
2022-05-13 16:22:00,256.454,256.533,256.427,256.507,1000
2022-05-13 16:21:00,256.454,256.484,256.339,256.37,1100
2022-05-13 16:20:00,256.543,256.573,256.329,256.468,1887
2022-05-13 16:19:00,256.474,256.573,256.231,256.547,6410
2022-05-13 16:18:00,256.474,256.504,256.329,256.458,7097
2022-05-13 16:17:00,256.327,256.376,256.299,256.35,200
2022-05-13 16:16:00,256.189,256.219,256.103,256.134,200
2022-05-13 16:15:00,256.15,256.504,256.123,256.478,29339
2022-05-13 16:14:00,256.071,256.366,256.044,256.34,2303
2022-05-13 16:13:00,256.091,256.121,256.054,256.085,450
2022-05-13 16:12:00,256.14,256.17,256.113,256.144,100
2022-05-13 16:11:00,256.12,256.15,256.044,256.075,2200
2022-05-13 16:10:00,256.071,256.18,256.044,256.075,3500
2022-05-13 16:09:00,256.022,256.504,255.864,256.075,51346
2022-05-13 16:08:00,256.474,256.504,255.858,256.046,54270
2022-05-13 16:07:00,255.973,256.003,255.936,255.967,210
2022-05-13 16:06:00,255.963,255.993,255.936,255.967,191
2022-05-13 16:05:00,255.885,256.067,255.858,256.039,718
2022-05-13 16:04:00,255.973,256.042,255.936,256.016,1595
2022-05-13 16:03:00,256.474,256.504,255.985,256.016,275938
2022-05-13 16:02:00,256.356,256.504,256.231,256.478,173101
2022-05-13 16:01:00,256.474,256.504,256.142,256.36,1368
2022-05-13 16:00:00,256.474,256.514,255.936,256.478,3627292
2022-05-13 15:59:00,256.042,256.573,255.975,256.429,519870
2022-05-13 15:58:00,255.983,256.14,255.72,256.041,200898
2022-05-13 15:57:00,255.747,256.062,255.681,255.977,133610
2022-05-13 15:56:00,255.502,255.836,255.475,255.727,130575
2022-05-13 15:55:00,255.698,255.738,255.249,255.515,163055
2022-05-13 15:54:00,254.686,256.091,254.64,255.594,227568
2022-05-13 15:53:00,254.814,254.952,254.512,254.69,98663
2022-05-13 15:52:00,255.06,255.266,254.718,254.813,119532
2022-05-13 15:51:00,255.168,255.197,254.826,255.044,71456
2022-05-13 15:50:00,255.963,256.209,255.101,255.162,143944
2022-05-13 15:49:00,255.747,256.023,255.494,255.938,65173
2022-05-13 15:48:00,255.487,255.777,255.17,255.702,112587
2022-05-13 15:47:00,255.757,255.816,255.337,255.481,108047
2022-05-13 15:46:00,256.15,256.219,255.661,255.741,75305
2022-05-13 15:45:00,256.012,256.317,255.73,256.134,72616
2022-05-13 15:44:00,255.993,256.072,255.769,255.987,82665
2022-05-13 15:43:00,256.278,256.425,255.956,255.987,91782
2022-05-13 15:42:00,255.925,256.298,255.715,256.272,87083
2022-05-13 15:41:00,255.855,255.983,255.75,255.928,41536
2022-05-13 15:40:00,255.836,256.131,255.7,255.859,58312
2022-05-13 15:39:00,256.14,256.376,255.784,255.815,53670
2022-05-13 15:38:00,255.973,256.278,255.887,256.166,60105
2022-05-13 15:37:00,255.875,256.158,255.72,255.967,75062
2022-05-13 15:36:00,255.894,255.973,255.504,255.908,66835
2022-05-13 15:35:00,256.032,256.474,255.848,255.898,83786
2022-05-13 15:34:00,256.356,256.524,255.936,256.026,67190
2022-05-13 15:33:00,256.847,256.897,256.231,256.37,60033
2022-05-13 15:32:00,256.955,257.133,256.8,256.861,99390
2022-05-13 15:31:00,257.039,257.182,256.889,256.949,97434
2022-05-13 15:30:00,256.847,257.074,256.8,257.028,97756
2022-05-13 15:29:00,256.651,256.926,256.54,256.881,53389
2022-05-13 15:28:00,256.638,256.73,256.461,256.635,36310
2022-05-13 15:27:00,256.613,256.789,256.417,256.656,39142
2022-05-13 15:26:00,256.346,256.651,256.29,256.615,40741
2022-05-13 15:25:00,256.622,256.71,256.283,256.355,45349
2022-05-13 15:24:00,256.828,256.91,256.578,256.615,51029
2022-05-13 15:23:00,256.582,256.838,256.398,256.792,31407
2022-05-13 15:22:00,256.199,256.691,256.172,256.606,43422
2022-05-13 15:21:00,256.474,256.524,256.054,256.164,57168
2022-05-13 15:20:00,256.68,256.74,256.27,256.478,75050
2022-05-13 15:19:00,256.661,256.858,256.633,256.684,53483
2022-05-13 15:18:00,256.494,256.691,256.466,256.655,49872
2022-05-13 15:17:00,256.551,256.602,256.349,256.478,35907
2022-05-13 15:16:00,256.287,256.583,256.226,256.557,45364
2022-05-13 15:15:00,256.553,256.586,256.162,256.301,82844
2022-05-13 15:14:00,256.268,256.595,256.231,256.569,62279
2022-05-13 15:13:00,256.14,256.396,256.044,256.282,100220
2022-05-13 15:12:00,255.845,256.199,255.769,256.144,46521
2022-05-13 15:11:00,256.003,256.16,255.818,255.859,38817
2022-05-13 15:10:00,256.022,256.121,255.858,256.016,46392
2022-05-13 15:09:00,255.944,256.14,255.897,256.036,62949
2022-05-13 15:08:00,255.983,256.16,255.858,255.967,42486
2022-05-13 15:07:00,255.963,256.131,255.867,255.987,45181
2022-05-13 15:06:00,255.629,255.993,255.501,255.957,36936
2022-05-13 15:05:00,255.384,255.771,255.308,255.633,42563
2022-05-13 15:04:00,255.574,255.61,255.357,255.388,33565
2022-05-13 15:03:00,255.796,255.885,255.533,255.579,38984
2022-05-13 15:02:00,255.786,255.856,255.671,255.79,31340
2022-05-13 15:01:00,255.607,255.973,255.58,255.79,56607
2022-05-13 15:00:00,255.659,255.787,255.425,255.623,25636
2022-05-13 14:59:00,255.561,255.659,255.366,255.605,22480
2022-05-13 14:58:00,255.413,255.689,255.386,255.54,35094
2022-05-13 14:57:00,255.511,255.541,255.327,255.407,18620
2022-05-13 14:56:00,255.413,255.59,255.386,255.486,29421
2022-05-13 14:55:00,255.678,255.767,255.337,255.412,44254
2022-05-13 14:54:00,255.502,255.787,255.475,255.663,57374
2022-05-13 14:53:00,255.374,255.62,255.317,255.496,26520
2022-05-13 14:52:00,254.986,255.576,254.954,255.388,68838
2022-05-13 14:51:00,254.765,255.06,254.689,254.965,41119
2022-05-13 14:50:00,254.333,254.775,254.217,254.744,30719
2022-05-13 14:49:00,254.293,254.5,254.237,254.337,19334
2022-05-13 14:48:00,254.569,254.598,254.041,254.268,21467
2022-05-13 14:47:00,254.195,254.608,254.109,254.543,26689
2022-05-13 14:46:00,254.48,254.51,254.1,254.13,24351
2022-05-13 14:45:00,254.637,254.706,254.217,254.435,21595
2022-05-13 14:44:00,254.549,254.746,254.522,254.622,27429
2022-05-13 14:43:00,254.618,254.765,254.455,254.563,21279
2022-05-13 14:42:00,254.382,254.716,254.355,254.563,23714
2022-05-13 14:41:00,254.411,254.687,254.335,254.415,52827
2022-05-13 14:40:00,254.328,254.579,254.09,254.366,25762
2022-05-13 14:39:00,254.284,254.421,253.982,254.361,36144
2022-05-13 14:38:00,254.097,254.48,254.036,254.259,20018
2022-05-13 14:37:00,254.215,254.254,254.021,254.126,20929
2022-05-13 14:36:00,254.141,254.264,253.992,254.16,23715
2022-05-13 14:35:00,254.421,254.51,253.962,254.13,53449
2022-05-13 14:34:00,254.731,254.76,254.404,254.455,46019
2022-05-13 14:33:00,254.431,254.854,254.353,254.769,30324
2022-05-13 14:32:00,254.902,254.962,254.286,254.445,41241
2022-05-13 14:31:00,254.156,255.001,254.06,254.916,78690
2022-05-13 14:30:00,253.812,254.225,253.757,254.175,43172
2022-05-13 14:29:00,253.793,253.861,253.602,253.787,16942
2022-05-13 14:28:00,253.41,253.881,253.343,253.815,38267
2022-05-13 14:27:00,253.37,253.655,253.343,253.394,26000
2022-05-13 14:26:00,253.527,253.803,253.294,253.364,23738
2022-05-13 14:25:00,253.538,253.783,253.511,253.551,36056
2022-05-13 14:24:00,253.468,253.773,253.402,253.536,39001
2022-05-13 14:23:00,253.94,253.97,253.314,253.453,46212
2022-05-13 14:22:00,253.832,254.038,253.746,253.973,18595
2022-05-13 14:21:00,254.028,254.068,253.736,253.875,34697
2022-05-13 14:20:00,254.062,254.137,253.834,254.003,33487
2022-05-13 14:19:00,253.645,254.068,253.589,254.042,35272
2022-05-13 14:18:00,253.739,253.891,253.628,253.669,18477
2022-05-13 14:17:00,253.92,253.95,253.559,253.738,17526
2022-05-13 14:16:00,253.557,253.93,253.432,253.905,35351
2022-05-13 14:15:00,253.694,253.749,253.5,253.61,35632
2022-05-13 14:14:00,253.724,253.833,253.559,253.679,26349
2022-05-13 14:13:00,253.999,254.048,253.648,253.718,36147
2022-05-13 14:12:00,254.141,254.225,253.942,254.013,40610
2022-05-13 14:11:00,254.195,254.235,253.962,254.111,39279
2022-05-13 14:10:00,253.969,254.245,253.913,254.199,48658
2022-05-13 14:09:00,253.734,254.078,253.697,254.003,32669
2022-05-13 14:08:00,253.783,253.92,253.609,253.747,23615
2022-05-13 14:07:00,253.871,253.918,253.667,253.744,37739
2022-05-13 14:06:00,253.37,253.989,253.343,253.895,61959
2022-05-13 14:05:00,253.527,253.577,253.186,253.384,50358
2022-05-13 14:04:00,253.901,253.94,253.304,253.556,93045
2022-05-13 14:03:00,253.828,254.127,253.775,253.914,51718
2022-05-13 14:02:00,254.264,254.294,253.736,253.826,67393
2022-05-13 14:01:00,254.519,254.549,254.198,254.297,36155
2022-05-13 14:00:00,254.696,254.726,254.325,254.504,51863
2022-05-13 13:59:00,254.637,254.854,254.591,254.697,31278
2022-05-13 13:58:00,254.588,254.726,254.512,254.651,28918
2022-05-13 13:57:00,254.618,254.746,254.473,254.612,43487
2022-05-13 13:56:00,254.804,254.863,254.512,254.592,36412
2022-05-13 13:55:00,255.119,255.197,254.748,254.819,34173
2022-05-13 13:54:00,254.902,255.227,254.866,255.132,17750
2022-05-13 13:53:00,255.168,255.197,254.895,254.941,22663
2022-05-13 13:52:00,255.256,255.301,254.964,255.132,23108
2022-05-13 13:51:00,255.492,255.527,255.199,255.231,46774
2022-05-13 13:50:00,255.349,255.551,255.278,255.486,25713
2022-05-13 13:49:00,255.128,255.423,255.101,255.358,32413
2022-05-13 13:48:00,254.932,255.158,254.905,255.103,23267
2022-05-13 13:47:00,255.03,255.129,254.826,254.916,41785
2022-05-13 13:46:00,255.109,255.138,254.846,255.024,33165
2022-05-13 13:45:00,255.261,255.31,255.003,255.113,30503
2022-05-13 13:44:00,255.276,255.497,255.16,255.272,35951
2022-05-13 13:43:00,255.266,255.325,255.091,255.28,30519
2022-05-13 13:42:00,255.168,255.364,255.111,255.231,25130
2022-05-13 13:41:00,255.325,255.374,255.033,255.181,72872
2022-05-13 13:40:00,255.61,255.708,255.288,255.339,55490
2022-05-13 13:39:00,255.678,255.792,255.524,255.633,19493
2022-05-13 13:38:00,255.502,255.691,255.376,255.665,19349
2022-05-13 13:37:00,255.541,255.679,255.436,255.496,24450
2022-05-13 13:36:00,255.826,255.947,255.455,255.54,32110
2022-05-13 13:35:00,255.914,255.964,255.622,255.825,17959
2022-05-13 13:34:00,256.061,256.091,255.818,255.948,20895
2022-05-13 13:33:00,255.973,256.15,255.936,256.061,23302
2022-05-13 13:32:00,255.845,256.121,255.779,255.967,19170
2022-05-13 13:31:00,256.081,256.14,255.773,255.898,18112
2022-05-13 13:30:00,255.894,256.121,255.799,256.09,30508
2022-05-13 13:29:00,256.13,256.199,255.818,255.889,28064
2022-05-13 13:28:00,256.219,256.327,255.985,256.124,23984
2022-05-13 13:27:00,256.371,256.474,256.113,256.223,22331
2022-05-13 13:26:00,256.464,256.602,256.309,256.394,28076
2022-05-13 13:25:00,256.454,256.573,256.388,256.455,32261
2022-05-13 13:24:00,256.273,256.553,256.23,256.488,32042
2022-05-13 13:23:00,255.983,256.342,255.946,256.274,24536
2022-05-13 13:22:00,255.944,256.052,255.877,255.967,26522
2022-05-13 13:21:00,255.895,256.15,255.818,255.938,38726
2022-05-13 13:20:00,256.179,256.249,255.848,255.889,46112
2022-05-13 13:19:00,256.425,256.474,256.074,256.183,37654
2022-05-13 13:18:00,256.35,256.455,256.241,256.419,19134
2022-05-13 13:17:00,256.503,256.651,256.319,256.355,17182
2022-05-13 13:16:00,256.405,256.72,256.299,256.488,26347
2022-05-13 13:15:00,256.572,256.632,256.299,256.399,22665
2022-05-13 13:14:00,256.459,256.682,256.29,256.564,24960
2022-05-13 13:13:00,256.375,256.533,256.299,256.463,22827
2022-05-13 13:12:00,256.052,256.46,256.015,256.373,26542
2022-05-13 13:11:00,256.311,256.456,256.049,256.08,33290
2022-05-13 13:10:00,256.336,256.406,256.015,256.311,46704
2022-05-13 13:09:00,256.592,256.622,256.299,256.331,27602
2022-05-13 13:08:00,256.395,256.779,256.368,256.606,62345
2022-05-13 13:07:00,256.415,256.504,256.309,256.39,16248
2022-05-13 13:06:00,256.385,256.612,256.29,256.453,25278
2022-05-13 13:05:00,256.641,256.681,256.333,256.38,20098
2022-05-13 13:04:00,256.638,256.799,256.574,256.62,15144
2022-05-13 13:03:00,256.813,256.843,256.457,256.655,41173
2022-05-13 13:02:00,257.009,257.039,256.722,256.832,16950
2022-05-13 13:01:00,257.112,257.172,256.917,257.028,29836
2022-05-13 13:00:00,256.9,257.152,256.8,257.111,35939
2022-05-13 12:59:00,256.877,256.956,256.741,256.92,23946
2022-05-13 12:58:00,256.955,257.034,256.732,256.881,25739
2022-05-13 12:57:00,257.112,257.142,256.872,256.96,27016
2022-05-13 12:56:00,257.073,257.201,256.957,257.131,17575
2022-05-13 12:55:00,256.901,257.142,256.869,257.092,23902
2022-05-13 12:54:00,256.882,257.001,256.683,256.92,31280
2022-05-13 12:53:00,256.71,257.074,256.634,256.881,64507
2022-05-13 12:52:00,257.142,257.172,256.648,256.714,57794
2022-05-13 12:51:00,257.407,257.447,257.115,257.156,34907
2022-05-13 12:50:00,257.977,258.027,257.282,257.421,65677
2022-05-13 12:49:00,257.977,258.056,257.856,257.991,24197
2022-05-13 12:48:00,258.016,258.115,257.93,257.981,19946
2022-05-13 12:47:00,257.994,258.085,257.832,258.03,25734
2022-05-13 12:46:00,257.977,258.203,257.949,257.991,37034
2022-05-13 12:45:00,258.041,258.076,257.781,257.971,64389
2022-05-13 12:44:00,258.232,258.321,258.007,258.05,45524
2022-05-13 12:43:00,258.311,258.38,258.205,258.236,38189
2022-05-13 12:42:00,258.33,258.39,258.205,258.305,52472
2022-05-13 12:41:00,258.326,258.38,258.264,258.342,29043
2022-05-13 12:40:00,258.262,258.38,258.234,258.329,39460
2022-05-13 12:39:00,258.163,258.39,258.107,258.266,86642
2022-05-13 12:38:00,258.104,258.233,258.018,258.177,48466
2022-05-13 12:37:00,258.046,258.225,257.94,258.108,52200
2022-05-13 12:36:00,257.859,258.184,257.832,258.04,42380
2022-05-13 12:35:00,257.79,258.027,257.733,257.873,64908
2022-05-13 12:34:00,257.79,257.918,257.645,257.804,70190
2022-05-13 12:33:00,257.695,257.928,257.665,257.81,60835
2022-05-13 12:32:00,257.545,257.742,257.488,257.706,41595
2022-05-13 12:31:00,257.378,257.604,257.134,257.554,42981
2022-05-13 12:30:00,257.181,257.427,257.134,257.377,42971
2022-05-13 12:29:00,257.171,257.26,257.085,257.156,37899
2022-05-13 12:28:00,256.857,257.193,256.82,257.167,35069
2022-05-13 12:27:00,256.72,256.916,256.666,256.851,41608
2022-05-13 12:26:00,256.592,256.769,256.437,256.709,29550
2022-05-13 12:25:00,257.044,257.103,256.447,256.576,37146
2022-05-13 12:24:00,256.936,257.08,256.899,257.038,17025
2022-05-13 12:23:00,256.955,257.113,256.879,256.91,29253
2022-05-13 12:22:00,257.23,257.26,256.938,256.969,42725
2022-05-13 12:21:00,257.387,257.437,257.08,257.215,35861
2022-05-13 12:20:00,257.292,257.535,257.232,257.401,44050
2022-05-13 12:19:00,257.437,257.467,257.242,257.293,30696
2022-05-13 12:18:00,257.594,257.624,257.395,257.445,30482
2022-05-13 12:17:00,257.662,257.742,257.566,257.616,22820
2022-05-13 12:16:00,257.571,257.732,257.527,257.657,27842
2022-05-13 12:15:00,257.623,257.693,257.478,257.558,30020
2022-05-13 12:14:00,257.702,257.732,257.527,257.601,32812
2022-05-13 12:13:00,257.53,257.742,257.467,257.696,43502
2022-05-13 12:12:00,257.319,257.594,257.282,257.519,29347
2022-05-13 12:11:00,257.191,257.339,257.105,257.293,20907
2022-05-13 12:10:00,257.363,257.467,257.121,257.205,28700
2022-05-13 12:09:00,257.162,257.398,257.115,257.362,58666
2022-05-13 12:08:00,257.159,257.223,257.016,257.156,20286
2022-05-13 12:07:00,256.965,257.2,256.859,257.157,22794
2022-05-13 12:06:00,256.945,257.103,256.82,256.969,38635
2022-05-13 12:05:00,256.936,257.092,256.692,256.94,75833
2022-05-13 12:04:00,256.764,256.995,256.737,256.949,17518
2022-05-13 12:03:00,256.749,256.808,256.545,256.753,29644
2022-05-13 12:02:00,256.661,256.887,256.633,256.733,22748
2022-05-13 12:01:00,256.572,256.779,256.545,256.665,17709
2022-05-13 12:00:00,256.651,256.769,256.476,256.568,30293
2022-05-13 11:59:00,256.68,256.749,256.466,256.665,64804
2022-05-13 11:58:00,256.769,256.907,256.615,256.646,51393
2022-05-13 11:57:00,256.808,256.941,256.722,256.787,41282
2022-05-13 11:56:00,256.975,257.113,256.722,256.797,30522
2022-05-13 11:55:00,257.181,257.226,256.977,257.028,19362
2022-05-13 11:54:00,257.122,257.285,257.066,257.205,23658
2022-05-13 11:53:00,257.068,257.201,257.026,257.116,15721
2022-05-13 11:52:00,257.044,257.25,256.948,257.072,26952
2022-05-13 11:51:00,256.936,257.221,256.781,257.077,34010
2022-05-13 11:50:00,256.945,257.103,256.84,256.959,21348
2022-05-13 11:49:00,256.877,257.064,256.805,256.979,26080
2022-05-13 11:48:00,256.847,256.995,256.73,256.851,23886
2022-05-13 11:47:00,256.729,256.916,256.653,256.891,39890
2022-05-13 11:46:00,256.562,256.759,256.398,256.733,38516
2022-05-13 11:45:00,256.621,256.671,256.516,256.571,19164
2022-05-13 11:44:00,256.445,256.72,256.417,256.635,23105
2022-05-13 11:43:00,256.533,256.583,256.231,256.449,32091
2022-05-13 11:42:00,256.248,256.553,256.055,256.517,35084
2022-05-13 11:41:00,256.268,256.504,256.182,256.252,30559
2022-05-13 11:40:00,256.612,256.7,256.172,256.242,35087
2022-05-13 11:39:00,256.631,256.858,256.589,256.62,36773
2022-05-13 11:38:00,256.612,256.74,256.437,256.625,36750
2022-05-13 11:37:00,256.425,256.641,256.339,256.615,28015
2022-05-13 11:36:00,256.258,256.484,256.211,256.449,24622
2022-05-13 11:35:00,256.219,256.376,256.054,256.262,43486
2022-05-13 11:34:00,256.17,256.308,256.103,256.189,27762
2022-05-13 11:33:00,256.366,256.396,256.142,256.173,28207
2022-05-13 11:32:00,256.381,256.416,256.044,256.38,29384
2022-05-13 11:31:00,256.597,256.691,256.299,256.368,38941
2022-05-13 11:30:00,256.582,256.681,256.388,256.596,50843
2022-05-13 11:29:00,256.533,256.622,256.29,256.586,35370
2022-05-13 11:28:00,256.666,256.759,256.516,256.566,39032
2022-05-13 11:27:00,256.366,256.759,256.339,256.67,37749
2022-05-13 11:26:00,256.307,256.484,256.221,256.34,19034
2022-05-13 11:25:00,256.268,256.376,256.13,256.34,34455
2022-05-13 11:24:00,256.292,256.524,256.182,256.282,33615
2022-05-13 11:23:00,255.944,256.307,255.865,256.282,29775
2022-05-13 11:22:00,255.962,256.08,255.828,255.963,31846
2022-05-13 11:21:00,255.786,256.082,255.75,255.957,29387
2022-05-13 11:20:00,255.256,255.821,255.229,255.79,36393
2022-05-13 11:19:00,255.723,255.846,255.023,255.27,86808
2022-05-13 11:18:00,255.669,255.821,255.587,255.712,22151
2022-05-13 11:17:00,255.629,255.865,255.504,255.633,43894
2022-05-13 11:16:00,255.973,256.023,255.425,255.594,56577
2022-05-13 11:15:00,255.894,256.131,255.808,255.987,81911
2022-05-13 11:14:00,255.968,256.219,255.799,255.898,58563
2022-05-13 11:13:00,256.15,256.307,255.789,255.977,51834
2022-05-13 11:12:00,256.125,256.307,256.064,256.165,70430
2022-05-13 11:11:00,256.258,256.317,256.02,256.124,35793
2022-05-13 11:10:00,256.17,256.298,255.985,256.272,43447
2022-05-13 11:09:00,256.346,256.484,256.103,256.161,30131
2022-05-13 11:08:00,256.16,256.386,256.01,256.331,35380
2022-05-13 11:07:00,256.17,256.327,256.093,256.164,32919
2022-05-13 11:06:00,256.13,256.249,256.024,256.183,33846
2022-05-13 11:05:00,255.885,256.209,255.858,256.065,36518
2022-05-13 11:04:00,255.747,255.895,255.608,255.859,47355
2022-05-13 11:03:00,255.796,255.916,255.524,255.739,21456
2022-05-13 11:02:00,255.639,255.856,255.553,255.781,36235
2022-05-13 11:01:00,255.875,255.905,255.425,255.663,47018
2022-05-13 11:00:00,256.13,256.192,255.936,255.982,22717
2022-05-13 10:59:00,256.16,256.258,256.024,256.144,21138
2022-05-13 10:58:00,256.16,256.322,256.01,256.173,40845
2022-05-13 10:57:00,256.248,256.347,256.133,256.178,48306
2022-05-13 10:56:00,256.376,256.533,256.103,256.272,42350
2022-05-13 10:55:00,256.356,256.504,256.162,256.36,51530
2022-05-13 10:54:00,256.179,256.494,256.123,256.36,45409
2022-05-13 10:53:00,256.081,256.298,255.956,256.183,37710
2022-05-13 10:52:00,255.909,256.126,255.672,256.1,38379
2022-05-13 10:51:00,255.914,256.03,255.74,255.904,17052
2022-05-13 10:50:00,256.101,256.131,255.754,255.903,21970
2022-05-13 10:49:00,256.003,256.228,255.956,256.075,44009
2022-05-13 10:48:00,255.983,256.229,255.828,255.978,36641
2022-05-13 10:47:00,256.017,256.307,255.916,256.026,50111
2022-05-13 10:46:00,255.737,256.131,255.678,256.007,67579
2022-05-13 10:45:00,256.189,256.347,255.612,255.731,73467
2022-05-13 10:44:00,256.327,256.46,256.096,256.167,53322
2022-05-13 10:43:00,256.788,256.818,256.182,256.323,45237
2022-05-13 10:42:00,256.906,256.956,256.437,256.782,43274
2022-05-13 10:41:00,256.592,256.877,256.55,256.851,51269
2022-05-13 10:40:00,256.445,256.612,256.26,256.566,50963
2022-05-13 10:39:00,256.248,256.612,256.211,256.38,36370
2022-05-13 10:38:00,256.395,256.435,255.901,256.223,52521
2022-05-13 10:37:00,256.494,256.691,256.27,256.39,54233
2022-05-13 10:36:00,256.327,256.533,256.113,256.439,37144
2022-05-13 10:35:00,256.101,256.455,256.07,256.321,33210
2022-05-13 10:34:00,256.091,256.317,256.041,256.1,30916
2022-05-13 10:33:00,256.474,256.524,256.054,256.085,45253
2022-05-13 10:32:00,256.435,256.543,256.299,256.468,29628
2022-05-13 10:31:00,256.317,256.484,256.157,256.409,46120
2022-05-13 10:30:00,256.651,256.749,256.27,256.301,51909
2022-05-13 10:29:00,257.014,257.044,256.565,256.635,43093
2022-05-13 10:28:00,256.911,257.064,256.781,256.966,48585
2022-05-13 10:27:00,257.194,257.224,256.663,256.9,54232
2022-05-13 10:26:00,257.363,257.417,257.075,257.175,54692
2022-05-13 10:25:00,257.309,257.457,257.213,257.342,35650
2022-05-13 10:24:00,257.23,257.427,257.164,257.333,91072
2022-05-13 10:23:00,257.122,257.359,256.938,257.205,67311
2022-05-13 10:22:00,256.734,257.162,256.643,257.099,72964
2022-05-13 10:21:00,256.523,256.818,256.457,256.743,102285
2022-05-13 10:20:00,256.042,256.681,255.995,256.557,98004
2022-05-13 10:19:00,255.934,256.091,255.858,256.056,41727
2022-05-13 10:18:00,255.904,255.944,255.524,255.918,66346
2022-05-13 10:17:00,256.042,256.337,255.848,255.928,112977
2022-05-13 10:16:00,256.111,256.239,255.848,256.016,54200
2022-05-13 10:15:00,255.276,256.16,255.19,256.115,97932
2022-05-13 10:14:00,255.158,255.581,254.817,255.309,170251
2022-05-13 10:13:00,255.227,255.296,254.807,255.113,40290
2022-05-13 10:12:00,255.452,255.6,255.101,255.211,31411
2022-05-13 10:11:00,255.364,255.541,254.856,255.486,71488
2022-05-13 10:10:00,255.531,255.571,255.249,255.358,56396
2022-05-13 10:09:00,255.295,255.541,255.234,255.513,36755
2022-05-13 10:08:00,255.009,255.492,254.797,255.289,77529
2022-05-13 10:07:00,255.561,255.59,254.993,255.024,103978
2022-05-13 10:06:00,255.728,255.922,255.524,255.594,73144
2022-05-13 10:05:00,255.619,255.915,255.475,255.729,91969
2022-05-13 10:04:00,255.786,255.984,255.392,255.632,105400
2022-05-13 10:03:00,255.669,255.875,255.524,255.766,107948
2022-05-13 10:02:00,255.511,255.875,255.435,255.653,75095
2022-05-13 10:01:00,255.246,255.571,255.16,255.476,138141
2022-05-13 10:00:00,254.858,255.364,254.414,255.26,173238
2022-05-13 09:59:00,254.676,254.991,254.581,254.838,113881
2022-05-13 09:58:00,254.922,254.96,254.507,254.69,94679
2022-05-13 09:57:00,254.608,255.158,254.581,254.946,63860
2022-05-13 09:56:00,255.374,255.443,254.492,254.631,109053
2022-05-13 09:55:00,255.521,255.581,255.131,255.329,62766
2022-05-13 09:54:00,255.728,255.905,255.435,255.515,128786
2022-05-13 09:53:00,255.089,255.757,254.993,255.72,177650
2022-05-13 09:52:00,254.215,255.129,254.188,255.093,81712
2022-05-13 09:51:00,254.333,254.804,254.038,254.16,76103
2022-05-13 09:50:00,253.586,254.382,253.481,254.324,75518
2022-05-13 09:49:00,253.282,253.793,253.24,253.551,81057
2022-05-13 09:48:00,253.606,253.994,253.235,253.315,62415
2022-05-13 09:47:00,253.852,253.925,252.959,253.59,71482
2022-05-13 09:46:00,253.714,254.451,253.676,253.865,93946
2022-05-13 09:45:00,253.793,253.989,253.461,253.747,75997
2022-05-13 09:44:00,253.655,254.028,253.628,253.797,42421
2022-05-13 09:43:00,253.753,254.353,253.51,253.633,101590
2022-05-13 09:42:00,252.692,253.92,252.666,253.757,96804
2022-05-13 09:41:00,252.643,253.282,252.538,252.775,119649
2022-05-13 09:40:00,252.319,252.83,251.752,252.658,123774
2022-05-13 09:39:00,252.545,252.671,252.086,252.274,54801
2022-05-13 09:38:00,252.231,252.555,251.939,252.51,75541
2022-05-13 09:37:00,251.977,252.83,251.89,252.254,99940
2022-05-13 09:36:00,251.347,252.359,251.183,251.97,137203
2022-05-13 09:35:00,251.204,251.415,250.78,251.37,129304
2022-05-13 09:34:00,252.084,252.142,251.124,251.164,78164
2022-05-13 09:33:00,252.555,252.751,251.959,252.112,107851
2022-05-13 09:32:00,253.38,253.734,252.351,252.559,123141
2022-05-13 09:31:00,253.616,254.137,253.304,253.448,126000
2022-05-13 09:30:00,252.771,253.714,252.744,253.63,627665
2022-05-13 09:29:00,252.535,252.575,252.459,252.549,1905
2022-05-13 09:28:00,252.948,253.193,252.401,252.441,4659
2022-05-13 09:27:00,253.351,253.38,252.951,253.168,2473
2022-05-13 09:26:00,253.095,253.125,253.068,253.099,126
2022-05-13 09:25:00,253.115,253.442,252.99,253.041,1942
2022-05-13 09:24:00,253.616,253.645,253.383,253.521,1419
2022-05-13 09:23:00,253.706,253.736,253.679,253.71,110
2022-05-13 09:22:00,253.763,253.793,253.736,253.767,225
2022-05-13 09:21:00,253.665,253.694,253.638,253.669,100
2022-05-13 09:20:00,254.087,254.117,253.579,253.61,1148
2022-05-13 09:19:00,253.901,254.117,253.775,254.091,2026
2022-05-13 09:17:00,253.607,253.979,253.58,253.855,4136
2022-05-13 09:16:00,253.95,253.979,253.854,253.885,1163
2022-05-13 09:15:00,254.392,254.421,253.903,253.934,900
2022-05-13 09:14:00,253.606,253.979,253.383,253.954,4109
2022-05-13 09:13:00,254.244,254.421,253.539,253.57,2582
2022-05-13 09:12:00,254.529,254.559,253.972,254.003,1523
2022-05-13 09:10:00,254.444,254.474,254.375,254.405,1357
2022-05-13 09:08:00,254.677,254.706,254.65,254.681,200
2022-05-13 09:07:00,255.05,255.099,255.023,255.073,200
2022-05-13 09:06:00,255.168,255.305,254.972,255.003,3485
2022-05-13 09:05:00,254.902,255.286,254.875,255.26,4340
2022-05-13 09:04:00,254.588,254.755,254.561,254.73,402
2022-05-13 09:03:00,254.244,255.011,254.217,254.769,2102
2022-05-13 09:02:00,254.274,254.52,253.884,254.494,2923
2022-05-13 09:01:00,254.637,254.667,254.247,254.278,2493
2022-05-13 09:00:00,254.883,255.011,254.679,254.72,991
2022-05-13 08:59:00,254.961,255.188,254.915,255.162,900
2022-05-13 08:58:00,255.207,255.355,255.033,255.064,717
2022-05-13 08:57:00,255.187,255.217,255.16,255.191,100
2022-05-13 08:56:00,255.325,255.355,255.249,255.28,572
2022-05-13 08:55:00,255.325,255.355,255.298,255.329,200
2022-05-13 08:54:00,255.286,255.315,255.258,255.289,411
2022-05-13 08:53:00,255.177,255.305,255.15,255.28,366
2022-05-13 08:52:00,255.177,255.207,255.15,255.181,112
2022-05-13 08:51:00,254.893,254.922,254.866,254.897,100
2022-05-13 08:50:00,255.268,255.305,255.229,255.28,1276
2022-05-13 08:49:00,255.227,255.296,255.2,255.27,650
2022-05-13 08:48:00,255.167,255.207,255.033,255.181,649
2022-05-13 08:47:00,255.079,255.109,255.052,255.083,380
2022-05-13 08:46:00,255.079,255.207,254.954,255.181,1389
2022-05-13 08:44:00,255.06,255.089,254.964,254.995,300
2022-05-13 08:43:00,254.981,255.011,254.954,254.985,358
2022-05-13 08:42:00,255.119,255.148,255.091,255.123,100
2022-05-13 08:41:00,255.197,255.256,255.023,255.054,1844
2022-05-13 08:39:00,255.256,255.286,255.229,255.26,100
2022-05-13 08:37:00,255.177,255.207,255.072,255.103,946
2022-05-13 08:36:00,255.148,255.276,255.052,255.162,585
2022-05-13 08:35:00,255.276,255.374,255.2,255.231,1545
2022-05-13 08:34:00,255.04,255.305,255.013,255.28,6747
2022-05-13 08:32:00,254.981,255.011,254.944,254.985,2528
2022-05-13 08:31:00,255.06,255.109,254.856,255.044,7879
2022-05-13 08:30:00,255.069,255.099,255.042,255.073,876
2022-05-13 08:29:00,254.863,254.913,254.836,254.887,7144
2022-05-13 08:28:00,254.686,254.716,254.659,254.69,2699
2022-05-13 08:27:00,254.971,255.001,254.719,254.789,1402
2022-05-13 08:26:00,254.981,255.011,254.846,254.877,270
2022-05-13 08:25:00,254.667,254.765,254.64,254.739,1315
2022-05-13 08:24:00,254.834,254.863,254.718,254.749,440
2022-05-13 08:23:00,255.03,255.06,255.003,255.034,310
2022-05-13 08:22:00,255.03,255.06,254.875,254.906,200
2022-05-13 08:21:00,255.079,255.109,255.052,255.083,122
2022-05-13 08:20:00,255.05,255.109,254.954,254.985,3299
2022-05-13 08:18:00,255.079,255.109,254.857,254.888,2301
2022-05-13 08:17:00,255.079,255.109,255.013,255.083,6195
2022-05-13 08:16:00,255.02,255.05,254.993,255.024,896
2022-05-13 08:15:00,255.02,255.05,254.993,255.024,400
2022-05-13 08:14:00,254.952,254.981,254.856,254.887,742
2022-05-13 08:13:00,255.177,255.207,255.052,255.083,4178
2022-05-13 08:12:00,255.081,255.305,255.054,255.28,1379
2022-05-13 08:11:00,255.177,255.256,255.15,255.231,400
2022-05-13 08:10:00,255.177,255.207,255.15,255.181,100
2022-05-13 08:06:00,255.423,255.453,255.396,255.427,165
2022-05-13 08:05:00,255.276,255.305,255.249,255.28,200
2022-05-13 08:04:00,255.286,255.355,255.258,255.329,815
2022-05-13 08:03:00,255.207,255.237,255.18,255.211,150
2022-05-13 08:01:00,255.177,255.561,254.669,255.348,2202
2022-05-13 08:00:00,255.374,255.649,254.807,255.623,32923
2022-05-13 07:59:00,255.531,255.649,255.494,255.604,3322
2022-05-13 07:58:00,255.541,255.6,255.337,255.427,4580
2022-05-13 07:57:00,255.236,255.6,255.209,255.574,10190
2022-05-13 07:56:00,255.187,255.217,255.16,255.191,126
2022-05-13 07:55:00,255.227,255.404,255.2,255.378,3580
2022-05-13 07:54:00,255.197,255.256,255.17,255.231,640
2022-05-13 07:52:00,255.03,255.06,254.954,254.985,5134
2022-05-13 07:50:00,255.217,255.256,255.003,255.034,2693
2022-05-13 07:49:00,255.177,255.256,255.15,255.231,4230
2022-05-13 07:48:00,255.168,255.247,255.141,255.221,300
2022-05-13 07:47:00,255.079,255.109,255.052,255.083,897
2022-05-13 07:46:00,255.079,255.158,255.052,255.132,1039
2022-05-13 07:45:00,255.177,255.256,255.15,255.231,1073
2022-05-13 07:43:00,255.099,255.129,255.052,255.083,1654
2022-05-13 07:42:00,255.227,255.256,255.131,255.231,900
2022-05-13 07:41:00,254.981,255.256,254.954,255.231,1385
2022-05-13 07:40:00,254.991,255.021,254.964,254.995,100
2022-05-13 07:39:00,255.011,255.099,254.983,255.014,837
2022-05-13 07:38:00,255.03,255.109,255.003,255.083,715
2022-05-13 07:36:00,255.128,255.158,254.885,254.985,1778
2022-05-13 07:35:00,255.069,255.158,255.042,255.083,1960
2022-05-13 07:34:00,255.03,255.089,255.003,255.064,690
2022-05-13 07:33:00,254.883,255.158,254.856,255.132,2238
2022-05-13 07:32:00,254.932,254.962,254.905,254.936,1608
2022-05-13 07:31:00,254.932,254.962,254.905,254.936,189
2022-05-13 07:27:00,255.128,255.158,255.101,255.132,100
2022-05-13 07:25:00,255.001,255.03,254.974,255.005,100
2022-05-13 07:24:00,255.079,255.119,254.954,254.985,7353
2022-05-13 07:23:00,255.128,255.158,255.091,255.123,534
2022-05-13 07:22:00,255.128,255.158,255.101,255.132,2204
2022-05-13 07:20:00,255.177,255.207,255.15,255.181,100
2022-05-13 07:19:00,255.276,255.305,255.249,255.28,389
2022-05-13 07:16:00,255.197,255.227,255.17,255.201,100
2022-05-13 07:14:00,255.187,255.404,255.16,255.378,1000
2022-05-13 07:11:00,255.315,255.345,255.288,255.319,195
2022-05-13 07:09:00,255.276,255.355,255.15,255.329,1497
2022-05-13 07:08:00,255.187,255.256,255.16,255.231,358
2022-05-13 07:05:00,255.109,255.217,255.082,255.191,1006
2022-05-13 07:04:00,255.227,255.256,255.2,255.231,100
2022-05-13 07:03:00,255.03,255.06,255.003,255.034,300
2022-05-13 07:02:00,255.128,255.158,255.101,255.132,120
2022-05-13 07:01:00,255.001,255.03,254.954,254.985,200
2022-05-13 07:00:00,255.276,255.355,255.131,255.162,2358
2022-05-13 06:54:00,255.423,255.453,255.396,255.427,100
2022-05-13 06:48:00,255.207,255.237,255.18,255.211,100
2022-05-13 06:44:00,255.374,255.404,255.347,255.378,6100
2022-05-13 06:37:00,255.482,255.512,255.347,255.378,2053
2022-05-13 06:34:00,255.521,255.551,255.494,255.525,170
2022-05-13 06:31:00,255.384,255.414,255.357,255.388,158
2022-05-13 06:29:00,255.403,255.433,255.376,255.407,100
2022-05-13 06:28:00,255.374,255.414,255.347,255.378,900
2022-05-13 06:27:00,255.227,255.404,255.2,255.378,2532
2022-05-13 06:26:00,255.001,255.178,254.974,255.152,200
2022-05-13 06:20:00,255.05,255.08,254.905,254.936,560
2022-05-13 06:19:00,255.197,255.227,255.17,255.201,100
2022-05-13 06:10:00,254.942,254.981,254.875,254.906,438
2022-05-13 06:08:00,255.227,255.256,255.2,255.231,152
2022-05-13 06:01:00,255.325,255.355,255.268,255.299,893
2022-05-13 06:00:00,255.227,255.325,255.2,255.299,1021
2022-05-13 05:57:00,254.991,255.021,254.964,254.995,100
2022-05-13 05:56:00,255.138,255.168,255.111,255.142,105
2022-05-13 05:55:00,255.079,255.109,255.052,255.083,101
2022-05-13 05:54:00,254.961,254.991,254.934,254.965,200
2022-05-13 05:53:00,254.932,254.971,254.905,254.936,583
2022-05-13 05:52:00,255.001,255.03,254.905,254.936,395
2022-05-13 05:51:00,255.099,255.158,255.072,255.132,215
2022-05-13 05:46:00,255.619,255.659,255.592,255.623,1584
2022-05-13 05:45:00,255.374,255.404,255.347,255.378,100
2022-05-13 05:41:00,255.03,255.06,255.003,255.034,439
2022-05-13 05:38:00,255.06,255.109,255.033,255.083,565
2022-05-13 05:31:00,254.893,254.922,254.866,254.897,120
2022-05-13 05:27:00,255.521,255.551,255.494,255.525,268
2022-05-13 05:26:00,255.325,255.59,255.298,255.565,300
2022-05-13 05:20:00,255.276,255.305,255.249,255.28,100
2022-05-13 05:15:00,255.384,255.414,255.249,255.28,1575
2022-05-13 05:10:00,255.482,255.512,255.445,255.476,977
2022-05-13 05:06:00,255.374,255.404,255.347,255.378,778
2022-05-13 05:05:00,255.374,255.404,255.347,255.378,345
2022-05-13 05:00:00,255.177,255.207,255.15,255.181,415
2022-05-13 04:47:00,255.02,255.05,254.993,255.024,120
2022-05-13 04:44:00,255.109,255.138,254.993,255.024,413
2022-05-13 04:41:00,255.423,255.453,255.396,255.427,100
2022-05-13 04:33:00,255.374,255.482,255.337,255.456,335
2022-05-13 04:29:00,255.521,255.551,255.347,255.378,1050
2022-05-13 04:27:00,255.61,255.639,255.475,255.506,510
2022-05-13 04:25:00,255.276,255.404,255.249,255.378,320
2022-05-13 04:20:00,254.912,254.942,254.856,254.887,264
2022-05-13 04:12:00,254.834,254.863,254.807,254.838,118
2022-05-13 04:09:00,255.079,255.109,254.954,254.985,570
2022-05-13 04:08:00,255.177,255.207,255.15,255.181,126
2022-05-13 04:07:00,254.932,255.099,254.866,255.073,689
2022-05-13 04:03:00,254.686,254.716,254.659,254.69,1218
2022-05-13 04:02:00,254.686,254.716,254.659,254.69,222
2022-05-13 04:01:00,254.392,254.421,254.365,254.396,100
2022-05-13 04:00:00,253.213,255.404,253.186,254.396,2792
2022-05-12 19:59:00,252.918,253.203,252.892,253.021,1231
2022-05-12 19:58:00,252.918,253.046,252.892,253.021,3900
2022-05-12 19:57:00,252.918,253.144,252.793,253.119,1299
2022-05-12 19:56:00,252.722,252.751,252.695,252.726,100
2022-05-12 19:55:00,252.791,252.82,252.764,252.795,100
2022-05-12 19:54:00,252.624,252.653,252.538,252.628,700
2022-05-12 19:53:00,252.457,252.486,252.43,252.461,136
2022-05-12 19:51:00,252.319,252.457,252.293,252.431,757
2022-05-12 19:50:00,252.182,252.211,252.155,252.186,100
2022-05-12 19:49:00,252.172,252.201,252.145,252.176,100
2022-05-12 19:48:00,252.044,252.437,252.018,252.412,1149
2022-05-12 19:47:00,252.152,252.26,252.126,252.235,826
2022-05-12 19:46:00,252.231,252.26,252.008,252.038,840
2022-05-12 19:44:00,251.936,251.966,251.909,251.94,105
2022-05-12 19:43:00,251.838,252.064,251.811,251.842,650
2022-05-12 19:41:00,251.769,251.799,251.743,251.773,153
2022-05-12 19:36:00,251.759,251.966,251.733,251.94,750
2022-05-12 19:35:00,251.897,251.926,251.87,251.901,150
2022-05-12 19:34:00,251.858,251.936,251.831,251.911,200
2022-05-12 19:33:00,251.622,251.671,251.595,251.645,1196
2022-05-12 19:32:00,251.592,251.651,251.566,251.626,406
2022-05-12 19:28:00,251.622,251.651,251.595,251.626,150
2022-05-12 19:27:00,251.573,251.602,251.546,251.577,100
2022-05-12 19:24:00,251.445,251.474,251.418,251.449,1293
2022-05-12 19:22:00,251.367,251.425,251.34,251.4,682
2022-05-12 19:20:00,251.249,251.278,251.222,251.253,144
2022-05-12 19:17:00,251.258,251.288,251.232,251.262,223
2022-05-12 19:13:00,251.209,251.376,251.183,251.351,835
2022-05-12 19:11:00,251.367,251.396,251.34,251.37,100
2022-05-12 19:07:00,251.327,251.357,251.301,251.331,150
2022-05-12 19:05:00,251.209,251.396,251.183,251.37,1826
2022-05-12 19:04:00,251.15,251.239,251.124,251.203,1622
2022-05-12 19:03:00,251.023,251.081,250.996,251.056,6086
2022-05-12 19:02:00,250.934,250.964,250.908,250.938,286
2022-05-12 19:01:00,250.816,250.846,250.79,250.82,2000
2022-05-12 19:00:00,250.954,250.983,250.908,250.958,500
2022-05-12 18:57:00,251.042,251.072,251.016,251.046,700
2022-05-12 18:56:00,251.042,251.072,251.016,251.046,100
2022-05-12 18:53:00,250.954,250.983,250.927,250.958,100
2022-05-12 18:49:00,250.463,250.492,250.436,250.467,100
2022-05-12 18:41:00,251.2,251.229,251.173,251.203,1276
2022-05-12 18:39:00,251.072,251.101,251.045,251.076,201
2022-05-12 18:35:00,251.042,251.072,251.016,251.046,2200
2022-05-12 18:34:00,250.718,251.072,250.692,251.046,350
2022-05-12 18:33:00,251.042,251.072,250.829,250.86,1687
2022-05-12 18:32:00,251.042,251.072,251.016,251.046,100
2022-05-12 18:30:00,251.042,251.072,251.016,251.046,145
2022-05-12 18:29:00,251.042,251.072,251.016,251.046,245
2022-05-12 18:27:00,250.856,250.885,250.829,250.86,240
2022-05-12 18:26:00,250.807,250.885,250.78,250.86,1132
2022-05-12 18:25:00,250.856,250.885,250.829,250.86,500
2022-05-12 18:24:00,250.856,250.885,250.751,250.781,850
2022-05-12 18:22:00,250.866,250.905,250.839,250.879,500
2022-05-12 18:21:00,250.954,250.983,250.927,250.958,135
2022-05-12 18:20:00,251.239,251.278,251.085,251.115,864
2022-05-12 18:19:00,251.062,251.091,251.035,251.066,100
2022-05-12 18:17:00,250.974,251.003,250.947,250.978,100
2022-05-12 18:14:00,251.15,251.18,251.124,251.154,100
2022-05-12 18:13:00,250.954,250.983,250.927,250.958,448
2022-05-12 18:09:00,250.708,250.836,250.682,250.811,5012
2022-05-12 18:08:00,250.463,250.738,250.436,250.712,700
2022-05-12 18:05:00,250.463,250.492,250.436,250.467,303
2022-05-12 18:04:00,250.708,250.738,250.682,250.712,500
2022-05-12 18:03:00,250.404,250.698,250.377,250.673,4394
2022-05-12 18:01:00,250.247,250.394,250.22,250.369,1617
2022-05-12 17:58:00,250.365,250.394,250.338,250.369,156
2022-05-12 17:55:00,249.919,250.158,249.893,250.133,2153
2022-05-12 17:49:00,250.365,250.394,250.338,250.369,427
2022-05-12 17:42:00,250.414,250.443,250.387,250.418,300
2022-05-12 17:35:00,250.266,250.296,250.24,250.27,800
2022-05-12 17:34:00,250.266,250.296,250.24,250.27,1000
2022-05-12 17:33:00,250.396,250.433,250.369,250.408,345
2022-05-12 17:32:00,250.217,250.296,250.191,250.27,530
2022-05-12 17:31:00,250.217,250.247,250.191,250.221,1263
2022-05-12 17:30:00,250.099,250.374,250.073,250.349,1348
2022-05-12 17:29:00,250.352,250.381,250.325,250.355,200
2022-05-12 17:28:00,249.968,249.997,249.941,249.972,200
2022-05-12 17:25:00,249.903,249.932,249.877,249.907,100
2022-05-12 17:23:00,250.041,250.07,249.945,249.976,200
2022-05-12 17:22:00,249.775,249.804,249.749,249.779,250
2022-05-12 17:19:00,250.06,250.293,250.034,250.267,1157
2022-05-12 17:17:00,250.168,250.197,250.142,250.172,300
2022-05-12 17:14:00,249.543,250.502,249.516,250.467,10100
2022-05-12 17:12:00,249.461,249.51,249.435,249.485,1583
2022-05-12 17:10:00,249.373,249.412,249.346,249.386,301
2022-05-12 17:07:00,249.245,249.51,249.209,249.239,892
2022-05-12 17:06:00,249.726,249.755,249.444,249.475,300
2022-05-12 17:04:00,249.373,249.52,249.346,249.487,3567
2022-05-12 17:02:00,249.284,249.313,249.258,249.288,100
2022-05-12 17:00:00,249.235,249.264,249.209,249.239,1470
2022-05-12 16:59:00,249.176,249.264,249.15,249.239,744
2022-05-12 16:58:00,249.009,249.264,248.767,249.178,5562
2022-05-12 16:57:00,248.98,249.117,248.953,249.092,347
2022-05-12 16:56:00,248.97,248.999,248.944,248.974,100
2022-05-12 16:55:00,248.852,248.97,248.816,248.944,1104
2022-05-12 16:54:00,248.705,249.019,248.678,248.817,988
2022-05-12 16:53:00,248.99,250.836,248.521,248.551,19794
2022-05-12 16:52:00,249.49,249.52,249.012,249.043,1276
2022-05-12 16:51:00,249.495,249.963,249.468,249.938,645
2022-05-12 16:50:00,249.54,249.569,249.454,249.485,2935
2022-05-12 16:49:00,250.394,250.492,249.494,249.946,3673
2022-05-12 16:48:00,250.571,250.6,250.436,250.467,410
2022-05-12 16:47:00,250.708,250.865,250.466,250.496,2562
2022-05-12 16:46:00,250.708,250.875,250.682,250.85,500
2022-05-12 16:44:00,250.65,250.964,250.623,250.938,550
2022-05-12 16:42:00,250.561,250.983,250.372,250.402,5690
2022-05-12 16:41:00,250.453,250.88,250.161,250.855,6910
2022-05-12 16:37:00,250.296,250.325,250.063,250.094,206
2022-05-12 16:36:00,250.522,250.551,250.25,250.28,400
2022-05-12 16:33:00,250.463,250.492,250.436,250.467,118
2022-05-12 16:32:00,250.522,250.561,250.24,250.369,9079
2022-05-12 16:31:00,250.65,250.83,250.495,250.526,2005
2022-05-12 16:30:00,250.757,250.787,250.731,250.761,200
2022-05-12 16:29:00,250.758,250.787,250.731,250.761,759
2022-05-12 16:27:00,250.463,250.885,250.436,250.86,12652
2022-05-12 16:26:00,250.748,250.836,250.721,250.811,338
2022-05-12 16:24:00,250.728,250.757,250.554,250.585,220
2022-05-12 16:23:00,250.807,250.836,250.78,250.811,671
2022-05-12 16:21:00,250.561,250.59,250.535,250.565,186
2022-05-12 16:20:00,250.807,250.836,250.78,250.811,1360
2022-05-12 16:19:00,250.522,250.551,250.466,250.496,274
2022-05-12 16:17:00,250.266,250.836,250.24,250.275,36310
2022-05-12 16:16:00,249.874,250.512,249.847,250.486,1100
2022-05-12 16:15:00,250.129,250.482,249.926,250.457,7061
2022-05-12 16:14:00,250.178,250.256,249.464,250.074,5248
2022-05-12 16:13:00,250.708,250.738,250.053,250.084,4305
2022-05-12 16:12:00,250.807,250.905,250.78,250.811,8680
2022-05-12 16:11:00,250.866,250.905,250.829,250.86,4358
2022-05-12 16:10:00,250.964,250.993,250.927,250.958,2807
2022-05-12 16:08:00,250.807,251.131,250.78,251.105,58456
2022-05-12 16:07:00,251.072,251.111,250.996,251.086,1097
2022-05-12 16:06:00,251.042,251.18,251.016,251.154,2817
2022-05-12 16:05:00,250.964,251.18,250.918,251.154,9430
2022-05-12 16:04:00,250.836,250.993,250.78,250.968,6295
2022-05-12 16:03:00,250.954,250.983,250.78,250.84,1020
2022-05-12 16:02:00,250.807,251.023,250.78,250.958,289137
2022-05-12 16:01:00,251.033,251.131,250.78,250.811,620431
2022-05-12 16:00:00,250.807,251.386,250.721,251.007,3419324
2022-05-12 15:59:00,251.082,251.258,250.603,250.83,600283
2022-05-12 15:58:00,250.541,251.121,250.436,251.066,367796
2022-05-12 15:57:00,250.257,250.61,249.916,250.55,225286
2022-05-12 15:56:00,249.559,250.394,249.533,250.27,264115
2022-05-12 15:55:00,249.471,249.814,249.277,249.553,199370
2022-05-12 15:54:00,249.51,249.839,248.727,249.485,198132
2022-05-12 15:53:00,250.021,250.06,249.199,249.514,146822
2022-05-12 15:52:00,250.001,250.129,249.729,250.005,148023
2022-05-12 15:51:00,249.815,250.158,249.385,250.015,152025
2022-05-12 15:50:00,248.548,249.893,248.443,249.818,205768
2022-05-12 15:49:00,248.813,249.215,248.295,248.384,116429
2022-05-12 15:48:00,248.607,249.028,248.511,248.846,101537
2022-05-12 15:47:00,248.282,248.714,248.212,248.679,90035
2022-05-12 15:46:00,248.597,248.636,248.089,248.276,84827
2022-05-12 15:45:00,248.518,249.137,248.197,248.62,71007
2022-05-12 15:44:00,248.263,248.734,248.119,248.551,90794
2022-05-12 15:43:00,249.471,249.913,248.069,248.247,171028
2022-05-12 15:42:00,249.088,249.598,249.002,249.46,68740
2022-05-12 15:41:00,249.063,249.146,248.649,249.043,57573
2022-05-12 15:40:00,249.265,249.539,248.816,249.09,101683
2022-05-12 15:39:00,248.852,249.412,248.826,249.239,67985
2022-05-12 15:38:00,248.459,249.274,248.364,248.838,100748
2022-05-12 15:37:00,248.803,248.881,248.246,248.434,68791
2022-05-12 15:36:00,248.911,249.274,248.639,248.817,67204
2022-05-12 15:35:00,248.715,249.205,248.177,248.925,97525
2022-05-12 15:34:00,248.882,249.068,248.706,248.748,50873
2022-05-12 15:33:00,249.324,249.461,248.718,248.836,48731
2022-05-12 15:32:00,248.292,249.559,248.089,249.337,108753
2022-05-12 15:31:00,248.44,248.606,248.177,248.253,52953
2022-05-12 15:30:00,247.968,248.626,247.893,248.473,59320
2022-05-12 15:29:00,248.96,248.989,247.844,247.982,145785
2022-05-12 15:28:00,249.211,249.333,248.835,248.993,74504
2022-05-12 15:27:00,249.549,249.647,249.091,249.239,72091
2022-05-12 15:26:00,248.95,249.682,248.737,249.539,90558
2022-05-12 15:25:00,249.058,249.485,248.855,248.915,83403
2022-05-12 15:24:00,249.363,249.421,248.659,249.043,89635
2022-05-12 15:23:00,249.117,249.706,249.089,249.367,105629
2022-05-12 15:22:00,249.471,249.569,249.05,249.111,73866
2022-05-12 15:21:00,248.852,249.529,248.718,249.504,121064
2022-05-12 15:20:00,248.351,248.95,248.126,248.925,88065
2022-05-12 15:19:00,248.381,248.712,248.276,248.355,81991
2022-05-12 15:18:00,247.914,248.557,247.765,248.375,103105
2022-05-12 15:17:00,247.344,247.977,247.195,247.918,62305
2022-05-12 15:16:00,247.634,247.663,247.303,247.358,57786
2022-05-12 15:15:00,247.133,247.78,247.058,247.628,142528
2022-05-12 15:14:00,247.153,247.221,246.94,247.117,52869
2022-05-12 15:13:00,247.094,247.26,246.911,247.127,49218
2022-05-12 15:12:00,247.006,247.3,246.911,247.083,71669
2022-05-12 15:11:00,246.652,246.995,246.528,246.95,73025
2022-05-12 15:10:00,247.182,247.26,246.537,246.695,50769
2022-05-12 15:09:00,246.868,247.28,246.726,247.176,63707
2022-05-12 15:08:00,247.153,247.182,246.822,246.882,43412
2022-05-12 15:07:00,247.089,247.221,246.892,247.191,51336
2022-05-12 15:06:00,247.482,247.511,246.94,247.093,77449
2022-05-12 15:05:00,247.664,247.85,247.156,247.481,130088
2022-05-12 15:04:00,247.32,247.673,247.294,247.618,68910
2022-05-12 15:03:00,246.77,247.565,246.744,247.363,92429
2022-05-12 15:02:00,246.46,246.946,246.42,246.749,28204
2022-05-12 15:01:00,246.907,246.936,246.42,246.464,65356
2022-05-12 15:00:00,246.455,247.123,246.223,246.905,61952
2022-05-12 14:59:00,246.298,246.474,246.105,246.435,32505
2022-05-12 14:58:00,246.023,246.357,245.924,246.282,46264
2022-05-12 14:57:00,246.397,246.484,245.968,246.007,46351
2022-05-12 14:56:00,246.171,246.425,246.118,246.381,28991
2022-05-12 14:55:00,246.239,246.484,246.132,246.194,46202
2022-05-12 14:54:00,246.701,246.808,246.164,246.263,67291
2022-05-12 14:53:00,246.681,246.887,246.4,246.705,57399
2022-05-12 14:52:00,246.259,246.74,246.145,246.687,173039
2022-05-12 14:51:00,245.866,246.406,245.84,246.253,60028
2022-05-12 14:50:00,245.979,246.023,245.683,245.85,70341
2022-05-12 14:49:00,246.131,246.268,245.909,245.988,39414
2022-05-12 14:48:00,246.23,246.337,245.982,246.155,42762
2022-05-12 14:47:00,246.023,246.268,245.781,246.224,34615
2022-05-12 14:46:00,246.23,246.317,245.83,245.998,50067
2022-05-12 14:45:00,246.023,246.524,245.919,246.23,80414
2022-05-12 14:44:00,245.709,246.111,245.653,246.017,69672
2022-05-12 14:43:00,245.707,245.806,245.545,245.715,78468
2022-05-12 14:42:00,245.748,246.032,245.673,245.732,46736
2022-05-12 14:41:00,245.758,246.081,245.696,245.752,57561
2022-05-12 14:40:00,245.768,246.023,245.683,245.752,47613
2022-05-12 14:39:00,245.699,245.875,245.555,245.76,77177
2022-05-12 14:38:00,246.023,246.106,245.634,245.726,50064
2022-05-12 14:37:00,245.738,246.091,245.673,246.047,30291
2022-05-12 14:36:00,245.758,245.865,245.663,245.742,33393
2022-05-12 14:35:00,246.161,246.196,245.722,245.791,49254
2022-05-12 14:34:00,245.768,246.219,245.693,246.174,53385
2022-05-12 14:33:00,245.748,245.904,245.634,245.801,63702
2022-05-12 14:32:00,246.043,246.126,245.644,245.752,91214
2022-05-12 14:31:00,246.239,246.533,245.987,246.066,65126
2022-05-12 14:30:00,246.485,246.553,246.125,246.214,42307
2022-05-12 14:29:00,246.338,246.622,246.262,246.513,22076
2022-05-12 14:28:00,246.603,246.73,246.115,246.332,55167
2022-05-12 14:27:00,246.338,246.838,246.262,246.616,247227
2022-05-12 14:26:00,246.475,246.504,246.253,246.293,32840
2022-05-12 14:25:00,246.426,246.563,246.135,246.469,77172
2022-05-12 14:24:00,246.2,246.533,246.174,246.459,22748
2022-05-12 14:23:00,246.564,246.676,246.248,246.278,59754
2022-05-12 14:22:00,246.927,246.985,246.518,246.626,57385
2022-05-12 14:21:00,247.104,247.133,246.79,246.945,56587
2022-05-12 14:20:00,246.662,247.3,246.557,247.117,73890
2022-05-12 14:19:00,246.557,246.808,246.39,246.705,61345
2022-05-12 14:18:00,246.387,246.828,246.302,246.612,236640
2022-05-12 14:17:00,246.397,246.543,246.164,246.435,55695
2022-05-12 14:16:00,246.446,246.563,246.272,246.4,103998
2022-05-12 14:15:00,246.338,246.563,246.203,246.351,105416
2022-05-12 14:14:00,246.117,246.465,246.091,246.376,67901
2022-05-12 14:13:00,246.171,246.327,246.027,246.096,36320
2022-05-12 14:12:00,246.379,246.592,246.115,246.184,49732
2022-05-12 14:11:00,246.239,246.474,246.027,246.4,57580
2022-05-12 14:10:00,245.807,246.288,245.771,246.243,45158
2022-05-12 14:09:00,245.994,246.052,245.742,245.832,99919
2022-05-12 14:08:00,246.269,246.376,246.017,246.076,44429
2022-05-12 14:07:00,246.534,246.691,246.125,246.292,45422
2022-05-12 14:06:00,246.2,246.563,246.105,246.528,56422
2022-05-12 14:05:00,246.474,246.612,246.164,246.204,53696
2022-05-12 14:04:00,246.681,246.72,246.184,246.479,59949
2022-05-12 14:03:00,246.475,246.779,246.37,246.705,37667
2022-05-12 14:02:00,246.534,246.632,246.307,246.494,78753
2022-05-12 14:01:00,246.308,246.632,246.213,246.538,96931
2022-05-12 14:00:00,246.151,246.553,246.076,246.322,96279
2022-05-12 13:59:00,246.151,246.357,246.046,246.184,105826
2022-05-12 13:58:00,246.878,246.907,246.095,246.125,113412
2022-05-12 13:57:00,246.436,247.029,246.39,246.889,82964
2022-05-12 13:56:00,245.969,246.612,245.82,246.43,76342
2022-05-12 13:55:00,246.043,246.111,245.85,245.988,53487
2022-05-12 13:54:00,246.23,246.278,245.889,246.039,61249
2022-05-12 13:53:00,246.102,246.288,245.919,246.219,87435
2022-05-12 13:52:00,246.276,246.435,246.076,246.106,116080
2022-05-12 13:51:00,246.681,246.769,246.213,246.282,88171
2022-05-12 13:50:00,246.161,246.759,246.027,246.632,81566
2022-05-12 13:49:00,246.436,246.484,246.13,246.16,42612
2022-05-12 13:48:00,246.495,246.7,246.253,246.469,65585
2022-05-12 13:47:00,246.789,246.818,246.39,246.528,194471
2022-05-12 13:46:00,247.02,247.069,246.655,246.793,119032
2022-05-12 13:45:00,247.133,247.319,246.979,247.039,63856
2022-05-12 13:44:00,247.339,247.516,247.117,247.157,69331
2022-05-12 13:43:00,247.565,247.673,247.292,247.383,49992
2022-05-12 13:42:00,247.428,247.624,247.225,247.569,47685
2022-05-12 13:41:00,247.42,247.584,247.353,247.422,30744
2022-05-12 13:40:00,247.53,247.57,247.377,247.432,30838
2022-05-12 13:39:00,247.349,247.722,247.294,247.54,44401
2022-05-12 13:38:00,247.575,247.614,247.245,247.383,93534
2022-05-12 13:37:00,247.811,247.928,247.5,247.559,48314
2022-05-12 13:36:00,248.351,248.4,247.785,247.854,49257
2022-05-12 13:35:00,248.165,248.36,248.03,248.335,36102
2022-05-12 13:34:00,248.322,248.527,248.095,248.208,24190
2022-05-12 13:33:00,247.939,248.488,247.844,248.335,40946
2022-05-12 13:32:00,248.882,248.92,247.912,247.962,47982
2022-05-12 13:31:00,248.96,249.068,248.619,248.934,39902
2022-05-12 13:30:00,248.595,248.979,248.315,248.934,39218
2022-05-12 13:29:00,248.106,248.685,247.981,248.601,34006
2022-05-12 13:28:00,248.4,248.429,247.991,248.09,36124
2022-05-12 13:27:00,248.449,248.557,248.148,248.384,46725
2022-05-12 13:26:00,248.548,248.596,248.217,248.434,53896
2022-05-12 13:25:00,248.322,248.567,248.099,248.512,53358
2022-05-12 13:24:00,248.243,248.41,248.138,248.237,42944
2022-05-12 13:23:00,248.312,248.4,248.03,248.227,34098
2022-05-12 13:22:00,248.783,248.837,248.174,248.345,43122
2022-05-12 13:21:00,248.548,248.979,248.482,248.718,69195
2022-05-12 13:20:00,248.145,248.655,248.119,248.566,65920
2022-05-12 13:19:00,248.135,248.311,247.873,248.163,100604
2022-05-12 13:18:00,248.449,248.527,248.089,248.119,38617
2022-05-12 13:17:00,248.273,248.645,248.197,248.483,56295
2022-05-12 13:16:00,248.705,248.911,248.187,248.276,62969
2022-05-12 13:15:00,248.518,248.812,248.364,248.689,38032
2022-05-12 13:14:00,248.567,248.655,248.276,248.542,71738
2022-05-12 13:13:00,249.078,249.117,248.472,248.581,103615
2022-05-12 13:12:00,248.882,249.382,248.816,249.072,89000
2022-05-12 13:11:00,248.685,248.94,248.529,248.846,114289
2022-05-12 13:10:00,248.96,249.009,248.629,248.679,71791
2022-05-12 13:09:00,248.994,249.362,248.777,248.979,116906
2022-05-12 13:08:00,249.25,249.333,248.944,249.023,39231
2022-05-12 13:07:00,249.338,249.416,248.939,249.217,66902
2022-05-12 13:06:00,249.186,249.687,249.13,249.327,51970
2022-05-12 13:05:00,249.54,249.569,249.061,249.19,75834
2022-05-12 13:04:00,250.394,250.433,249.385,249.514,78875
2022-05-12 13:03:00,250.492,250.61,250.181,250.388,49208
2022-05-12 13:02:00,250.208,250.63,250.122,250.516,40318
2022-05-12 13:01:00,249.815,250.384,249.719,250.29,54684
2022-05-12 13:00:00,250.07,250.296,249.739,249.828,42623
2022-05-12 12:59:00,250.247,250.325,249.945,250.074,40949
2022-05-12 12:58:00,250.885,250.983,250.152,250.236,44810
2022-05-12 12:57:00,250.674,251.239,250.613,250.85,29704
2022-05-12 12:56:00,250.384,250.738,250.25,250.673,28696
2022-05-12 12:55:00,250.885,250.915,250.328,250.378,32303
2022-05-12 12:54:00,251.17,251.239,250.633,250.879,29699
2022-05-12 12:53:00,250.856,251.219,250.78,251.194,39770
2022-05-12 12:52:00,250.787,250.934,250.407,250.879,33360
2022-05-12 12:51:00,250.954,251.17,250.741,250.811,26565
2022-05-12 12:50:00,250.944,251.209,250.819,250.968,56358
2022-05-12 12:49:00,251.077,251.121,250.751,250.973,48397
2022-05-12 12:48:00,251.367,251.563,251.055,251.115,32705
2022-05-12 12:47:00,251.607,251.789,251.291,251.405,26742
2022-05-12 12:46:00,251.514,251.74,251.428,251.636,32356
2022-05-12 12:45:00,251.848,251.877,251.399,251.528,73133
2022-05-12 12:44:00,251.406,251.858,251.31,251.832,35946
2022-05-12 12:43:00,250.581,251.474,250.456,251.37,41698
2022-05-12 12:42:00,250.158,250.689,250.122,250.575,48081
2022-05-12 12:41:00,250.306,250.463,250.122,250.162,38908
2022-05-12 12:40:00,251.033,251.081,250.188,250.329,49504
2022-05-12 12:39:00,251.386,251.504,250.976,251.036,21078
2022-05-12 12:38:00,251.111,251.445,251.085,251.361,18820
2022-05-12 12:37:00,251.023,251.474,250.996,251.144,27438
2022-05-12 12:36:00,251.732,251.808,250.986,251.017,62378
2022-05-12 12:35:00,251.465,251.72,251.261,251.665,94268
2022-05-12 12:34:00,251.111,251.524,251.085,251.41,74025
2022-05-12 12:33:00,251.298,251.425,250.957,251.086,46196
2022-05-12 12:32:00,251.091,251.337,250.8,251.311,50593
2022-05-12 12:31:00,250.217,251.317,250.191,251.095,86825
2022-05-12 12:30:00,250.306,250.551,250.122,250.28,109598
2022-05-12 12:29:00,250.502,250.639,250.269,250.3,65719
2022-05-12 12:28:00,251.062,251.14,250.495,250.526,49980
2022-05-12 12:27:00,250.797,251.278,250.77,251.056,62080
2022-05-12 12:26:00,250.591,250.954,250.505,250.84,41354
2022-05-12 12:25:00,250.65,250.846,250.436,250.614,45001
2022-05-12 12:24:00,250.355,250.738,250.22,250.683,40019
2022-05-12 12:23:00,250.345,250.492,250.053,250.29,41229
2022-05-12 12:22:00,250.473,250.59,250.043,250.339,28445
2022-05-12 12:21:00,250.139,250.806,250.063,250.477,48202
2022-05-12 12:20:00,250.129,250.355,249.719,250.182,31716
2022-05-12 12:19:00,249.805,250.266,249.729,250.143,48288
2022-05-12 12:18:00,249.766,249.883,249.454,249.858,71999
2022-05-12 12:17:00,250.031,250.138,249.631,249.789,67577
2022-05-12 12:16:00,250.276,250.59,250.004,250.035,52513
2022-05-12 12:15:00,250.237,250.649,250.181,250.31,59086
2022-05-12 12:14:00,250.099,250.512,249.985,250.251,53284
2022-05-12 12:13:00,250.095,250.384,249.852,250.123,40684
2022-05-12 12:12:00,250.699,250.748,249.955,250.075,43783
2022-05-12 12:11:00,250.365,250.973,250.26,250.732,69800
2022-05-12 12:10:00,250.374,250.414,249.597,250.349,72569
2022-05-12 12:09:00,250.433,250.668,250.24,250.369,59915
2022-05-12 12:08:00,250.483,250.63,250.21,250.467,51801
2022-05-12 12:07:00,250.355,250.679,250.23,250.496,47757
2022-05-12 12:06:00,249.959,250.63,249.921,250.369,52017
2022-05-12 12:05:00,250.335,250.404,249.877,249.995,61340
2022-05-12 12:04:00,249.795,250.423,249.744,250.329,54327
2022-05-12 12:03:00,249.402,250.06,249.236,249.789,85832
2022-05-12 12:02:00,249.677,249.893,249.385,249.416,123928
2022-05-12 12:01:00,249.918,249.991,249.503,249.691,72073
2022-05-12 12:00:00,250.276,250.423,249.906,249.936,49475
2022-05-12 11:59:00,250.527,250.639,250.269,250.3,58361
2022-05-12 11:58:00,250.728,250.905,250.466,250.534,32418
2022-05-12 11:57:00,251.006,251.035,250.662,250.742,43434
2022-05-12 11:56:00,251.239,251.347,250.918,251.017,44426
2022-05-12 11:55:00,251.602,251.779,251.222,251.253,49056
2022-05-12 11:54:00,251.445,251.799,251.379,251.675,23265
2022-05-12 11:53:00,251.072,251.73,251.026,251.474,42022
2022-05-12 11:52:00,251.573,251.602,251.026,251.056,56209
2022-05-12 11:51:00,252.162,252.359,251.389,251.582,47013
2022-05-12 11:50:00,252.398,252.437,251.978,252.166,41306
2022-05-12 11:49:00,252.467,252.624,252.253,252.402,39184
2022-05-12 11:48:00,252.545,252.643,252.273,252.49,40950
2022-05-12 11:47:00,252.81,253.056,252.342,252.48,48882
2022-05-12 11:46:00,253.095,253.125,252.636,252.824,37651
2022-05-12 11:45:00,253.233,253.331,252.823,253.06,27596
2022-05-12 11:44:00,253.468,253.655,253.078,253.197,59503
2022-05-12 11:43:00,253.243,253.763,253.216,253.502,38677
2022-05-12 11:42:00,253.91,254.107,253.187,253.256,50276
2022-05-12 11:41:00,253.932,254.068,253.717,253.905,45365
2022-05-12 11:40:00,253.802,253.989,253.53,253.954,21947
2022-05-12 11:39:00,253.4,254.028,253.299,253.826,49396
2022-05-12 11:38:00,253.449,253.527,253.068,253.394,31223
2022-05-12 11:37:00,253.665,253.842,253.363,253.492,41468
2022-05-12 11:36:00,253.444,253.93,253.275,253.708,51243
2022-05-12 11:35:00,253.351,253.704,253.244,253.453,69068
2022-05-12 11:34:00,253.046,253.39,253.019,253.296,30571
2022-05-12 11:33:00,253.4,253.537,252.823,253.089,71190
2022-05-12 11:32:00,253.468,253.636,253.167,253.355,55595
2022-05-12 11:31:00,254.166,254.215,253.245,253.453,77762
2022-05-12 11:30:00,254.431,254.736,254.06,254.14,56369
2022-05-12 11:29:00,254.519,254.755,254.227,254.405,41700
2022-05-12 11:28:00,254.395,254.638,254.267,254.435,49974
2022-05-12 11:27:00,254.303,254.638,254.227,254.396,44315
2022-05-12 11:26:00,255.021,255.089,254.252,254.317,65443
2022-05-12 11:25:00,254.244,255.174,254.124,255.024,124796
2022-05-12 11:24:00,254.382,254.569,254.001,254.258,54222
2022-05-12 11:23:00,254.303,254.647,254.158,254.385,46717
2022-05-12 11:22:00,254.254,254.706,254.06,254.273,75680
2022-05-12 11:21:00,254.873,254.913,254.129,254.302,159028
2022-05-12 11:20:00,254.667,255.03,254.532,254.905,59639
2022-05-12 11:19:00,254.785,254.927,254.581,254.651,49782
2022-05-12 11:18:00,254.402,254.844,254.355,254.752,60907
2022-05-12 11:17:00,254.657,254.736,254.345,254.405,69873
2022-05-12 11:16:00,254.745,254.844,254.591,254.641,41102
2022-05-12 11:15:00,254.559,254.917,254.492,254.69,96103
2022-05-12 11:14:00,254.343,254.863,254.286,254.533,100393
2022-05-12 11:13:00,254.313,254.529,254.198,254.396,94494
2022-05-12 11:12:00,254.952,254.981,254.237,254.356,105325
2022-05-12 11:11:00,254.922,255.227,254.758,254.956,65987
2022-05-12 11:10:00,255.168,255.286,254.669,254.877,116886
2022-05-12 11:09:00,254.755,255.234,254.65,255.172,93534
2022-05-12 11:08:00,254.657,254.913,254.453,254.72,105319
2022-05-12 11:07:00,254.323,254.692,254.07,254.651,99271
2022-05-12 11:06:00,253.645,254.353,253.618,254.312,73361
2022-05-12 11:05:00,254.244,254.353,253.51,253.674,104004
2022-05-12 11:04:00,253.763,254.304,253.609,254.278,88851
2022-05-12 11:03:00,253.321,253.744,253.019,253.718,51046
2022-05-12 11:02:00,253.056,253.449,252.941,253.348,36076
2022-05-12 11:01:00,253.292,253.469,252.725,253.07,64262
2022-05-12 11:00:00,253.773,253.911,253.196,253.266,63842
2022-05-12 10:59:00,253.822,254.068,253.677,253.747,69343
2022-05-12 10:58:00,253.567,254.058,253.206,253.806,87000
2022-05-12 10:57:00,253.852,254.284,253.471,253.58,126697
2022-05-12 10:56:00,253.223,253.97,253.186,253.826,79483
2022-05-12 10:55:00,253.036,253.351,252.754,253.237,67706
2022-05-12 10:54:00,252.918,253.203,252.646,252.986,102582
2022-05-12 10:53:00,252.27,253.125,252.096,252.932,138908
2022-05-12 10:52:00,252.295,252.373,251.89,252.274,98215
2022-05-12 10:51:00,251.681,252.417,251.576,252.264,100685
2022-05-12 10:50:00,250.846,251.818,250.81,251.685,70018
2022-05-12 10:49:00,250.846,251.042,250.436,250.82,79221
2022-05-12 10:48:00,250.63,251.121,250.574,250.869,68374
2022-05-12 10:47:00,250.532,250.915,250.436,250.678,78114
2022-05-12 10:46:00,250.286,250.62,249.985,250.477,65478
2022-05-12 10:45:00,250.217,250.531,249.857,250.211,80815
2022-05-12 10:44:00,250.6,250.659,249.67,250.221,111898
2022-05-12 10:43:00,251.244,251.386,250.387,250.653,74240
2022-05-12 10:42:00,250.748,251.533,250.692,251.262,56166
2022-05-12 10:41:00,251.042,251.229,250.544,250.752,72880
2022-05-12 10:40:00,252.005,252.044,250.8,251.056,59912
2022-05-12 10:39:00,251.739,252.142,251.664,251.989,50554
2022-05-12 10:38:00,250.797,251.74,250.76,251.714,94628
2022-05-12 10:37:00,251.357,251.573,250.652,250.752,61140
2022-05-12 10:36:00,251.201,251.71,251.094,251.282,70640
2022-05-12 10:35:00,251.19,251.435,250.888,251.184,60989
2022-05-12 10:34:00,251.254,251.406,250.859,251.194,52051
2022-05-12 10:33:00,252.015,252.221,251.085,251.213,42880
2022-05-12 10:32:00,251.74,252.26,251.615,251.95,61936
2022-05-12 10:31:00,252.732,252.771,251.566,251.91,80057
2022-05-12 10:30:00,252.594,253.105,252.567,252.765,66159
2022-05-12 10:29:00,252.221,252.629,252.008,252.559,80419
2022-05-12 10:28:00,252.437,252.751,251.782,252.254,63756
2022-05-12 10:27:00,252.447,252.683,252.175,252.441,79611
2022-05-12 10:26:00,252.781,252.81,252.106,252.588,93887
2022-05-12 10:25:00,253.154,253.263,252.332,252.834,87351
2022-05-12 10:24:00,253.095,253.645,252.725,253.217,98392
2022-05-12 10:23:00,252.427,253.292,252.391,253.109,85520
2022-05-12 10:22:00,252.663,252.894,252.381,252.588,80320
2022-05-12 10:21:00,252.162,252.742,251.821,252.669,83306
2022-05-12 10:20:00,252.506,252.702,252.076,252.173,73306
2022-05-12 10:19:00,251.887,252.761,251.811,252.539,63932
2022-05-12 10:18:00,251.677,252.064,251.65,251.871,73878
2022-05-12 10:17:00,252.261,252.427,251.488,251.586,69730
2022-05-12 10:16:00,251.985,252.594,251.959,252.294,59395
2022-05-12 10:15:00,251.592,252.083,251.183,252.058,74831
2022-05-12 10:14:00,251.57,252.162,251.301,251.607,58687
2022-05-12 10:13:00,252.378,252.437,251.242,251.636,125372
2022-05-12 10:12:00,252.359,252.742,252.155,252.341,124867
2022-05-12 10:11:00,251.966,252.427,251.9,252.402,86946
2022-05-12 10:10:00,252.246,252.457,251.684,251.994,115265
2022-05-12 10:09:00,251.499,252.594,251.468,252.225,105831
2022-05-12 10:08:00,251.804,251.848,251.026,251.517,91904
2022-05-12 10:07:00,250.875,251.848,250.8,251.803,81226
2022-05-12 10:06:00,251.357,251.504,250.79,250.889,79801
2022-05-12 10:05:00,250.581,251.425,250.407,251.4,70342
2022-05-12 10:04:00,250.257,250.693,249.808,250.49,112845
2022-05-12 10:03:00,250.104,250.59,249.965,250.251,73642
2022-05-12 10:02:00,250.178,250.305,249.651,250.123,69131
2022-05-12 10:01:00,249.937,250.345,249.552,250.182,85091
2022-05-12 10:00:00,250.227,250.256,249.071,250.005,120856
2022-05-12 09:59:00,250.443,250.581,249.945,250.251,79630
2022-05-12 09:58:00,250.758,250.787,250.26,250.398,84091
2022-05-12 09:57:00,251.317,251.445,250.49,250.742,102689
2022-05-12 09:56:00,250.424,251.582,250.161,251.361,83508
2022-05-12 09:55:00,251.594,251.651,250.054,250.408,106092
2022-05-12 09:54:00,251.71,252.113,251.428,251.601,120817
2022-05-12 09:53:00,250.983,251.916,250.918,251.621,96076
2022-05-12 09:52:00,251.357,252.048,250.976,251.017,87966
2022-05-12 09:51:00,250.954,251.533,250.731,251.37,97012
2022-05-12 09:50:00,251.445,252.015,250.868,250.978,68502
2022-05-12 09:49:00,252.83,253.007,251.124,251.449,101302
2022-05-12 09:48:00,252.717,253.302,252.646,252.814,121806
2022-05-12 09:47:00,251.879,252.83,251.743,252.699,115526
2022-05-12 09:46:00,251.057,251.966,250.829,251.881,85891
2022-05-12 09:45:00,251.091,251.327,250.505,251.061,72261
2022-05-12 09:44:00,251.337,251.494,250.476,251.105,94678
2022-05-12 09:43:00,250.433,251.484,250.397,251.38,163215
2022-05-12 09:42:00,250.63,251.062,250.176,250.418,106113
2022-05-12 09:41:00,249.304,250.806,249.277,250.604,214428
2022-05-12 09:40:00,248.548,249.5,248.452,249.308,201987
2022-05-12 09:39:00,248.705,248.96,248.482,248.581,117979
2022-05-12 09:38:00,249.207,249.51,248.502,248.689,98405
2022-05-12 09:37:00,249.972,250.05,249.16,249.219,135291
2022-05-12 09:36:00,250.532,250.581,249.926,249.985,130119
2022-05-12 09:35:00,249.991,251.042,249.965,250.536,153750
2022-05-12 09:34:00,251.229,251.258,249.927,249.976,225554
2022-05-12 09:33:00,251.347,251.916,250.937,251.253,183864
2022-05-12 09:32:00,253.071,253.1,251.065,251.311,185731
2022-05-12 09:31:00,253.576,253.94,253.014,253.099,133647
2022-05-12 09:30:00,253.046,253.753,252.548,253.639,847836
2022-05-12 09:29:00,252.742,252.86,252.597,252.834,832
2022-05-12 09:28:00,252.653,252.899,252.626,252.873,500
2022-05-12 09:27:00,252.683,253.046,252.567,252.637,4936
2022-05-12 09:26:00,253.125,253.382,252.725,252.922,4366
2022-05-12 09:25:00,253.95,253.989,253.383,253.413,9648
2022-05-12 09:24:00,254.097,254.127,254.07,254.101,284
2022-05-12 09:23:00,254.392,254.421,254.227,254.258,3782
2022-05-12 09:22:00,254.293,254.431,254.178,254.405,800
2022-05-12 09:21:00,253.901,254.323,253.874,254.297,14547
2022-05-12 09:20:00,253.773,253.832,253.746,253.806,2161
2022-05-12 09:19:00,253.518,253.547,253.491,253.521,200
2022-05-12 09:18:00,253.655,253.753,253.628,253.728,700
2022-05-12 09:17:00,253.596,253.832,253.569,253.777,2800
2022-05-12 09:16:00,253.38,253.724,253.275,253.413,6532
2022-05-12 09:15:00,253.694,253.724,253.383,253.413,11932
2022-05-12 09:14:00,253.557,253.731,253.53,253.698,4255
2022-05-12 09:12:00,253.4,253.537,253.373,253.423,1748
2022-05-12 09:11:00,253.262,253.537,253.101,253.132,1975
2022-05-12 09:10:00,253.41,253.439,253.108,253.345,2617
2022-05-12 09:09:00,253.213,253.439,253.186,253.217,7750
2022-05-12 09:08:00,253.144,253.193,253.039,253.168,984
2022-05-12 09:07:00,252.918,253.036,252.891,253.011,1000
2022-05-12 09:06:00,252.997,253.026,252.784,252.922,1796
2022-05-12 09:05:00,253.017,253.085,252.882,253.06,4870
2022-05-12 09:04:00,253.115,253.144,252.951,253.021,7277
2022-05-12 09:03:00,252.761,253.144,252.734,253.119,2685
2022-05-12 09:02:00,252.769,253.046,252.548,253.021,796
2022-05-12 09:01:00,252.928,252.958,252.597,252.628,5827
2022-05-12 09:00:00,253.017,253.192,252.99,253.03,400
2022-05-12 08:59:00,253.248,253.292,252.921,253.196,4608
2022-05-12 08:58:00,253.261,253.291,253.039,253.07,2236
2022-05-12 08:57:00,253.174,253.292,253.117,253.266,788
2022-05-12 08:56:00,253.4,253.439,253.098,253.168,2741
2022-05-12 08:55:00,253.115,253.292,252.99,253.03,1627
2022-05-12 08:54:00,252.977,253.056,252.951,253.03,800
2022-05-12 08:53:00,253.203,253.233,253.176,253.207,100
2022-05-12 08:52:00,253.213,253.243,253.186,253.217,500
2022-05-12 08:51:00,252.918,253.243,252.892,253.197,3908
2022-05-12 08:50:00,252.948,253.046,252.892,253.021,2027
2022-05-12 08:49:00,253.105,253.144,252.921,252.952,1103
2022-05-12 08:48:00,253.213,253.243,252.97,253.021,1538
2022-05-12 08:47:00,253.017,253.046,252.892,252.922,903
2022-05-12 08:46:00,253.036,253.233,252.646,252.677,1469
2022-05-12 08:45:00,253.017,253.046,252.99,253.021,1915
2022-05-12 08:44:00,253.046,253.154,252.99,253.119,739
2022-05-12 08:43:00,253.115,253.144,253.088,253.119,100
2022-05-12 08:42:00,253.793,253.832,253.088,253.119,1935
2022-05-12 08:41:00,253.37,253.832,253.343,253.806,15186
2022-05-12 08:40:00,252.997,253.292,252.847,253.266,2057
2022-05-12 08:39:00,252.771,253.026,252.676,253.001,1226
2022-05-12 08:38:00,252.918,252.948,252.892,252.922,100
2022-05-12 08:37:00,252.85,252.948,252.597,252.628,768
2022-05-12 08:36:00,252.722,252.889,252.548,252.579,300
2022-05-12 08:35:00,252.634,252.702,252.401,252.677,1802
2022-05-12 08:34:00,252.84,253.125,252.587,252.647,2292
2022-05-12 08:33:00,252.621,253.046,252.594,252.922,2205
2022-05-12 08:32:00,253.036,253.636,252.951,252.981,4800
2022-05-12 08:31:00,252.869,252.899,252.41,252.47,1413
2022-05-12 08:30:00,252.918,253.518,252.744,253.168,4098
2022-05-12 08:29:00,252.82,253.046,252.793,253.021,1404
2022-05-12 08:28:00,252.977,253.007,252.951,252.981,200
2022-05-12 08:26:00,252.742,253.341,252.715,253.276,3314
2022-05-12 08:25:00,252.899,253.154,252.705,252.746,1664
2022-05-12 08:24:00,252.869,252.899,252.774,252.804,5143
2022-05-12 08:23:00,252.958,252.988,252.931,252.962,150
2022-05-12 08:22:00,252.968,253.154,252.941,253.129,964
2022-05-12 08:21:00,253.115,253.144,253.088,253.119,100
2022-05-12 08:20:00,253.115,253.144,252.892,252.922,200
2022-05-12 08:19:00,253.38,253.41,252.954,252.985,300
2022-05-12 08:18:00,252.929,252.958,252.902,252.933,200
2022-05-12 08:16:00,253.213,253.439,253.186,253.296,3080
2022-05-12 08:15:00,252.928,253.193,252.901,253.168,2001
2022-05-12 08:14:00,252.689,253.144,252.662,253.119,2041
2022-05-12 08:13:00,252.868,253.154,252.841,253.129,318
2022-05-12 08:12:00,253.164,253.193,252.892,253.05,7026
2022-05-12 08:11:00,253.164,253.351,253.137,253.217,1100
2022-05-12 08:10:00,253.164,253.439,253.137,253.413,2690
2022-05-12 08:09:00,252.975,253.005,252.949,252.979,130
2022-05-12 08:08:00,253.193,253.223,252.895,252.926,1770
2022-05-12 08:07:00,253.193,253.223,253.167,253.197,600
2022-05-12 08:06:00,253.144,253.419,252.674,253.07,800
2022-05-12 08:05:00,253.085,253.193,253.039,253.168,513
2022-05-12 08:04:00,252.918,252.948,252.892,252.922,100
2022-05-12 08:03:00,252.477,252.506,252.45,252.48,1800
2022-05-12 08:02:00,252.427,252.604,252.401,252.579,495
2022-05-12 08:01:00,252.27,254.736,252.243,252.431,2511
2022-05-12 08:00:00,254.08,254.736,251.98,252.461,51733
2022-05-12 07:59:00,252.241,252.27,252.214,252.245,100
2022-05-12 07:58:00,252.309,252.339,252.145,252.176,1095
2022-05-12 07:57:00,253.115,253.144,251.939,252.176,4466
2022-05-12 07:56:00,253.066,253.105,253.039,253.079,2500
2022-05-12 07:55:00,252.968,252.997,252.734,252.765,1480
2022-05-12 07:54:00,252.997,253.026,252.97,253.001,100
2022-05-12 07:53:00,252.909,253.095,252.793,253.05,3691
2022-05-12 07:52:00,252.82,252.85,252.646,252.677,1550
2022-05-12 07:51:00,252.771,252.958,252.744,252.932,409
2022-05-12 07:50:00,253.026,253.135,252.774,252.804,3610
2022-05-12 07:49:00,253.164,253.243,253.019,253.05,735
2022-05-12 07:48:00,253.449,253.478,253.196,253.227,483
2022-05-12 07:47:00,253.527,253.557,253.392,253.463,624
2022-05-12 07:46:00,253.459,253.488,253.383,253.413,2297
2022-05-12 07:45:00,253.596,253.636,253.569,253.61,500
2022-05-12 07:44:00,253.419,253.449,253.392,253.423,596
2022-05-12 07:43:00,253.586,253.616,253.559,253.59,200
2022-05-12 07:42:00,253.793,253.832,253.766,253.806,881
2022-05-12 07:40:00,253.704,253.734,253.658,253.688,200
2022-05-12 07:38:00,253.783,253.812,253.756,253.787,100
2022-05-12 07:36:00,253.508,253.832,253.481,253.806,2696
2022-05-12 07:35:00,253.655,253.685,253.559,253.59,2421
2022-05-12 07:31:00,254.068,254.097,253.815,253.846,3779
2022-05-12 07:29:00,254.097,254.127,254.07,254.101,694
2022-05-12 07:27:00,254.195,254.225,254.168,254.199,266
2022-05-12 07:24:00,254.686,254.716,254.453,254.484,322
2022-05-12 07:23:00,254.303,254.421,254.276,254.396,831
2022-05-12 07:22:00,254.392,254.421,254.237,254.288,1004
2022-05-12 07:21:00,254.195,254.225,254.168,254.199,300
2022-05-12 07:19:00,254.244,254.274,254.217,254.248,123
2022-05-12 07:18:00,254.274,254.304,254.247,254.278,100
2022-05-12 07:16:00,254.205,254.412,254.178,254.239,400
2022-05-12 07:14:00,254.117,254.146,254.05,254.081,548
2022-05-12 07:13:00,253.802,253.832,253.775,253.806,196
2022-05-12 07:07:00,253.616,253.685,253.589,253.659,1020
2022-05-12 07:05:00,253.802,253.832,253.775,253.806,100
2022-05-12 07:03:00,253.871,253.96,253.844,253.914,300
2022-05-12 07:02:00,254.352,254.382,254.05,254.081,734
2022-05-12 07:01:00,254.077,254.107,254.05,254.081,230
2022-05-12 07:00:00,254.058,254.382,253.383,254.022,6419
2022-05-12 06:59:00,253.901,254.421,253.864,254.022,4775
2022-05-12 06:54:00,253.41,253.439,253.383,253.413,211
2022-05-12 06:52:00,252.968,252.997,252.941,252.971,111
2022-05-12 06:49:00,252.918,252.948,252.892,252.922,200
2022-05-12 06:47:00,253.026,253.056,253.0,253.03,100
2022-05-12 06:46:00,253.066,253.095,253.009,253.04,225
2022-05-12 06:42:00,253.292,253.321,253.265,253.296,166
2022-05-12 06:40:00,253.272,253.302,253.245,253.276,199
2022-05-12 06:39:00,253.282,253.311,253.235,253.266,1223
2022-05-12 06:38:00,253.429,253.459,253.402,253.433,100
2022-05-12 06:37:00,253.645,253.675,253.618,253.649,500
2022-05-12 06:33:00,253.262,253.292,253.235,253.266,265
2022-05-12 06:28:00,253.252,253.282,253.225,253.256,104
2022-05-12 06:15:00,252.82,252.85,252.793,252.824,342
2022-05-12 06:14:00,252.85,252.879,252.823,252.854,101
2022-05-12 06:12:00,253.017,253.046,252.99,253.021,100
2022-05-12 06:10:00,252.948,252.977,252.793,252.824,1408
2022-05-12 06:07:00,252.918,253.144,252.892,253.021,1272
2022-05-12 06:02:00,252.869,252.909,252.842,252.883,288
2022-05-12 05:59:00,252.771,252.81,252.744,252.785,574
2022-05-12 05:51:00,253.066,253.095,253.039,253.07,266
2022-05-12 05:49:00,253.095,253.125,253.039,253.07,3775
2022-05-12 05:48:00,253.066,253.095,253.039,253.07,100
2022-05-12 05:47:00,252.761,253.046,252.734,253.021,1666
2022-05-12 05:45:00,252.634,252.663,252.607,252.637,107
2022-05-12 05:41:00,252.653,252.683,252.626,252.657,154
2022-05-12 05:38:00,252.82,252.85,252.793,252.824,359
2022-05-12 05:34:00,252.545,252.604,252.518,252.579,400
2022-05-12 05:32:00,252.526,252.555,252.499,252.529,308
2022-05-12 05:31:00,252.82,252.85,252.784,252.814,1377
2022-05-12 05:30:00,252.82,252.86,252.793,252.834,316
2022-05-12 05:29:00,252.82,252.85,252.793,252.824,300
2022-05-12 05:28:00,252.526,252.555,252.499,252.529,108
2022-05-12 05:27:00,252.604,252.634,252.577,252.608,100
2022-05-12 05:23:00,252.918,252.948,252.892,252.922,121
2022-05-12 05:22:00,252.968,252.997,252.941,252.971,200
2022-05-12 05:20:00,253.115,253.144,253.088,253.119,3044
2022-05-12 05:19:00,253.115,253.144,253.088,253.119,333
2022-05-12 05:18:00,252.545,252.575,252.518,252.549,100
2022-05-12 05:16:00,252.604,252.634,252.577,252.608,100
2022-05-12 05:15:00,252.761,252.791,252.725,252.755,222
2022-05-12 05:13:00,252.614,252.643,252.587,252.618,200
2022-05-12 05:08:00,252.918,252.948,252.892,252.922,928
2022-05-12 05:04:00,252.918,252.948,252.892,252.922,277
2022-05-12 05:03:00,252.958,252.987,252.931,252.962,100
2022-05-12 05:02:00,253.017,253.046,252.99,253.021,318
2022-05-12 05:01:00,253.184,253.213,253.157,253.188,866
2022-05-12 05:00:00,253.184,253.213,253.157,253.188,480
2022-05-12 04:59:00,253.213,253.243,253.157,253.188,743
2022-05-12 04:56:00,253.184,253.223,253.157,253.197,361
2022-05-12 04:49:00,253.056,253.085,253.029,253.06,100
2022-05-12 04:47:00,252.918,252.958,252.892,252.932,964
2022-05-12 04:40:00,253.557,253.586,253.53,253.561,100
2022-05-12 04:37:00,253.557,253.586,253.53,253.561,100
2022-05-12 04:29:00,253.802,253.832,253.775,253.806,500
2022-05-12 04:15:00,253.793,254.225,253.766,254.013,586
2022-05-12 04:12:00,253.606,253.636,253.579,253.61,1000
2022-05-12 04:11:00,253.429,253.459,253.383,253.433,891
2022-05-12 04:10:00,253.41,254.028,253.373,253.433,2369
2022-05-12 04:09:00,253.115,253.243,253.088,253.178,324
2022-05-12 04:08:00,253.125,253.154,253.098,253.129,108
2022-05-12 04:07:00,253.223,253.252,253.049,253.079,615
2022-05-12 04:06:00,253.41,253.439,253.383,253.413,115
2022-05-12 04:05:00,253.468,253.537,253.442,253.512,410
2022-05-12 04:04:00,253.419,253.449,253.392,253.423,665
2022-05-12 04:03:00,253.94,253.97,253.392,253.423,1840
2022-05-12 04:02:00,253.94,254.107,253.893,253.973,630
2022-05-12 04:01:00,254.627,254.657,254.6,254.631,150
2022-05-12 04:00:00,254.981,255.011,254.954,254.985,127
2022-05-11 19:58:00,256.651,256.877,256.624,256.851,2397
2022-05-11 19:57:00,256.651,256.681,256.624,256.655,951
2022-05-11 19:56:00,256.513,256.543,256.486,256.517,1153
2022-05-11 19:54:00,256.553,256.583,256.525,256.557,600
2022-05-11 19:53:00,256.651,256.681,256.525,256.606,800
2022-05-11 19:51:00,256.366,256.396,256.339,256.37,300
2022-05-11 19:49:00,256.641,256.671,256.594,256.625,313
2022-05-11 19:46:00,256.828,256.877,256.8,256.851,972
2022-05-11 19:45:00,256.847,256.877,256.8,256.832,256
2022-05-11 19:44:00,256.818,256.848,256.574,256.802,994
2022-05-11 19:43:00,256.602,256.848,256.574,256.822,700
2022-05-11 19:42:00,256.612,256.641,256.574,256.606,1108
2022-05-11 19:41:00,256.602,256.632,256.574,256.606,249
2022-05-11 19:40:00,256.346,256.867,255.74,256.841,1697
2022-05-11 19:39:00,256.032,256.278,256.005,256.252,760
2022-05-11 19:38:00,256.032,256.062,256.005,256.036,705
2022-05-11 19:37:00,255.845,255.875,255.818,255.849,413
2022-05-11 19:34:00,255.806,255.865,255.779,255.84,309
2022-05-11 19:33:00,255.394,255.777,255.347,255.751,1946
2022-05-11 19:32:00,255.58,255.787,255.435,255.466,1201
2022-05-11 19:30:00,255.521,255.551,255.494,255.525,1682
2022-05-11 19:29:00,255.629,255.659,255.406,255.437,7110
2022-05-11 19:28:00,255.718,255.748,255.691,255.722,100
2022-05-11 19:27:00,255.767,255.797,255.74,255.771,843
2022-05-11 19:26:00,256.071,256.101,255.838,255.869,622
2022-05-11 19:23:00,256.042,256.131,256.015,256.105,262
2022-05-11 19:16:00,256.268,256.298,256.241,256.272,360
2022-05-11 19:14:00,256.356,256.386,256.329,256.36,200
2022-05-11 19:13:00,256.543,256.661,256.516,256.635,333
2022-05-11 19:11:00,256.543,256.573,256.427,256.458,200
2022-05-11 19:10:00,256.553,256.583,256.427,256.458,375
2022-05-11 19:09:00,256.484,256.514,256.457,256.488,993
2022-05-11 19:07:00,256.474,256.504,256.447,256.478,250
2022-05-11 19:06:00,256.533,256.858,256.506,256.832,458
2022-05-11 19:04:00,256.572,256.602,256.525,256.576,424
2022-05-11 19:03:00,256.356,256.867,256.329,256.841,401
2022-05-11 19:02:00,256.336,256.583,256.309,256.557,1069
2022-05-11 18:59:00,256.219,256.386,256.172,256.36,3304
2022-05-11 18:58:00,256.219,256.249,256.191,256.223,100
2022-05-11 18:57:00,255.875,255.905,255.848,255.879,247
2022-05-11 18:55:00,256.356,256.455,256.329,256.429,450
2022-05-11 18:51:00,255.914,255.944,255.887,255.918,116
2022-05-11 18:50:00,256.042,256.072,256.015,256.046,113
2022-05-11 18:45:00,256.13,256.16,256.103,256.134,912
2022-05-11 18:44:00,255.914,255.944,255.887,255.918,200
2022-05-11 18:40:00,255.806,255.846,255.779,255.82,512
2022-05-11 18:39:00,255.993,256.023,255.838,255.869,6928
2022-05-11 18:37:00,256.111,256.239,256.074,256.213,866
2022-05-11 18:36:00,255.914,255.944,255.887,255.918,600
2022-05-11 18:33:00,255.914,255.944,255.73,255.869,367
2022-05-11 18:25:00,255.57,255.6,255.465,255.496,230
2022-05-11 18:23:00,255.511,255.541,255.445,255.476,435
2022-05-11 18:22:00,255.61,255.915,255.583,255.741,2622
2022-05-11 18:20:00,255.502,255.531,255.425,255.456,224
2022-05-11 18:19:00,255.502,255.531,255.465,255.496,1100
2022-05-11 18:18:00,255.826,255.856,255.494,255.525,749
2022-05-11 18:17:00,255.511,255.541,255.484,255.515,100
2022-05-11 18:15:00,255.816,255.846,255.789,255.82,100
2022-05-11 18:14:00,255.836,255.865,255.396,255.427,2145
2022-05-11 18:10:00,256.14,256.17,256.113,256.144,100
2022-05-11 18:09:00,256.101,256.131,256.074,256.105,153
2022-05-11 18:07:00,256.061,256.091,256.034,256.065,1288
2022-05-11 18:06:00,255.993,256.023,255.966,255.997,100
2022-05-11 18:01:00,256.16,256.19,256.133,256.164,300
2022-05-11 17:59:00,256.301,256.331,256.274,256.305,100
2022-05-11 17:53:00,256.081,256.111,256.034,256.065,308
2022-05-11 17:52:00,256.063,256.093,256.036,256.067,100
2022-05-11 17:51:00,256.064,256.094,256.034,256.065,495
2022-05-11 17:50:00,256.052,256.082,256.024,256.056,146
2022-05-11 17:49:00,256.061,256.091,256.034,256.065,100
2022-05-11 17:48:00,255.868,255.898,255.841,255.872,300
2022-05-11 17:45:00,256.012,256.042,255.985,256.016,500
2022-05-11 17:42:00,255.963,255.993,255.75,255.781,600
2022-05-11 17:40:00,255.816,255.846,255.789,255.82,192
2022-05-11 17:39:00,255.816,255.846,255.671,255.81,530
2022-05-11 17:38:00,255.796,255.826,255.769,255.8,100
2022-05-11 17:36:00,255.845,255.875,255.818,255.849,138
2022-05-11 17:34:00,255.629,255.659,255.602,255.633,200
2022-05-11 17:33:00,255.629,255.659,255.602,255.633,100
2022-05-11 17:32:00,255.61,255.639,255.583,255.614,100
2022-05-11 17:31:00,255.698,255.728,255.661,255.692,200
2022-05-11 17:29:00,255.875,255.905,255.848,255.879,282
2022-05-11 17:28:00,256.007,256.042,255.877,255.908,807
2022-05-11 17:26:00,255.904,255.934,255.877,255.908,100
2022-05-11 17:25:00,255.993,256.023,255.965,255.997,300
2022-05-11 17:23:00,255.924,255.954,255.887,255.918,200
2022-05-11 17:22:00,255.914,255.944,255.887,255.918,100
2022-05-11 17:21:00,256.06,256.121,256.033,256.095,500
2022-05-11 17:18:00,255.934,255.964,255.907,255.938,469
2022-05-11 17:17:00,255.914,255.973,255.887,255.948,200
2022-05-11 17:16:00,255.934,255.964,255.887,255.918,468
2022-05-11 17:14:00,255.983,256.013,255.946,255.977,1186
2022-05-11 17:13:00,256.248,256.278,256.034,256.065,466
2022-05-11 17:12:00,256.246,256.275,256.218,256.25,190
2022-05-11 17:11:00,256.061,256.091,256.034,256.065,100
2022-05-11 17:10:00,256.052,256.111,255.887,255.918,8897
2022-05-11 17:09:00,256.022,256.052,255.985,256.016,1903
2022-05-11 17:08:00,256.022,256.052,255.995,256.026,100
2022-05-11 17:07:00,256.376,256.406,255.985,256.016,4440
2022-05-11 17:06:00,256.376,256.406,256.349,256.38,2260
2022-05-11 17:05:00,256.641,256.671,256.329,256.36,400
2022-05-11 17:04:00,256.503,256.533,256.329,256.36,3490
2022-05-11 17:03:00,256.504,256.533,256.476,256.508,100
2022-05-11 17:02:00,256.454,256.484,256.427,256.458,100
2022-05-11 17:01:00,256.572,256.602,256.447,256.478,200
2022-05-11 17:00:00,256.641,256.671,256.614,256.645,100
2022-05-11 16:58:00,256.641,256.671,256.614,256.645,100
2022-05-11 16:57:00,256.645,256.681,256.618,256.655,400
2022-05-11 16:56:00,256.651,256.681,256.624,256.655,122
2022-05-11 16:55:00,256.749,256.858,256.722,256.832,3500
2022-05-11 16:54:00,256.754,256.784,256.722,256.753,398
2022-05-11 16:53:00,256.651,256.779,256.624,256.753,495
2022-05-11 16:52:00,256.749,256.779,256.722,256.753,550
2022-05-11 16:50:00,256.72,256.749,255.887,255.918,29006
2022-05-11 16:49:00,256.405,256.749,256.378,256.724,850
2022-05-11 16:48:00,256.533,256.563,256.378,256.409,966
2022-05-11 16:46:00,256.405,256.671,256.378,256.645,291
2022-05-11 16:44:00,256.553,256.583,256.486,256.517,783
2022-05-11 16:42:00,256.464,256.504,256.329,256.478,1704
2022-05-11 16:40:00,256.445,256.533,256.417,256.507,1141
2022-05-11 16:39:00,256.356,256.386,256.329,256.36,253
2022-05-11 16:37:00,256.324,256.386,256.297,256.36,620
2022-05-11 16:36:00,256.17,256.199,256.142,256.173,4794
2022-05-11 16:35:00,256.307,256.337,256.27,256.311,1564
2022-05-11 16:33:00,256.258,256.288,256.133,256.164,2448
2022-05-11 16:32:00,256.189,256.219,256.162,256.193,700
2022-05-11 16:31:00,256.376,256.406,256.349,256.38,174
2022-05-11 16:30:00,256.405,256.435,256.349,256.38,750
2022-05-11 16:29:00,256.356,256.425,256.329,256.399,3250
2022-05-11 16:28:00,256.425,256.455,256.133,256.164,1634
2022-05-11 16:27:00,256.602,256.72,256.506,256.557,7098
2022-05-11 16:26:00,256.7,256.73,256.673,256.704,200
2022-05-11 16:25:00,256.7,256.73,256.574,256.606,1129
2022-05-11 16:24:00,255.914,255.944,255.887,255.918,5416
2022-05-11 16:23:00,256.847,256.877,256.81,256.841,400
2022-05-11 16:21:00,256.847,256.877,256.82,256.851,100
2022-05-11 16:20:00,255.914,255.944,255.887,255.918,3729
2022-05-11 16:19:00,256.947,257.005,256.82,256.851,3888
2022-05-11 16:18:00,257.191,257.26,255.887,257.048,8353
2022-05-11 16:17:00,256.995,257.25,256.967,257.224,3483
2022-05-11 16:16:00,257.044,257.123,256.967,257.097,1603
2022-05-11 16:15:00,257.044,257.074,257.016,257.048,302
2022-05-11 16:14:00,257.162,257.359,255.887,257.333,36672
2022-05-11 16:13:00,256.749,256.926,256.722,256.9,2504
2022-05-11 16:12:00,256.72,256.807,256.692,256.753,652
2022-05-11 16:11:00,256.72,256.749,256.692,256.724,217
2022-05-11 16:10:00,256.553,256.622,256.437,256.517,1089
2022-05-11 16:09:00,256.651,256.681,256.388,256.419,1746
2022-05-11 16:08:00,256.749,256.818,256.525,256.782,3697
2022-05-11 16:07:00,256.749,256.818,255.887,255.918,111548
2022-05-11 16:06:00,256.788,256.828,256.28,256.743,2744
2022-05-11 16:05:00,256.356,256.848,256.329,256.802,3164
2022-05-11 16:04:00,256.16,256.337,256.083,256.311,14137
2022-05-11 16:03:00,256.061,256.19,256.034,256.164,3437
2022-05-11 16:02:00,256.061,256.122,255.887,256.065,1036678
2022-05-11 16:01:00,255.953,256.101,255.887,255.918,43943
2022-05-11 16:00:00,256.022,256.062,255.877,255.918,3818287
2022-05-11 15:59:00,255.531,256.18,255.455,256.026,531635
2022-05-11 15:58:00,255.649,255.767,255.298,255.525,246331
2022-05-11 15:57:00,255.482,255.669,255.207,255.623,154300
2022-05-11 15:56:00,255.492,255.659,255.298,255.456,139480
2022-05-11 15:55:00,255.472,256.072,255.376,255.506,174988
2022-05-11 15:54:00,254.902,255.718,254.659,255.447,208420
2022-05-11 15:53:00,255.187,255.266,254.713,254.906,147222
2022-05-11 15:52:00,255.354,255.669,255.072,255.221,113757
2022-05-11 15:51:00,255.069,255.482,254.944,255.437,155245
2022-05-11 15:50:00,255.138,255.517,255.013,255.083,186720
2022-05-11 15:49:00,255.737,255.836,254.954,255.083,164637
2022-05-11 15:48:00,255.128,255.806,255.091,255.748,154080
2022-05-11 15:47:00,255.148,255.296,255.072,255.142,91101
2022-05-11 15:46:00,255.153,255.423,254.925,255.172,132818
2022-05-11 15:45:00,255.516,255.59,255.091,255.172,315056
2022-05-11 15:44:00,255.561,255.669,255.366,255.53,149306
2022-05-11 15:43:00,255.561,255.708,255.435,255.586,108033
2022-05-11 15:42:00,255.678,255.969,255.484,255.56,95694
2022-05-11 15:41:00,255.6,255.846,255.376,255.682,228306
2022-05-11 15:40:00,255.649,255.856,255.504,255.604,139906
2022-05-11 15:39:00,256.111,256.209,255.553,255.677,97326
2022-05-11 15:38:00,255.973,256.16,255.651,256.075,108774
2022-05-11 15:37:00,256.15,256.445,255.867,255.977,96856
2022-05-11 15:36:00,255.973,256.376,255.848,256.115,84962
2022-05-11 15:35:00,256.435,256.524,255.75,255.987,161545
2022-05-11 15:34:00,256.67,256.74,256.26,256.458,74455
2022-05-11 15:33:00,256.945,257.034,256.545,256.686,61658
2022-05-11 15:32:00,256.513,257.044,256.417,256.959,69190
2022-05-11 15:31:00,256.651,256.808,256.29,256.537,118642
2022-05-11 15:30:00,256.562,256.74,256.241,256.606,113034
2022-05-11 15:29:00,256.68,256.71,256.329,256.596,48646
2022-05-11 15:28:00,256.602,256.769,256.418,256.714,89289
2022-05-11 15:27:00,257.093,257.231,256.457,256.615,55066
2022-05-11 15:26:00,256.386,257.192,256.319,257.097,62907
2022-05-11 15:25:00,256.366,256.691,256.25,256.399,52300
2022-05-11 15:24:00,256.562,256.602,256.26,256.38,60383
2022-05-11 15:23:00,256.366,256.73,256.25,256.649,60754
2022-05-11 15:22:00,256.651,256.769,256.191,256.419,76696
2022-05-11 15:21:00,256.602,257.044,256.545,256.635,73656
2022-05-11 15:20:00,256.867,256.966,256.516,256.606,55873
2022-05-11 15:19:00,256.916,257.319,256.849,256.891,49533
2022-05-11 15:18:00,256.906,257.034,256.673,256.969,77603
2022-05-11 15:17:00,256.67,257.015,256.427,256.915,58034
2022-05-11 15:16:00,256.238,256.789,256.083,256.635,71618
2022-05-11 15:15:00,256.755,256.838,256.162,256.223,93823
2022-05-11 15:14:00,256.739,256.823,256.607,256.797,52227
2022-05-11 15:13:00,256.945,257.093,256.628,256.773,52909
2022-05-11 15:12:00,257.505,257.732,256.903,256.979,82920
2022-05-11 15:11:00,257.103,257.545,257.066,257.519,56288
2022-05-11 15:10:00,256.975,257.28,256.8,257.087,61520
2022-05-11 15:09:00,256.887,257.27,256.781,257.057,52353
2022-05-11 15:08:00,256.7,256.975,256.574,256.881,59006
2022-05-11 15:07:00,256.965,257.103,256.565,256.763,51113
2022-05-11 15:06:00,256.769,257.27,256.732,257.028,154352
2022-05-11 15:05:00,256.592,256.808,256.408,256.745,52848
2022-05-11 15:04:00,257.004,257.034,256.486,256.606,71526
2022-05-11 15:03:00,257.044,257.192,256.889,257.023,36477
2022-05-11 15:02:00,257.142,257.172,256.791,257.057,42412
2022-05-11 15:01:00,256.786,257.368,256.722,257.175,67508
2022-05-11 15:00:00,256.808,256.995,256.56,256.781,57507
2022-05-11 14:59:00,256.965,257.123,256.741,256.92,62913
2022-05-11 14:58:00,256.837,257.309,256.751,256.949,54125
2022-05-11 14:57:00,256.906,257.083,256.732,256.832,50962
2022-05-11 14:56:00,257.142,257.526,256.803,256.959,66318
2022-05-11 14:55:00,257.171,257.319,256.928,257.175,53676
2022-05-11 14:54:00,256.995,257.25,256.899,257.185,55040
2022-05-11 14:53:00,257.191,257.309,256.904,256.999,52391
2022-05-11 14:52:00,257.515,257.615,256.977,257.195,73104
2022-05-11 14:51:00,257.662,257.791,257.164,257.549,65019
2022-05-11 14:50:00,258.104,258.351,257.449,257.667,73806
2022-05-11 14:49:00,258.296,258.488,257.822,258.128,62873
2022-05-11 14:48:00,258.213,258.459,257.94,258.305,49629
2022-05-11 14:47:00,258.596,258.675,258.048,258.236,44219
2022-05-11 14:46:00,259.303,259.343,258.382,258.531,90382
2022-05-11 14:45:00,259.372,259.753,259.207,259.307,70848
2022-05-11 14:44:00,258.684,259.471,258.627,259.395,104477
2022-05-11 14:43:00,258.529,258.901,258.49,258.737,47689
2022-05-11 14:42:00,258.006,258.822,257.979,258.496,56568
2022-05-11 14:41:00,258.281,258.488,257.763,258.0,50502
2022-05-11 14:40:00,258.291,258.704,258.215,258.374,82454
2022-05-11 14:39:00,257.967,258.547,257.881,258.295,58464
2022-05-11 14:38:00,258.255,258.52,257.822,257.973,52988
2022-05-11 14:37:00,258.144,258.498,258.116,258.233,28263
2022-05-11 14:36:00,258.285,258.655,258.107,258.177,42177
2022-05-11 14:35:00,258.37,258.429,257.969,258.295,72668
2022-05-11 14:34:00,258.006,258.38,257.92,258.354,75168
2022-05-11 14:33:00,257.702,258.321,257.478,258.04,81248
2022-05-11 14:32:00,257.829,258.194,257.665,257.716,54471
2022-05-11 14:31:00,257.633,258.007,257.596,257.843,49370
2022-05-11 14:30:00,257.908,258.036,257.458,257.616,61159
2022-05-11 14:29:00,258.173,258.203,257.77,257.912,40186
2022-05-11 14:28:00,257.829,258.282,257.655,258.099,40472
2022-05-11 14:27:00,258.036,258.184,257.714,257.863,44068
2022-05-11 14:26:00,258.674,258.753,258.008,258.059,63610
2022-05-11 14:25:00,258.184,258.92,258.085,258.668,73802
2022-05-11 14:24:00,258.203,258.361,258.018,258.177,86324
2022-05-11 14:23:00,257.77,258.282,257.704,258.232,54901
2022-05-11 14:22:00,257.427,257.86,257.164,257.833,44272
2022-05-11 14:21:00,257.407,257.535,257.075,257.426,59962
2022-05-11 14:20:00,257.574,257.653,257.016,257.426,62064
2022-05-11 14:19:00,257.957,257.987,257.527,257.578,45466
2022-05-11 14:18:00,257.623,258.164,257.557,257.971,64967
2022-05-11 14:17:00,257.495,257.614,257.291,257.558,31919
2022-05-11 14:16:00,257.329,257.565,257.183,257.524,21545
2022-05-11 14:15:00,257.564,257.722,257.232,257.342,49622
2022-05-11 14:14:00,257.363,257.634,257.175,257.558,38983
2022-05-11 14:13:00,257.22,257.457,257.041,257.362,69866
2022-05-11 14:12:00,257.22,257.319,257.026,257.215,68118
2022-05-11 14:11:00,256.803,257.388,256.761,257.234,57456
2022-05-11 14:10:00,256.7,257.093,256.447,256.822,61932
2022-05-11 14:09:00,256.916,257.064,256.673,256.724,38734
2022-05-11 14:08:00,257.112,257.339,256.781,256.959,47588
2022-05-11 14:07:00,257.053,257.329,256.82,257.107,38880
2022-05-11 14:06:00,257.329,257.565,256.977,257.038,35311
2022-05-11 14:05:00,257.535,257.663,257.174,257.341,47067
2022-05-11 14:04:00,257.24,257.613,257.193,257.529,64655
2022-05-11 14:03:00,257.211,257.453,257.134,257.274,35913
2022-05-11 14:02:00,257.358,257.791,257.144,257.249,53796
2022-05-11 14:01:00,257.24,257.643,257.174,257.391,52703
2022-05-11 14:00:00,256.769,257.486,256.66,257.224,83705
2022-05-11 13:59:00,256.808,257.034,256.599,256.718,78438
2022-05-11 13:58:00,257.289,257.319,256.624,256.822,56559
2022-05-11 13:57:00,257.142,257.457,257.085,257.264,27576
2022-05-11 13:56:00,257.319,257.367,256.977,257.146,37020
2022-05-11 13:55:00,257.417,257.781,257.301,257.333,57823
2022-05-11 13:54:00,257.152,257.467,257.036,257.391,41259
2022-05-11 13:53:00,257.554,257.683,257.183,257.264,49801
2022-05-11 13:52:00,257.44,257.683,257.321,257.549,30751
2022-05-11 13:51:00,257.682,257.791,257.37,257.47,43446
2022-05-11 13:50:00,257.613,257.899,257.39,257.706,67995
2022-05-11 13:49:00,257.132,257.643,257.095,257.588,52252
2022-05-11 13:48:00,256.832,257.221,256.702,257.126,77833
2022-05-11 13:47:00,257.034,257.211,256.795,256.832,51711
2022-05-11 13:46:00,257.456,257.496,256.967,257.033,97591
2022-05-11 13:45:00,257.731,257.801,257.36,257.499,54427
2022-05-11 13:44:00,257.8,257.918,257.645,257.751,49187
2022-05-11 13:43:00,257.947,257.977,257.596,257.794,47223
2022-05-11 13:42:00,257.508,257.968,257.468,257.892,35475
2022-05-11 13:41:00,257.736,257.766,257.478,257.509,61550
2022-05-11 13:40:00,257.888,257.918,257.616,257.725,52852
2022-05-11 13:39:00,258.173,258.203,257.877,257.908,42957
2022-05-11 13:38:00,258.399,258.577,258.156,258.187,35820
2022-05-11 13:37:00,258.723,258.773,258.359,258.452,71866
2022-05-11 13:36:00,258.694,259.048,258.519,258.766,30101
2022-05-11 13:35:00,258.9,259.176,258.676,258.767,31478
2022-05-11 13:34:00,258.586,259.107,258.509,258.924,56138
2022-05-11 13:33:00,258.861,258.93,258.465,258.58,31402
2022-05-11 13:32:00,258.772,259.038,258.669,258.884,34204
2022-05-11 13:31:00,258.34,258.891,258.234,258.791,36708
2022-05-11 13:30:00,258.593,258.655,258.175,258.374,43500
2022-05-11 13:29:00,258.674,258.773,258.431,258.625,27547
2022-05-11 13:28:00,259.038,259.078,258.568,258.708,32331
2022-05-11 13:27:00,258.861,259.215,258.794,259.081,30434
2022-05-11 13:26:00,259.155,259.195,258.823,258.855,31080
2022-05-11 13:25:00,259.185,259.382,259.069,259.179,36121
2022-05-11 13:24:00,258.674,259.382,258.647,259.169,45692
2022-05-11 13:23:00,258.473,258.822,258.323,258.634,30834
2022-05-11 13:22:00,258.409,258.547,258.146,258.472,36850
2022-05-11 13:21:00,258.32,258.449,257.979,258.423,52531
2022-05-11 13:20:00,258.635,258.753,258.175,258.334,25756
2022-05-11 13:19:00,258.792,258.842,258.529,258.639,16365
2022-05-11 13:18:00,258.792,259.028,258.666,258.825,17033
2022-05-11 13:17:00,258.755,258.989,258.687,258.806,25891
2022-05-11 13:16:00,259.185,259.274,258.735,258.767,28111
2022-05-11 13:15:00,258.556,259.195,258.529,259.15,53455
2022-05-11 13:14:00,258.713,258.744,258.46,258.6,25727
2022-05-11 13:13:00,258.777,258.94,258.49,258.737,24955
2022-05-11 13:12:00,258.61,258.852,258.431,258.786,28259
2022-05-11 13:11:00,258.674,258.803,258.47,258.6,49811
2022-05-11 13:10:00,258.291,258.812,258.175,258.659,47354
2022-05-11 13:09:00,258.271,258.351,258.116,258.246,28833
2022-05-11 13:08:00,258.158,258.449,258.048,258.266,62414
2022-05-11 13:07:00,257.604,258.272,257.576,258.167,57092
2022-05-11 13:06:00,258.134,258.164,257.586,257.657,55053
2022-05-11 13:05:00,258.203,258.252,257.802,258.138,63327
2022-05-11 13:04:00,258.149,258.302,258.028,258.219,58439
2022-05-11 13:03:00,258.33,258.616,258.136,258.187,52808
2022-05-11 13:02:00,258.173,258.458,257.959,258.374,66449
2022-05-11 13:01:00,258.34,258.385,258.097,258.197,70749
2022-05-11 13:00:00,258.586,258.655,258.234,258.329,132820
2022-05-11 12:59:00,259.003,259.156,258.568,258.6,110514
2022-05-11 12:58:00,258.758,259.048,258.598,259.002,62240
2022-05-11 12:57:00,259.106,259.137,258.735,258.776,100077
2022-05-11 12:56:00,259.579,259.629,259.049,259.11,70929
2022-05-11 12:55:00,259.597,259.716,259.423,259.592,50376
2022-05-11 12:54:00,259.804,259.834,259.55,259.611,16462
2022-05-11 12:53:00,259.804,259.883,259.462,259.808,43946
2022-05-11 12:52:00,259.863,259.967,259.717,259.803,22947
2022-05-11 12:51:00,259.823,259.972,259.688,259.876,55788
2022-05-11 12:50:00,260.02,260.07,259.702,259.835,50834
2022-05-11 12:49:00,260.02,260.335,259.825,260.014,76371
2022-05-11 12:48:00,259.843,260.188,259.737,260.004,58031
2022-05-11 12:47:00,259.98,260.021,259.776,259.837,28583
2022-05-11 12:46:00,259.872,260.08,259.698,259.985,50563
2022-05-11 12:45:00,259.882,260.099,259.698,259.886,43246
2022-05-11 12:44:00,259.633,260.03,259.58,259.906,41927
2022-05-11 12:43:00,259.902,259.972,259.56,259.641,50056
2022-05-11 12:42:00,260.157,260.227,259.894,259.926,28846
2022-05-11 12:41:00,260.344,260.512,260.16,260.192,31572
2022-05-11 12:40:00,259.961,260.561,259.879,260.377,39408
2022-05-11 12:39:00,259.941,260.227,259.865,260.024,44571
2022-05-11 12:38:00,260.157,260.188,259.835,259.955,45493
2022-05-11 12:37:00,260.255,260.325,259.884,260.142,38011
2022-05-11 12:36:00,260.246,260.522,260.149,260.26,50565
2022-05-11 12:35:00,259.735,260.639,259.619,260.171,67718
2022-05-11 12:34:00,259.578,259.922,259.491,259.778,29486
2022-05-11 12:33:00,259.755,259.854,259.54,259.582,37334
2022-05-11 12:32:00,259.809,259.932,259.678,259.768,38658
2022-05-11 12:31:00,259.548,260.089,259.511,259.837,55356
2022-05-11 12:30:00,259.627,259.696,259.413,259.582,40785
2022-05-11 12:29:00,260.275,260.335,259.403,259.66,97733
2022-05-11 12:28:00,260.658,260.689,260.081,260.279,59223
2022-05-11 12:27:00,261.267,261.298,260.591,260.663,33702
2022-05-11 12:26:00,261.218,261.484,261.161,261.222,22940
2022-05-11 12:25:00,261.424,261.543,261.053,261.232,34389
2022-05-11 12:24:00,261.208,261.592,261.141,261.468,36850
2022-05-11 12:23:00,260.855,261.425,260.758,261.227,59470
2022-05-11 12:22:00,260.766,260.934,260.66,260.869,20060
2022-05-11 12:21:00,260.747,261.091,260.689,260.795,31446
2022-05-11 12:20:00,260.079,260.801,259.973,260.734,37946
2022-05-11 12:19:00,260.265,260.296,259.963,260.102,54764
2022-05-11 12:18:00,260.56,260.738,260.198,260.279,21777
2022-05-11 12:17:00,260.58,260.738,260.473,260.544,11039
2022-05-11 12:16:00,260.55,260.829,260.464,260.554,20741
2022-05-11 12:15:00,260.531,260.689,260.319,260.584,17600
2022-05-11 12:14:00,260.634,260.816,260.454,260.544,19762
2022-05-11 12:13:00,260.285,260.689,260.243,260.638,21777
2022-05-11 12:12:00,260.187,260.394,260.149,260.25,23656
2022-05-11 12:11:00,260.039,260.227,259.904,260.201,24427
2022-05-11 12:10:00,260.285,260.315,259.865,260.112,35746
2022-05-11 12:09:00,260.432,260.463,260.13,260.289,24803
2022-05-11 12:08:00,260.442,260.757,260.385,260.505,19838
2022-05-11 12:07:00,260.604,260.856,260.375,260.407,27391
2022-05-11 12:06:00,260.776,260.807,260.257,260.613,32364
2022-05-11 12:05:00,260.481,260.856,260.405,260.8,23025
2022-05-11 12:04:00,260.599,260.718,260.434,260.535,39310
2022-05-11 12:03:00,260.658,260.698,260.385,260.593,23224
2022-05-11 12:02:00,260.167,260.718,259.914,260.672,55076
2022-05-11 12:01:00,260.138,260.544,260.071,260.196,15668
2022-05-11 12:00:00,260.697,260.728,260.11,260.156,26841
2022-05-11 11:59:00,260.618,260.905,260.559,260.731,33025
2022-05-11 11:58:00,260.658,260.787,260.356,260.622,23085
2022-05-11 11:57:00,260.619,260.805,260.434,260.662,29136
2022-05-11 11:56:00,260.933,260.964,260.464,260.637,33877
2022-05-11 11:55:00,261.081,261.131,260.748,260.947,23645
2022-05-11 11:54:00,261.081,261.135,260.788,261.109,38506
2022-05-11 11:53:00,261.542,261.612,260.945,261.134,38691
2022-05-11 11:52:00,261.483,261.592,261.259,261.556,19903
2022-05-11 11:51:00,261.311,261.71,261.23,261.536,28082
2022-05-11 11:50:00,261.621,261.877,261.24,261.271,23059
2022-05-11 11:49:00,261.905,262.015,261.544,261.615,15762
2022-05-11 11:48:00,261.631,261.936,261.593,261.91,17829
2022-05-11 11:47:00,261.66,261.848,261.426,261.615,33449
2022-05-11 11:46:00,262.092,262.329,261.583,261.664,36577
2022-05-11 11:45:00,262.141,262.359,262.043,262.133,25041
2022-05-11 11:44:00,262.298,262.408,261.868,262.136,39405
2022-05-11 11:43:00,262.1,262.3,261.947,262.195,29840
2022-05-11 11:42:00,262.171,262.319,261.937,262.038,19204
2022-05-11 11:41:00,262.171,262.427,262.133,262.214,20357
2022-05-11 11:40:00,262.171,262.437,262.094,262.204,32189
2022-05-11 11:39:00,262.505,262.565,262.109,262.155,21635
2022-05-11 11:38:00,262.308,262.791,262.222,262.509,50673
2022-05-11 11:37:00,261.564,262.516,261.536,262.273,69943
2022-05-11 11:36:00,261.238,261.602,260.798,261.517,36375
2022-05-11 11:35:00,261.336,261.592,261.182,261.232,16915
2022-05-11 11:34:00,261.513,261.691,261.141,261.32,34604
2022-05-11 11:33:00,261.326,261.592,261.181,261.507,27479
2022-05-11 11:32:00,261.405,261.465,261.2,261.32,23391
2022-05-11 11:31:00,261.454,261.622,261.289,261.389,34086
2022-05-11 11:30:00,261.405,261.632,261.151,261.438,48320
2022-05-11 11:29:00,261.1,261.681,261.073,261.428,70545
2022-05-11 11:28:00,260.678,261.154,260.414,261.065,33220
2022-05-11 11:27:00,260.688,260.875,260.346,260.623,43009
2022-05-11 11:26:00,260.462,260.983,260.414,260.623,45768
2022-05-11 11:25:00,260.511,260.669,260.188,260.485,36814
2022-05-11 11:24:00,260.432,260.659,260.287,260.533,23682
2022-05-11 11:23:00,260.206,260.581,260.135,260.485,32008
2022-05-11 11:22:00,260.147,260.6,260.12,260.23,47566
2022-05-11 11:21:00,259.568,260.237,259.54,260.102,53612
2022-05-11 11:20:00,259.391,259.598,259.246,259.493,30232
2022-05-11 11:19:00,259.578,259.677,259.344,259.376,25906
2022-05-11 11:18:00,259.224,259.716,259.069,259.601,68748
2022-05-11 11:17:00,259.44,259.529,259.148,259.218,85209
2022-05-11 11:16:00,260.118,260.178,259.404,259.444,85150
2022-05-11 11:15:00,260.452,260.581,260.081,260.142,46222
2022-05-11 11:14:00,260.265,260.728,260.223,260.417,35403
2022-05-11 11:13:00,260.187,260.394,260.022,260.309,46872
2022-05-11 11:12:00,260.305,260.5,260.081,260.205,35543
2022-05-11 11:11:00,260.285,260.6,260.14,260.279,75701
2022-05-11 11:10:00,260.093,260.374,259.884,260.309,48606
2022-05-11 11:09:00,260.098,260.276,259.948,260.122,39302
2022-05-11 11:08:00,260.01,260.355,259.914,260.093,60313
2022-05-11 11:07:00,260.079,260.217,259.835,260.024,43383
2022-05-11 11:06:00,260.226,260.423,259.815,260.073,62964
2022-05-11 11:05:00,260.157,260.561,260.081,260.22,63889
2022-05-11 11:04:00,260.138,260.463,260.002,260.182,62735
2022-05-11 11:03:00,259.804,260.541,259.688,260.144,96001
2022-05-11 11:02:00,260.197,260.463,259.747,259.808,85421
2022-05-11 11:01:00,260.835,260.885,260.12,260.206,78557
2022-05-11 11:00:00,261.071,261.278,260.743,260.819,92538
2022-05-11 10:59:00,260.825,261.258,260.68,261.035,47655
2022-05-11 10:58:00,260.737,261.068,260.591,260.859,53108
2022-05-11 10:57:00,260.707,260.888,260.572,260.731,30282
2022-05-11 10:56:00,260.992,261.209,260.689,260.721,41642
2022-05-11 10:55:00,260.678,261.121,260.385,261.026,70808
2022-05-11 10:54:00,260.56,260.818,260.336,260.682,79601
2022-05-11 10:53:00,260.531,260.728,260.444,260.564,38727
2022-05-11 10:52:00,261.041,261.082,260.159,260.525,53780
2022-05-11 10:51:00,261.38,261.622,260.798,261.075,85696
2022-05-11 10:50:00,261.798,261.907,261.338,261.399,42260
2022-05-11 10:49:00,261.955,262.074,261.672,261.87,21154
2022-05-11 10:48:00,261.896,262.025,261.652,261.91,33442
2022-05-11 10:47:00,262.092,262.27,261.848,261.939,45269
2022-05-11 10:46:00,262.77,262.97,261.956,262.155,92743
2022-05-11 10:45:00,262.691,262.938,262.497,262.695,36274
2022-05-11 10:44:00,262.515,262.889,262.428,262.676,66493
2022-05-11 10:43:00,262.171,262.653,261.947,262.573,50167
2022-05-11 10:42:00,262.161,262.378,261.907,262.195,79359
2022-05-11 10:41:00,262.151,262.339,261.731,262.136,56559
2022-05-11 10:40:00,262.623,262.751,262.163,262.195,136652
2022-05-11 10:39:00,262.515,262.918,262.369,262.637,84151
2022-05-11 10:38:00,262.369,262.918,262.261,262.548,95578
2022-05-11 10:37:00,261.552,262.408,261.436,262.361,70938
2022-05-11 10:36:00,261.542,261.936,261.426,261.595,45426
2022-05-11 10:35:00,262.141,262.486,261.357,261.527,72856
2022-05-11 10:34:00,262.151,262.37,262.045,262.165,38751
2022-05-11 10:33:00,262.2,262.526,262.114,262.253,26356
2022-05-11 10:32:00,262.23,262.624,261.848,262.273,38087
2022-05-11 10:31:00,262.515,262.545,261.711,262.312,74005
2022-05-11 10:30:00,262.613,262.909,262.339,262.509,69893
2022-05-11 10:29:00,262.298,263.135,262.261,262.666,54138
2022-05-11 10:28:00,262.426,262.516,261.917,262.332,62734
2022-05-11 10:27:00,263.077,263.108,262.418,262.502,73462
2022-05-11 10:26:00,262.79,263.547,262.516,263.137,65134
2022-05-11 10:25:00,263.408,263.537,262.693,262.833,41912
2022-05-11 10:24:00,263.762,263.965,263.312,263.403,56046
2022-05-11 10:23:00,263.801,264.068,263.498,263.717,81734
2022-05-11 10:22:00,263.153,263.891,263.096,263.835,86452
2022-05-11 10:21:00,261.748,263.341,261.701,263.216,106112
2022-05-11 10:20:00,262.318,262.624,261.564,261.762,92542
2022-05-11 10:19:00,262.053,262.496,261.78,262.322,51804
2022-05-11 10:18:00,261.365,262.309,261.318,262.028,71561
2022-05-11 10:17:00,260.835,261.7,260.64,261.477,83266
2022-05-11 10:16:00,261.342,261.759,260.748,260.81,64980
2022-05-11 10:15:00,261.994,262.034,261.073,261.419,58342
2022-05-11 10:14:00,261.169,262.713,261.141,261.929,88650
2022-05-11 10:13:00,261.12,261.455,260.67,261.173,60658
2022-05-11 10:12:00,261.11,261.641,260.817,261.269,46501
2022-05-11 10:11:00,261.69,262.029,261.004,261.183,50591
2022-05-11 10:10:00,261.356,261.902,260.915,261.625,70509
2022-05-11 10:09:00,262.809,262.868,261.161,261.36,133821
2022-05-11 10:08:00,263.182,263.213,262.56,262.756,52318
2022-05-11 10:07:00,262.819,263.596,262.791,263.157,43924
2022-05-11 10:06:00,262.878,263.508,262.501,262.862,55119
2022-05-11 10:05:00,263.457,263.596,262.467,262.872,69813
2022-05-11 10:04:00,263.664,264.274,263.356,263.518,72220
2022-05-11 10:03:00,263.133,264.016,262.801,263.697,70532
2022-05-11 10:02:00,263.595,263.842,262.791,263.128,67160
2022-05-11 10:01:00,264.577,264.844,263.626,263.727,48776
2022-05-11 10:00:00,264.597,264.647,263.174,264.493,107084
2022-05-11 09:59:00,264.233,264.873,264.058,264.552,77598
2022-05-11 09:58:00,264.155,264.628,263.724,264.193,62895
2022-05-11 09:57:00,263.408,264.392,263.184,264.169,72062
2022-05-11 09:56:00,264.273,264.402,263.322,263.412,62537
2022-05-11 09:55:00,264.833,264.873,263.832,264.267,81754
2022-05-11 09:54:00,265.667,265.795,264.521,264.856,83897
2022-05-11 09:53:00,265.451,265.738,264.942,265.652,78434
2022-05-11 09:52:00,266.257,266.288,265.207,265.514,84029
2022-05-11 09:51:00,264.97,266.563,264.932,266.231,153950
2022-05-11 09:50:00,264.862,265.035,264.284,264.945,97274
2022-05-11 09:49:00,264.479,265.217,264.371,264.891,118292
2022-05-11 09:48:00,263.624,264.687,263.577,264.522,93355
2022-05-11 09:47:00,263.163,263.753,262.791,263.678,107106
2022-05-11 09:46:00,262.272,263.262,262.104,263.216,106534
2022-05-11 09:45:00,262.799,263.003,262.241,262.312,92431
2022-05-11 09:44:00,261.812,263.115,261.416,262.774,149672
2022-05-11 09:43:00,261.238,261.867,261.161,261.831,73373
2022-05-11 09:42:00,261.807,261.995,260.906,261.193,97679
2022-05-11 09:41:00,259.656,261.995,259.531,261.915,144690
2022-05-11 09:40:00,259.696,259.981,259.315,259.631,87979
2022-05-11 09:39:00,260.108,260.197,259.432,259.7,102327
2022-05-11 09:38:00,259.637,260.433,259.609,260.112,89783
2022-05-11 09:37:00,259.165,260.07,259.03,259.641,115985
2022-05-11 09:36:00,260.383,260.502,259.066,259.14,132522
2022-05-11 09:35:00,260.54,261.17,260.159,260.377,116079
2022-05-11 09:34:00,261.169,261.219,260.041,260.554,158761
2022-05-11 09:33:00,262.917,262.968,260.906,261.124,78421
2022-05-11 09:32:00,263.055,263.557,262.438,262.98,145104
2022-05-11 09:31:00,261.562,263.704,261.22,263.049,149905
2022-05-11 09:30:00,261.081,261.858,260.503,261.595,483543
2022-05-11 09:29:00,260.894,261.288,260.866,261.153,2268
2022-05-11 09:28:00,260.786,260.915,260.719,260.888,16677
2022-05-11 09:27:00,262.534,262.617,261.338,261.369,2871
2022-05-11 09:26:00,262.554,262.584,262.526,262.558,161
2022-05-11 09:25:00,262.888,262.918,262.86,262.892,100
2022-05-11 09:24:00,262.623,262.918,262.595,262.892,640
2022-05-11 09:23:00,262.181,262.653,261.731,262.627,2639
2022-05-11 09:22:00,263.045,263.203,262.17,262.253,3588
2022-05-11 09:21:00,263.31,263.341,263.191,263.236,5602
2022-05-11 09:20:00,262.574,263.311,262.546,263.236,3657
2022-05-11 09:19:00,262.446,262.486,262.389,262.46,1010
2022-05-11 09:18:00,262.141,262.447,261.976,262.401,3507
2022-05-11 09:17:00,261.365,261.396,261.338,261.369,100
2022-05-11 09:16:00,261.365,261.416,261.239,261.389,1486
2022-05-11 09:15:00,261.738,261.769,261.357,261.389,940
2022-05-11 09:14:00,261.444,261.655,261.416,261.527,986
2022-05-11 09:13:00,261.611,261.789,261.583,261.762,2707
2022-05-11 09:12:00,261.856,261.887,261.583,261.619,960
2022-05-11 09:11:00,261.807,262.133,261.78,261.939,4420
2022-05-11 09:10:00,261.149,261.73,260.994,261.703,1829
2022-05-11 09:09:00,261.243,261.274,260.807,261.153,1625
2022-05-11 09:08:00,261.169,261.769,261.141,261.389,2561
2022-05-11 09:07:00,260.747,261.072,260.719,261.045,2163
2022-05-11 09:06:00,260.58,260.795,260.552,260.682,1500
2022-05-11 09:05:00,260.58,260.839,260.278,260.78,1428
2022-05-11 09:04:00,260.57,260.609,260.257,260.564,1670
2022-05-11 09:03:00,260.289,260.708,260.159,260.623,9818
2022-05-11 09:02:00,260.667,260.708,260.542,260.682,1900
2022-05-11 09:01:00,260.098,260.315,259.806,260.289,828
2022-05-11 09:00:00,260.081,260.315,259.91,259.942,1081
2022-05-11 08:58:00,259.804,259.844,259.766,259.798,551
2022-05-11 08:57:00,259.195,259.834,259.03,259.808,2429
2022-05-11 08:56:00,259.74,259.77,259.275,259.307,8160
2022-05-11 08:55:00,260.01,260.217,259.491,259.523,3765
2022-05-11 08:54:00,260.285,260.564,259.845,260.014,5410
2022-05-11 08:53:00,260.57,260.6,259.865,260.289,5154
2022-05-11 08:52:00,260.777,261.003,260.356,260.78,7889
2022-05-11 08:51:00,260.855,261.131,260.552,260.633,3427
2022-05-11 08:50:00,261.601,261.632,261.161,261.193,1478
2022-05-11 08:49:00,261.788,262.001,261.436,261.468,2185
2022-05-11 08:48:00,262.407,262.437,262.379,262.411,100
2022-05-11 08:47:00,261.955,262.139,261.731,261.762,1272
2022-05-11 08:46:00,262.426,262.457,261.927,261.959,2382
2022-05-11 08:45:00,261.974,262.477,261.937,262.45,3814
2022-05-11 08:44:00,261.758,262.034,261.642,261.988,1236
2022-05-11 08:43:00,261.931,262.052,261.731,261.841,4141
2022-05-11 08:42:00,262.269,262.3,261.652,261.861,2356
2022-05-11 08:41:00,262.132,262.359,261.259,262.273,6652
2022-05-11 08:40:00,261.365,262.565,260.326,262.253,12377
2022-05-11 08:39:00,260.491,261.455,260.464,261.419,4336
2022-05-11 08:38:00,262.554,262.584,260.424,260.604,9932
2022-05-11 08:37:00,263.241,263.272,262.546,262.656,3610
2022-05-11 08:36:00,262.937,263.262,262.909,263.167,984
2022-05-11 08:35:00,263.31,263.429,262.742,262.774,880
2022-05-11 08:34:00,263.723,263.753,262.654,263.314,4646
2022-05-11 08:33:00,264.017,264.156,262.339,264.021,3685
2022-05-11 08:32:00,262.259,263.704,262.222,263.285,3482
2022-05-11 08:31:00,262.75,263.744,261.2,262.479,7898
2022-05-11 08:30:00,267.652,267.683,262.713,262.756,15374
2022-05-11 08:29:00,268.732,268.763,268.242,268.274,1300
2022-05-11 08:28:00,268.545,268.96,268.517,268.933,1657
2022-05-11 08:27:00,268.339,268.41,268.311,268.383,200
2022-05-11 08:26:00,268.339,268.37,268.311,268.343,102
2022-05-11 08:25:00,268.143,268.272,268.114,268.235,791
2022-05-11 08:24:00,267.946,268.085,267.918,268.058,2660
2022-05-11 08:23:00,268.054,268.085,268.026,268.058,445
2022-05-11 08:22:00,268.044,268.076,268.016,268.049,418
2022-05-11 08:21:00,268.143,268.174,268.114,268.147,300
2022-05-11 08:20:00,267.995,268.252,267.918,268.147,2765
2022-05-11 08:18:00,268.143,268.174,268.114,268.147,100
2022-05-11 08:17:00,268.143,268.223,268.114,268.196,484
2022-05-11 08:16:00,268.143,268.194,268.114,268.166,257
2022-05-11 08:15:00,268.241,268.272,268.144,268.176,200
2022-05-11 08:14:00,268.516,268.547,268.36,268.392,1050
2022-05-11 08:13:00,268.359,268.665,268.33,268.54,2601
2022-05-11 08:12:00,268.27,268.302,268.242,268.274,494
2022-05-11 08:11:00,268.29,268.439,268.261,268.412,1234
2022-05-11 08:10:00,268.349,268.38,268.32,268.353,230
2022-05-11 08:09:00,268.27,268.302,268.242,268.274,500
2022-05-11 08:07:00,268.241,268.302,268.212,268.274,400
2022-05-11 08:06:00,268.427,268.459,268.399,268.432,100
2022-05-11 08:05:00,268.27,268.302,268.242,268.274,168
2022-05-11 08:03:00,268.211,268.243,268.183,268.216,230
2022-05-11 08:02:00,268.319,268.351,268.291,268.324,100
2022-05-11 08:01:00,266.974,268.37,266.945,268.343,589
2022-05-11 08:00:00,267.948,269.038,267.633,268.216,18908
2022-05-11 07:59:00,268.339,268.37,268.311,268.343,193
2022-05-11 07:58:00,268.29,268.321,268.261,268.294,170
2022-05-11 07:54:00,268.339,268.41,268.311,268.383,363
2022-05-11 07:52:00,268.31,268.341,268.281,268.314,121
2022-05-11 07:51:00,268.359,268.459,268.311,268.432,826
2022-05-11 07:50:00,268.339,268.419,268.311,268.392,834
2022-05-11 07:46:00,268.653,268.685,268.605,268.638,300
2022-05-11 07:45:00,268.879,268.911,268.851,268.883,100
2022-05-11 07:44:00,268.781,268.96,268.753,268.933,500
2022-05-11 07:43:00,268.801,268.881,268.772,268.854,330
2022-05-11 07:42:00,268.869,268.901,268.841,268.874,100
2022-05-11 07:41:00,268.909,268.94,268.88,268.913,100
2022-05-11 07:40:00,268.82,268.94,268.792,268.913,1374
2022-05-11 07:39:00,268.83,268.93,268.782,268.815,1404
2022-05-11 07:38:00,268.3,268.881,268.271,268.834,4722
2022-05-11 07:37:00,268.26,268.292,268.232,268.265,1173
2022-05-11 07:35:00,268.26,268.292,268.232,268.265,527
2022-05-11 07:34:00,268.143,268.174,268.114,268.147,488
2022-05-11 07:32:00,268.28,268.311,268.252,268.284,563
2022-05-11 07:31:00,268.251,268.311,268.222,268.284,530
2022-05-11 07:29:00,268.526,268.567,268.497,268.53,640
2022-05-11 07:28:00,268.526,268.557,268.497,268.53,100
2022-05-11 07:26:00,268.339,268.469,268.311,268.441,2392
2022-05-11 07:22:00,268.339,268.469,268.311,268.441,1190
2022-05-11 07:21:00,268.339,268.429,268.311,268.402,550
2022-05-11 07:20:00,268.231,268.37,268.203,268.343,820
2022-05-11 07:16:00,268.103,268.272,268.016,268.245,1490
2022-05-11 07:15:00,268.143,268.174,268.114,268.147,272
2022-05-11 07:12:00,268.143,268.174,268.114,268.147,328
2022-05-11 07:11:00,268.113,268.184,268.085,268.147,914
2022-05-11 07:10:00,267.995,268.027,267.967,267.999,400
2022-05-11 07:09:00,267.995,268.076,267.967,267.999,1189
2022-05-11 07:07:00,267.946,268.007,267.918,267.95,1737
2022-05-11 07:06:00,267.936,267.977,267.898,267.95,794
2022-05-11 07:05:00,267.858,267.889,267.829,267.862,206
2022-05-11 07:03:00,267.956,267.987,267.908,267.941,348
2022-05-11 07:02:00,267.779,267.879,267.751,267.852,855
2022-05-11 07:01:00,267.789,267.83,267.761,267.803,710
2022-05-11 07:00:00,268.457,268.488,267.672,267.99,1711
2022-05-11 06:57:00,268.86,268.891,268.831,268.864,161
2022-05-11 06:49:00,268.732,268.763,268.703,268.736,100
2022-05-11 06:46:00,268.712,268.744,268.684,268.716,141
2022-05-11 06:45:00,268.585,268.763,268.556,268.736,866
2022-05-11 06:43:00,268.585,268.616,268.556,268.589,120
2022-05-11 06:37:00,268.585,268.616,268.556,268.589,220
2022-05-11 06:33:00,268.614,268.645,268.576,268.618,421
2022-05-11 06:32:00,268.123,268.361,268.095,268.333,2435
2022-05-11 06:31:00,268.084,268.115,268.055,268.088,100
2022-05-11 06:29:00,267.946,267.977,267.918,267.95,200
2022-05-11 06:25:00,267.75,267.781,267.721,267.754,400
2022-05-11 06:17:00,267.652,267.683,267.623,267.656,435
2022-05-11 06:13:00,267.593,267.624,267.564,267.597,116
2022-05-11 06:07:00,267.701,267.732,267.633,267.665,1012
2022-05-11 06:06:00,267.809,267.84,267.78,267.813,117
2022-05-11 05:58:00,267.995,268.027,267.967,267.999,235
2022-05-11 05:48:00,267.789,267.82,267.761,267.793,100
2022-05-11 05:45:00,267.936,267.968,267.908,267.941,100
2022-05-11 05:41:00,267.946,267.977,267.918,267.95,300
2022-05-11 05:33:00,267.907,267.938,267.878,267.911,200
2022-05-11 05:32:00,267.936,267.968,267.908,267.941,266
2022-05-11 05:28:00,267.877,267.909,267.849,267.882,355
2022-05-11 05:26:00,267.868,267.899,267.839,267.872,100
2022-05-11 05:25:00,267.946,267.977,267.918,267.95,200
2022-05-11 05:19:00,268.133,268.164,268.104,268.137,349
2022-05-11 05:10:00,268.143,268.174,268.114,268.147,220
2022-05-11 05:01:00,268.103,268.665,268.075,268.638,819
2022-05-11 04:59:00,267.887,267.918,267.859,267.891,100
2022-05-11 04:55:00,268.103,268.135,268.075,268.107,209
2022-05-11 04:54:00,268.103,268.135,268.026,268.058,326
2022-05-11 04:40:00,267.652,267.683,267.623,267.656,100
2022-05-11 04:34:00,267.062,267.29,267.034,267.263,216
2022-05-11 04:33:00,267.092,267.123,267.063,267.096,200
2022-05-11 04:32:00,267.16,267.192,266.936,266.968,609
2022-05-11 04:31:00,267.16,267.192,267.132,267.165,251
2022-05-11 04:30:00,267.043,267.074,267.014,267.047,100
2022-05-11 04:25:00,266.915,266.946,266.887,266.919,140
2022-05-11 04:23:00,266.669,266.7,266.641,266.673,100
2022-05-11 04:02:00,266.178,266.209,266.15,266.182,100
2022-05-11 04:00:00,265.687,265.718,265.659,265.691,100
2022-05-10 19:59:00,264.97,265.001,264.775,264.807,250
2022-05-10 19:58:00,264.921,265.001,264.893,264.974,325
2022-05-10 19:56:00,264.705,264.736,264.677,264.709,144
2022-05-10 19:52:00,264.705,264.736,264.677,264.709,100
2022-05-10 19:49:00,264.95,264.981,264.785,264.817,280
2022-05-10 19:41:00,264.705,264.736,264.677,264.709,450
2022-05-10 19:35:00,264.715,264.746,264.677,264.709,239
2022-05-10 19:33:00,265.294,265.325,265.266,265.298,776
2022-05-10 19:32:00,265.294,265.325,265.266,265.298,149
2022-05-10 19:19:00,265.206,265.237,265.168,265.2,1320
2022-05-10 19:18:00,265.206,265.237,265.178,265.21,700
2022-05-10 19:15:00,265.343,265.374,265.315,265.347,503
2022-05-10 19:14:00,265.343,265.374,265.315,265.347,200
2022-05-10 19:10:00,265.412,265.473,265.384,265.446,868
2022-05-10 19:08:00,265.196,265.227,265.168,265.2,100
2022-05-10 19:06:00,265.422,265.453,265.394,265.426,200
2022-05-10 19:05:00,265.373,265.404,265.345,265.377,400
2022-05-10 19:04:00,265.373,265.404,265.345,265.377,100
2022-05-10 19:03:00,265.422,265.453,265.364,265.397,751
2022-05-10 19:02:00,265.058,265.089,265.03,265.063,400
2022-05-10 19:01:00,265.402,265.433,265.188,265.22,350
2022-05-10 19:00:00,265.402,265.433,265.374,265.406,200
2022-05-10 18:59:00,265.137,265.492,265.109,265.446,2909
2022-05-10 18:56:00,265.176,265.207,265.148,265.18,100
2022-05-10 18:53:00,265.147,265.207,265.119,265.18,3885
2022-05-10 18:52:00,265.0,265.03,264.971,265.004,299
2022-05-10 18:50:00,265.078,265.197,265.05,265.171,4716
2022-05-10 18:46:00,264.892,264.932,264.863,264.905,400
2022-05-10 18:45:00,264.764,264.795,264.736,264.768,127
2022-05-10 18:44:00,264.607,264.736,264.579,264.709,725
2022-05-10 18:43:00,264.705,264.736,264.677,264.709,191
2022-05-10 18:36:00,264.567,264.598,264.539,264.571,3548
2022-05-10 18:32:00,264.489,264.588,264.431,264.562,5189
2022-05-10 18:31:00,264.459,264.49,264.431,264.463,978
2022-05-10 18:29:00,264.263,264.412,264.235,264.385,505
2022-05-10 18:24:00,264.017,264.048,263.989,264.021,200
2022-05-10 18:22:00,264.214,264.254,264.176,264.228,700
2022-05-10 18:16:00,264.184,264.215,264.156,264.188,130
2022-05-10 18:09:00,264.214,264.245,264.048,264.08,1300
2022-05-10 18:08:00,264.214,264.245,264.048,264.08,350
2022-05-10 18:07:00,264.076,264.107,264.048,264.08,500
2022-05-10 18:05:00,263.968,263.999,263.94,263.972,1999
2022-05-10 18:03:00,264.096,264.127,264.068,264.1,197
2022-05-10 17:58:00,264.182,264.213,264.154,264.186,268
2022-05-10 17:56:00,264.175,264.206,264.147,264.18,200
2022-05-10 17:55:00,263.919,263.95,263.891,263.923,150
2022-05-10 17:54:00,264.178,264.235,264.15,264.208,500
2022-05-10 17:52:00,264.19,264.22,264.162,264.194,400
2022-05-10 17:50:00,264.057,264.087,264.029,264.061,1000
2022-05-10 17:30:00,263.968,264.195,263.94,264.169,1490
2022-05-10 17:28:00,263.968,263.999,263.94,263.972,169
2022-05-10 17:23:00,264.205,264.236,264.177,264.209,100
2022-05-10 17:22:00,264.086,264.117,264.058,264.09,100
2022-05-10 17:21:00,263.968,263.999,263.94,263.972,200
2022-05-10 17:20:00,263.919,263.999,263.891,263.972,200
2022-05-10 17:19:00,264.008,264.038,263.98,264.012,1000
2022-05-10 17:18:00,263.919,263.95,263.891,263.923,500
2022-05-10 17:13:00,264.176,264.207,264.148,264.18,150
2022-05-10 17:12:00,263.85,263.881,263.803,263.835,300
2022-05-10 17:11:00,263.87,263.915,263.842,263.888,646
2022-05-10 17:10:00,263.827,263.857,263.799,263.831,147
2022-05-10 17:09:00,264.203,264.233,264.175,264.207,500
2022-05-10 17:08:00,263.968,263.999,263.94,263.972,1000
2022-05-10 17:05:00,263.978,264.019,263.862,263.894,2384
2022-05-10 17:03:00,263.968,263.999,263.94,263.972,500
2022-05-10 17:02:00,263.929,263.96,263.891,263.923,716
2022-05-10 17:00:00,264.214,264.245,264.186,264.218,2000
2022-05-10 16:56:00,264.057,264.087,264.029,264.061,8170
2022-05-10 16:55:00,264.057,264.087,264.029,264.061,1025
2022-05-10 16:54:00,264.057,264.087,264.009,264.061,1188
2022-05-10 16:53:00,264.155,264.205,264.127,264.179,2896
2022-05-10 16:52:00,264.705,264.736,264.127,264.179,20210
2022-05-10 16:51:00,264.116,264.195,264.088,264.169,630
2022-05-10 16:50:00,263.89,263.921,263.862,263.894,1000
2022-05-10 16:48:00,264.312,264.343,264.009,264.041,2375
2022-05-10 16:46:00,264.391,264.421,264.284,264.316,1606
2022-05-10 16:41:00,264.509,264.539,264.481,264.513,100
2022-05-10 16:37:00,264.607,264.638,264.579,264.611,300
2022-05-10 16:36:00,264.39,264.421,264.329,264.361,341
2022-05-10 16:34:00,264.616,264.647,264.579,264.611,947
2022-05-10 16:33:00,264.626,264.657,264.598,264.63,100
2022-05-10 16:30:00,264.616,264.647,264.588,264.621,130
2022-05-10 16:29:00,264.626,264.657,264.579,264.611,602
2022-05-10 16:22:00,264.626,264.657,264.598,264.63,100
2022-05-10 16:18:00,264.607,264.638,264.579,264.611,1428
2022-05-10 16:17:00,264.607,264.638,264.579,264.611,400
2022-05-10 16:16:00,264.597,264.736,264.451,264.709,3243
2022-05-10 16:15:00,264.43,264.461,264.402,264.434,1000
2022-05-10 16:13:00,264.705,264.736,264.451,264.483,7206
2022-05-10 16:12:00,264.518,264.549,264.421,264.454,1975
2022-05-10 16:11:00,264.616,264.736,264.235,264.522,15617
2022-05-10 16:10:00,264.754,264.785,264.588,264.709,1420
2022-05-10 16:09:00,264.705,264.736,264.677,264.709,150
2022-05-10 16:08:00,264.793,264.824,264.677,264.709,22467
2022-05-10 16:07:00,264.705,264.755,264.667,264.719,1740
2022-05-10 16:06:00,264.705,264.736,264.667,264.709,52195
2022-05-10 16:05:00,264.577,264.726,264.53,264.699,1701
2022-05-10 16:04:00,264.43,264.461,263.999,264.031,1922
2022-05-10 16:03:00,264.695,264.726,264.579,264.611,6998
2022-05-10 16:02:00,264.705,264.736,264.677,264.709,1055720
2022-05-10 16:01:00,264.685,264.736,264.608,264.709,338559
2022-05-10 16:00:00,264.666,264.736,264.569,264.709,3613552
2022-05-10 15:59:00,265.058,265.188,264.579,264.66,305329
2022-05-10 15:58:00,264.715,265.099,264.687,265.072,140346
2022-05-10 15:57:00,264.558,264.736,264.421,264.709,67787
2022-05-10 15:56:00,264.42,264.765,264.353,264.542,63574
2022-05-10 15:55:00,264.803,265.07,264.412,264.444,84206
2022-05-10 15:54:00,264.459,265.08,264.421,264.847,83253
2022-05-10 15:53:00,264.106,264.716,263.93,264.493,64109
2022-05-10 15:52:00,264.165,264.421,263.96,264.149,95793
2022-05-10 15:51:00,264.459,264.5,264.029,264.203,76924
2022-05-10 15:50:00,264.842,264.922,264.313,264.483,92952
2022-05-10 15:49:00,265.147,265.463,264.893,264.935,73271
2022-05-10 15:48:00,265.334,265.394,264.903,265.151,56622
2022-05-10 15:47:00,265.279,265.443,264.922,265.309,72453
2022-05-10 15:46:00,264.764,265.33,264.382,265.272,113244
2022-05-10 15:45:00,264.607,264.824,264.421,264.758,81177
2022-05-10 15:44:00,264.793,264.878,264.49,264.591,68466
2022-05-10 15:43:00,264.666,264.922,264.569,264.792,40086
2022-05-10 15:42:00,264.744,264.863,264.461,264.67,47031
2022-05-10 15:41:00,264.528,264.866,264.471,264.729,49283
2022-05-10 15:40:00,264.764,264.814,264.382,264.542,50773
2022-05-10 15:39:00,264.725,265.094,264.696,264.797,63368
2022-05-10 15:38:00,264.933,264.964,264.392,264.738,63073
2022-05-10 15:37:00,265.579,265.64,264.883,264.964,46003
2022-05-10 15:36:00,265.491,265.698,265.374,265.603,31601
2022-05-10 15:35:00,265.412,265.62,265.237,265.514,30557
2022-05-10 15:34:00,265.491,265.571,265.132,265.401,43173
2022-05-10 15:33:00,265.289,265.541,265.188,265.446,45477
2022-05-10 15:32:00,265.353,265.698,265.168,265.303,36177
2022-05-10 15:31:00,265.054,265.394,265.011,265.347,38114
2022-05-10 15:30:00,265.569,265.62,264.775,265.082,77588
2022-05-10 15:29:00,265.692,265.816,265.315,265.598,36204
2022-05-10 15:28:00,265.55,265.856,265.502,265.672,32989
2022-05-10 15:27:00,265.451,265.698,265.227,265.534,45774
2022-05-10 15:26:00,265.609,265.64,265.206,265.485,33469
2022-05-10 15:25:00,265.687,265.865,265.413,265.573,35018
2022-05-10 15:24:00,266.198,266.249,265.561,265.688,56074
2022-05-10 15:23:00,266.463,266.563,266.071,266.212,27741
2022-05-10 15:22:00,266.403,266.65,266.179,266.506,34977
2022-05-10 15:21:00,266.453,266.759,266.229,266.379,40120
2022-05-10 15:20:00,266.93,267.074,266.386,266.497,52797
2022-05-10 15:19:00,266.826,267.054,266.739,266.958,50244
2022-05-10 15:18:00,266.571,266.966,266.543,266.89,29759
2022-05-10 15:17:00,266.689,266.72,266.278,266.575,50576
2022-05-10 15:16:00,267.002,267.309,266.68,266.713,59842
2022-05-10 15:15:00,266.836,267.123,266.592,266.988,49161
2022-05-10 15:14:00,266.669,266.917,266.562,266.85,49455
2022-05-10 15:13:00,266.802,266.867,266.386,266.634,44876
2022-05-10 15:12:00,266.807,267.192,266.513,266.821,28446
2022-05-10 15:11:00,266.689,266.897,266.425,266.821,27968
2022-05-10 15:10:00,266.571,266.72,266.258,266.693,42858
2022-05-10 15:09:00,267.18,267.26,266.366,266.477,58540
2022-05-10 15:08:00,267.327,267.408,266.867,267.178,46035
2022-05-10 15:07:00,267.534,267.663,267.152,267.327,39959
2022-05-10 15:06:00,267.288,267.82,267.211,267.499,59994
2022-05-10 15:05:00,266.944,267.437,266.818,267.351,38045
2022-05-10 15:04:00,266.935,267.113,266.72,266.968,19452
2022-05-10 15:03:00,266.748,267.192,266.612,266.919,33818
2022-05-10 15:02:00,267.282,267.353,266.7,266.752,49364
2022-05-10 15:01:00,267.013,267.427,266.837,267.263,38130
2022-05-10 15:00:00,266.895,267.231,266.356,267.017,74419
2022-05-10 14:59:00,266.807,266.995,266.533,266.821,20008
2022-05-10 14:58:00,266.817,267.054,266.661,266.86,23061
2022-05-10 14:57:00,266.247,266.907,266.214,266.811,19543
2022-05-10 14:56:00,266.895,266.926,266.091,266.231,63013
2022-05-10 14:55:00,267.101,267.231,266.798,266.88,35318
2022-05-10 14:54:00,267.141,267.309,266.759,267.096,20470
2022-05-10 14:53:00,267.023,267.27,266.906,267.125,18344
2022-05-10 14:52:00,266.709,267.447,266.602,267.047,38669
2022-05-10 14:51:00,267.043,267.172,266.562,266.772,36273
2022-05-10 14:50:00,267.023,267.437,266.847,267.071,45197
2022-05-10 14:49:00,266.679,267.123,266.533,267.047,27843
2022-05-10 14:48:00,266.247,266.735,266.219,266.683,18092
2022-05-10 14:47:00,266.679,266.71,266.15,266.222,37800
2022-05-10 14:46:00,267.219,267.251,266.641,266.772,34477
2022-05-10 14:45:00,267.406,267.575,266.945,267.253,34756
2022-05-10 14:44:00,267.337,267.624,267.289,267.42,32205
2022-05-10 14:43:00,267.426,267.565,267.23,267.4,41696
2022-05-10 14:42:00,267.101,267.54,267.049,267.381,54323
2022-05-10 14:41:00,266.62,267.182,266.553,267.027,24631
2022-05-10 14:40:00,266.571,266.818,266.177,266.654,29920
2022-05-10 14:39:00,266.542,266.769,266.504,266.673,17749
2022-05-10 14:38:00,266.493,266.799,266.405,266.507,13877
2022-05-10 14:37:00,266.787,266.967,266.435,266.585,30950
2022-05-10 14:36:00,267.082,267.231,266.707,266.788,44799
2022-05-10 14:35:00,266.664,267.192,266.513,267.096,74181
2022-05-10 14:34:00,266.659,266.74,266.346,266.678,53907
2022-05-10 14:33:00,266.62,266.759,266.376,266.701,22920
2022-05-10 14:32:00,266.531,266.75,266.415,266.634,48437
2022-05-10 14:31:00,266.738,266.789,266.209,266.477,28195
2022-05-10 14:30:00,266.787,266.974,266.543,266.772,32699
2022-05-10 14:29:00,266.709,266.867,266.543,266.801,27956
2022-05-10 14:28:00,266.384,267.113,266.327,266.703,41689
2022-05-10 14:27:00,266.581,266.641,266.101,266.32,54639
2022-05-10 14:26:00,266.817,266.956,266.543,266.61,40219
2022-05-10 14:25:00,267.16,267.275,266.788,266.831,42541
2022-05-10 14:24:00,267.298,267.363,267.073,267.106,41080
2022-05-10 14:23:00,267.75,267.781,267.122,267.263,27610
2022-05-10 14:22:00,267.848,268.056,267.574,267.616,25411
2022-05-10 14:21:00,267.524,267.928,267.358,267.783,37592
2022-05-10 14:20:00,267.769,267.938,267.378,267.538,33071
2022-05-10 14:19:00,267.897,268.154,267.584,267.752,45240
2022-05-10 14:18:00,267.082,267.801,267.054,267.769,58460
2022-05-10 14:17:00,267.18,267.319,266.896,267.081,50434
2022-05-10 14:16:00,267.727,267.81,267.034,267.184,77399
2022-05-10 14:15:00,268.506,268.636,267.525,267.754,60579
2022-05-10 14:14:00,268.516,268.773,268.419,268.54,67866
2022-05-10 14:13:00,267.995,268.557,267.957,268.52,47255
2022-05-10 14:12:00,268.27,268.302,267.898,268.014,27708
2022-05-10 14:11:00,268.094,268.292,267.81,268.237,33063
2022-05-10 14:10:00,267.966,268.252,267.925,268.049,49371
2022-05-10 14:09:00,268.025,268.282,267.918,267.95,40998
2022-05-10 14:08:00,267.784,268.223,267.633,268.049,68309
2022-05-10 14:07:00,268.005,268.085,267.505,267.803,48251
2022-05-10 14:06:00,268.143,268.233,267.633,267.99,56028
2022-05-10 14:05:00,268.477,268.616,268.104,268.137,40423
2022-05-10 14:04:00,268.585,268.665,268.026,268.461,45915
2022-05-10 14:03:00,268.604,268.69,268.232,268.515,22623
2022-05-10 14:02:00,268.113,268.695,268.065,268.613,32524
2022-05-10 14:01:00,268.416,268.448,267.829,268.098,45468
2022-05-10 14:00:00,268.83,268.862,268.242,268.407,53791
2022-05-10 13:59:00,268.722,268.822,268.468,268.785,45384
2022-05-10 13:58:00,268.555,268.911,268.527,268.716,69530
2022-05-10 13:57:00,268.653,268.724,268.379,268.53,56545
2022-05-10 13:56:00,268.545,268.812,268.311,268.667,53328
2022-05-10 13:55:00,268.27,268.567,268.085,268.54,46121
2022-05-10 13:54:00,268.216,268.38,268.036,268.255,61585
2022-05-10 13:53:00,267.907,268.351,267.878,268.225,73051
2022-05-10 13:52:00,267.946,268.066,267.726,267.926,41638
2022-05-10 13:51:00,268.506,268.704,267.81,267.999,50563
2022-05-10 13:50:00,268.653,268.793,268.428,268.461,35908
2022-05-10 13:49:00,268.418,268.827,268.37,268.638,71513
2022-05-10 13:48:00,268.545,268.636,268.139,268.373,55924
2022-05-10 13:47:00,268.113,268.704,268.016,268.526,87813
2022-05-10 13:46:00,267.956,268.243,267.898,268.107,40042
2022-05-10 13:45:00,267.877,268.135,267.81,267.98,60730
2022-05-10 13:44:00,268.133,268.184,267.653,267.891,146985
2022-05-10 13:43:00,268.054,268.356,267.967,268.127,107410
2022-05-10 13:42:00,267.868,268.292,267.623,268.049,118466
2022-05-10 13:41:00,267.426,267.909,267.112,267.832,67751
2022-05-10 13:40:00,266.905,267.506,266.729,267.43,83031
2022-05-10 13:39:00,266.689,266.926,266.494,266.899,94652
2022-05-10 13:38:00,266.384,266.789,266.258,266.693,59976
2022-05-10 13:37:00,266.267,266.7,266.17,266.412,98048
2022-05-10 13:36:00,266.178,266.504,266.101,266.251,80587
2022-05-10 13:35:00,265.609,266.317,265.551,266.138,115449
2022-05-10 13:34:00,265.167,265.689,265.138,265.608,32758
2022-05-10 13:33:00,265.392,265.6,265.148,265.18,47671
2022-05-10 13:32:00,265.294,265.453,265.064,265.367,36608
2022-05-10 13:31:00,265.368,265.399,265.07,265.2,47927
2022-05-10 13:30:00,264.884,265.522,264.856,265.328,92952
2022-05-10 13:29:00,264.597,265.011,264.52,264.907,46100
2022-05-10 13:28:00,263.998,264.726,263.773,264.601,46578
2022-05-10 13:27:00,264.096,264.205,263.734,264.002,27289
2022-05-10 13:26:00,264.008,264.156,263.734,264.08,21999
2022-05-10 13:25:00,263.624,264.137,263.577,263.948,41781
2022-05-10 13:24:00,262.996,263.626,262.939,263.599,23695
2022-05-10 13:23:00,263.428,263.626,262.958,263.039,31732
2022-05-10 13:22:00,263.742,263.901,263.312,263.344,22524
2022-05-10 13:21:00,263.428,263.824,263.399,263.673,26834
2022-05-10 13:20:00,263.841,264.087,263.43,263.462,33707
2022-05-10 13:19:00,263.546,263.704,263.41,263.678,18655
2022-05-10 13:18:00,263.536,263.891,263.43,263.53,24693
2022-05-10 13:17:00,263.88,263.911,263.243,263.471,35243
2022-05-10 13:16:00,263.585,264.225,263.518,263.933,38767
2022-05-10 13:15:00,263.831,263.862,263.233,263.579,29981
2022-05-10 13:14:00,263.654,263.989,263.488,263.864,24827
2022-05-10 13:13:00,263.723,263.901,263.538,263.629,22949
2022-05-10 13:12:00,263.723,263.803,263.508,263.717,16282
2022-05-10 13:11:00,263.74,263.94,263.562,263.766,27704
2022-05-10 13:10:00,264.106,264.215,263.655,263.746,44933
2022-05-10 13:09:00,264.175,264.382,264.029,264.139,36529
2022-05-10 13:08:00,264.4,264.48,263.989,264.184,33938
2022-05-10 13:07:00,264.263,264.608,264.186,264.375,40927
2022-05-10 13:06:00,264.351,264.402,263.94,264.188,25313
2022-05-10 13:05:00,263.811,264.49,263.739,264.355,46711
2022-05-10 13:04:00,263.654,263.989,263.351,263.815,34204
2022-05-10 13:03:00,263.445,263.901,263.292,263.687,54465
2022-05-10 13:02:00,263.212,263.665,263.155,263.462,30165
2022-05-10 13:01:00,262.976,263.586,262.909,263.177,40597
2022-05-10 13:00:00,262.858,263.184,262.526,262.956,61634
2022-05-10 12:59:00,262.75,262.928,262.566,262.862,39710
2022-05-10 12:58:00,262.947,263.002,262.742,262.794,18236
2022-05-10 12:57:00,263.065,263.282,262.954,262.986,26917
2022-05-10 12:56:00,263.33,263.39,262.909,263.079,16369
2022-05-10 12:55:00,262.917,263.41,262.889,263.295,27156
2022-05-10 12:54:00,263.015,263.341,262.909,262.941,23183
2022-05-10 12:53:00,263.251,263.39,262.993,263.025,31124
2022-05-10 12:52:00,263.407,263.438,263.017,263.255,32586
2022-05-10 12:51:00,263.88,263.911,263.38,263.462,19122
2022-05-10 12:50:00,264.008,264.038,263.616,263.845,30041
2022-05-10 12:49:00,264.312,264.579,263.921,264.021,54798
2022-05-10 12:48:00,263.595,264.372,263.312,264.316,61906
2022-05-10 12:47:00,263.742,263.903,263.538,263.57,25491
2022-05-10 12:46:00,263.694,264.048,263.655,263.737,71316
2022-05-10 12:45:00,263.359,263.862,263.066,263.668,56111
2022-05-10 12:44:00,263.261,263.753,263.099,263.295,56588
2022-05-10 12:43:00,263.222,263.518,263.007,263.383,31701
2022-05-10 12:42:00,263.399,263.724,263.037,263.263,33969
2022-05-10 12:41:00,263.359,263.694,263.243,263.462,43840
2022-05-10 12:40:00,262.721,263.596,262.535,263.393,53948
2022-05-10 12:39:00,262.986,263.026,262.585,262.764,24621
2022-05-10 12:38:00,263.202,263.429,262.929,262.99,31150
2022-05-10 12:37:00,263.507,263.586,263.027,263.236,33959
2022-05-10 12:36:00,263.094,263.567,262.997,263.501,45270
2022-05-10 12:35:00,262.76,263.361,262.673,263.089,29890
2022-05-10 12:34:00,262.23,262.968,262.202,262.789,42319
2022-05-10 12:33:00,262.298,262.427,262.094,262.337,24003
2022-05-10 12:32:00,262.436,262.624,262.266,262.303,30591
2022-05-10 12:31:00,262.505,262.624,262.172,262.401,52052
2022-05-10 12:30:00,263.202,263.773,262.487,262.519,56020
2022-05-10 12:29:00,263.31,263.557,262.978,263.236,38538
2022-05-10 12:28:00,263.742,263.773,263.017,263.403,53919
2022-05-10 12:27:00,263.497,263.832,263.38,263.786,28906
2022-05-10 12:26:00,263.443,263.577,263.086,263.53,43730
2022-05-10 12:25:00,262.986,263.557,262.939,263.457,42325
2022-05-10 12:24:00,263.084,263.321,262.889,263.049,40855
2022-05-10 12:23:00,262.947,263.336,262.811,263.118,39980
2022-05-10 12:22:00,262.652,263.027,262.477,262.99,44084
2022-05-10 12:21:00,262.721,262.85,262.415,262.686,25732
2022-05-10 12:20:00,262.569,262.791,262.418,262.646,28592
2022-05-10 12:19:00,262.593,262.918,262.516,262.602,33778
2022-05-10 12:18:00,262.662,262.791,262.428,262.597,28832
2022-05-10 12:17:00,262.662,262.869,262.349,262.666,28966
2022-05-10 12:16:00,263.212,263.37,262.467,262.568,31723
2022-05-10 12:15:00,262.809,263.311,262.673,263.236,25274
2022-05-10 12:14:00,263.261,263.469,262.762,262.833,40666
2022-05-10 12:13:00,263.428,263.655,263.155,263.285,49204
2022-05-10 12:12:00,263.153,263.557,262.88,263.353,43920
2022-05-10 12:11:00,262.367,263.105,262.33,263.049,29231
2022-05-10 12:10:00,262.652,262.862,262.291,262.401,29827
2022-05-10 12:09:00,263.153,263.213,262.523,262.656,20935
2022-05-10 12:08:00,263.291,263.488,262.978,263.177,18868
2022-05-10 12:07:00,263.497,263.714,263.037,263.314,38568
2022-05-10 12:06:00,263.399,263.773,263.331,263.589,22703
2022-05-10 12:05:00,263.87,263.94,263.312,263.403,53081
2022-05-10 12:04:00,263.536,264.019,263.204,263.884,43574
2022-05-10 12:03:00,263.487,263.822,263.243,263.539,41246
2022-05-10 12:02:00,263.615,263.862,263.236,263.511,34196
2022-05-10 12:01:00,263.163,263.822,263.047,263.638,51257
2022-05-10 12:00:00,263.271,263.547,262.821,263.187,45485
2022-05-10 11:59:00,263.556,263.655,263.056,263.29,33317
2022-05-10 11:58:00,262.564,263.626,262.536,263.589,65912
2022-05-10 11:57:00,262.132,262.643,261.986,262.587,24694
2022-05-10 11:56:00,262.632,262.744,261.996,262.1,26543
2022-05-10 11:55:00,262.937,263.076,262.575,262.695,40961
2022-05-10 11:54:00,262.721,263.233,262.654,262.98,45258
2022-05-10 11:53:00,262.318,263.036,262.261,262.745,24639
2022-05-10 11:52:00,262.132,262.643,262.084,262.332,26395
2022-05-10 11:51:00,262.682,262.81,262.084,262.175,35889
2022-05-10 11:50:00,262.829,263.066,262.624,262.725,31920
2022-05-10 11:49:00,263.025,263.272,262.752,262.853,34411
2022-05-10 11:48:00,263.074,263.223,262.703,263.029,40794
2022-05-10 11:47:00,263.065,263.419,262.84,263.108,32707
2022-05-10 11:46:00,263.163,263.361,262.654,263.039,44959
2022-05-10 11:45:00,263.389,263.459,263.145,263.177,32010
2022-05-10 11:44:00,263.182,263.517,263.096,263.403,35799
2022-05-10 11:43:00,263.31,263.537,263.017,263.216,31992
2022-05-10 11:42:00,263.212,263.478,262.85,263.295,43006
2022-05-10 11:41:00,263.595,263.714,263.125,263.245,35521
2022-05-10 11:40:00,263.624,263.97,263.39,263.668,67202
2022-05-10 11:39:00,263.094,263.871,263.066,263.609,81365
2022-05-10 11:38:00,262.947,263.262,262.811,263.079,29832
2022-05-10 11:37:00,262.583,263.017,262.487,262.924,60960
2022-05-10 11:36:00,262.132,262.722,261.986,262.617,40765
2022-05-10 11:35:00,262.112,262.653,262.084,262.155,52734
2022-05-10 11:34:00,261.876,262.467,261.829,262.106,38560
2022-05-10 11:33:00,261.572,261.956,261.313,261.91,48104
2022-05-10 11:32:00,262.318,262.535,261.573,261.605,37643
2022-05-10 11:31:00,262.077,262.624,261.996,262.391,45477
2022-05-10 11:30:00,262.102,262.359,261.789,262.116,37207
2022-05-10 11:29:00,261.145,262.192,260.915,262.047,54839
2022-05-10 11:28:00,261.611,261.72,261.033,261.124,34225
2022-05-10 11:27:00,261.238,261.848,261.21,261.648,43162
2022-05-10 11:26:00,260.973,261.357,260.896,261.281,43766
2022-05-10 11:25:00,261.458,261.563,260.945,260.977,33459
2022-05-10 11:24:00,261.856,261.936,261.278,261.438,27586
2022-05-10 11:23:00,262.181,262.211,261.426,261.811,36405
2022-05-10 11:22:00,261.856,262.241,261.76,262.185,28201
2022-05-10 11:21:00,262.19,262.319,261.75,261.891,24979
2022-05-10 11:20:00,262.289,262.437,261.956,262.174,31774
2022-05-10 11:19:00,261.68,262.496,261.632,262.265,54419
2022-05-10 11:18:00,261.424,261.838,261.388,261.782,55704
2022-05-10 11:17:00,261.356,261.612,261.249,261.438,47021
2022-05-10 11:16:00,260.678,261.406,260.631,261.325,46158
2022-05-10 11:15:00,260.521,260.895,260.326,260.682,102437
2022-05-10 11:14:00,261.082,261.17,260.473,260.505,59603
2022-05-10 11:13:00,261.395,261.455,260.984,261.094,55175
2022-05-10 11:12:00,261.208,261.533,261.058,261.453,73020
2022-05-10 11:11:00,261.405,261.651,261.023,261.232,69727
2022-05-10 11:10:00,260.884,261.632,260.699,261.468,74964
2022-05-10 11:09:00,261.238,261.602,260.739,260.947,60462
2022-05-10 11:08:00,261.267,261.455,260.994,261.271,55740
2022-05-10 11:07:00,261.37,261.524,261.181,261.301,90236
2022-05-10 11:06:00,261.66,261.779,261.333,261.365,56421
2022-05-10 11:05:00,262.24,262.319,261.514,261.684,59619
2022-05-10 11:04:00,262.515,262.702,261.888,262.194,75269
2022-05-10 11:03:00,262.912,263.233,262.428,262.509,57474
2022-05-10 11:02:00,263.251,263.763,262.889,262.931,61759
2022-05-10 11:01:00,262.858,263.469,262.83,263.255,44572
2022-05-10 11:00:00,262.748,263.302,262.634,262.813,55357
2022-05-10 10:59:00,263.713,263.773,262.605,262.745,60170
2022-05-10 10:58:00,263.634,263.852,263.371,263.737,47391
2022-05-10 10:57:00,263.595,263.734,263.322,263.57,67026
2022-05-10 10:56:00,263.2,263.753,263.155,263.599,44204
2022-05-10 10:55:00,263.752,263.803,263.066,263.226,81213
2022-05-10 10:54:00,263.566,264.348,263.538,263.825,85289
2022-05-10 10:53:00,263.418,263.724,263.155,263.54,75388
2022-05-10 10:52:00,263.865,263.95,263.351,263.422,75023
2022-05-10 10:51:00,263.575,264.038,263.508,263.884,68059
2022-05-10 10:50:00,263.89,263.999,263.234,263.53,56028
2022-05-10 10:49:00,263.811,264.038,263.587,263.894,74981
2022-05-10 10:48:00,264.4,264.608,263.705,263.766,52910
2022-05-10 10:47:00,264.754,265.001,264.333,264.491,51088
2022-05-10 10:46:00,265.029,265.06,264.579,264.768,38710
2022-05-10 10:45:00,265.51,265.57,264.726,265.013,68939
2022-05-10 10:44:00,265.51,265.718,265.148,265.5,42678
2022-05-10 10:43:00,265.137,265.718,264.913,265.505,86696
2022-05-10 10:42:00,265.206,265.247,264.922,265.141,31770
2022-05-10 10:41:00,264.97,265.315,264.736,265.2,54259
2022-05-10 10:40:00,265.496,265.601,264.936,264.968,75437
2022-05-10 10:39:00,265.51,265.698,265.335,265.495,49471
2022-05-10 10:38:00,265.766,265.954,265.415,265.505,53419
2022-05-10 10:37:00,266.159,266.406,265.659,265.74,60339
2022-05-10 10:36:00,266.114,266.307,266.012,266.133,47606
2022-05-10 10:35:00,266.62,266.691,266.14,266.202,36982
2022-05-10 10:34:00,266.286,266.641,265.983,266.595,58571
2022-05-10 10:33:00,266.522,266.759,266.101,266.261,71928
2022-05-10 10:32:00,265.972,266.602,265.885,266.556,32229
2022-05-10 10:31:00,266.119,266.347,265.836,266.133,47597
2022-05-10 10:30:00,266.257,266.307,265.836,266.084,42795
2022-05-10 10:29:00,265.658,266.271,265.581,266.231,48918
2022-05-10 10:28:00,265.893,265.964,264.736,265.642,77915
2022-05-10 10:27:00,266.286,266.484,265.747,265.878,50391
2022-05-10 10:26:00,266.915,267.034,266.091,266.236,76293
2022-05-10 10:25:00,266.861,267.182,266.631,266.885,31000
2022-05-10 10:24:00,266.954,267.212,266.72,266.89,37195
2022-05-10 10:23:00,267.2,267.231,266.602,266.988,44663
2022-05-10 10:22:00,268.123,268.213,266.921,267.169,75839
2022-05-10 10:21:00,268.369,268.508,267.947,268.127,50866
2022-05-10 10:20:00,268.103,268.419,267.643,268.353,122190
2022-05-10 10:19:00,267.927,268.164,267.662,268.137,87860
2022-05-10 10:18:00,267.701,268.144,267.525,267.832,74173
2022-05-10 10:17:00,267.327,267.712,267.073,267.617,60852
2022-05-10 10:16:00,267.455,267.663,267.181,267.312,50011
2022-05-10 10:15:00,266.856,267.535,266.82,267.449,94585
2022-05-10 10:14:00,266.699,267.142,266.602,266.909,101404
2022-05-10 10:13:00,266.748,266.779,266.287,266.713,57800
2022-05-10 10:12:00,267.101,267.398,266.69,266.786,63280
2022-05-10 10:11:00,266.993,267.388,266.857,267.125,36676
2022-05-10 10:10:00,267.465,267.732,266.975,267.007,59706
2022-05-10 10:09:00,268.094,268.262,267.397,267.449,72209
2022-05-10 10:08:00,268.221,268.37,267.947,268.098,63421
2022-05-10 10:07:00,268.427,268.498,268.055,268.206,52105
2022-05-10 10:06:00,267.74,268.724,267.702,268.402,117720
2022-05-10 10:05:00,267.701,267.899,267.402,267.782,55541
2022-05-10 10:04:00,267.868,267.938,267.348,267.695,63577
2022-05-10 10:03:00,267.455,267.997,267.417,267.862,74353
2022-05-10 10:02:00,266.768,267.535,266.445,267.499,116884
2022-05-10 10:01:00,266.316,267.044,266.258,266.831,55109
2022-05-10 10:00:00,267.072,267.103,266.199,266.261,83794
2022-05-10 09:59:00,267.023,267.152,266.553,267.066,78341
2022-05-10 09:58:00,266.34,267.123,266.052,267.007,89129
2022-05-10 09:57:00,266.404,266.602,266.003,266.33,80950
2022-05-10 09:56:00,266.119,266.533,265.6,266.418,75783
2022-05-10 09:55:00,265.491,266.651,265.394,266.106,115289
2022-05-10 09:54:00,265.52,265.816,265.237,265.436,67084
2022-05-10 09:53:00,265.53,265.708,265.246,265.5,67863
2022-05-10 09:52:00,265.667,266.052,265.463,265.564,87812
2022-05-10 09:51:00,265.019,265.649,264.903,265.622,113689
2022-05-10 09:50:00,264.656,265.325,264.49,265.009,134767
2022-05-10 09:49:00,264.99,265.054,264.264,264.64,106781
2022-05-10 09:48:00,265.51,265.551,264.883,265.033,107745
2022-05-10 09:47:00,265.628,265.974,265.467,265.5,99026
2022-05-10 09:46:00,265.903,266.16,265.384,265.652,97110
2022-05-10 09:45:00,266.286,266.347,265.728,265.956,112139
2022-05-10 09:44:00,266.615,266.646,266.219,266.32,98068
2022-05-10 09:43:00,266.64,266.956,266.36,266.607,122626
2022-05-10 09:42:00,266.768,266.867,266.317,266.688,111807
2022-05-10 09:41:00,266.257,266.799,266.101,266.752,131248
2022-05-10 09:40:00,266.728,266.838,265.929,266.296,186207
2022-05-10 09:39:00,266.375,267.025,266.189,266.762,126565
2022-05-10 09:38:00,265.422,266.445,265.188,266.369,111547
2022-05-10 09:37:00,265.5,266.051,265.408,265.465,104187
2022-05-10 09:36:00,266.021,266.082,265.315,265.44,102971
2022-05-10 09:35:00,266.861,267.27,265.914,265.977,123013
2022-05-10 09:34:00,266.473,267.162,266.278,266.86,139257
2022-05-10 09:33:00,266.512,266.936,266.297,266.457,103786
2022-05-10 09:32:00,267.224,267.611,266.425,266.477,103555
2022-05-10 09:31:00,267.71,267.977,267.171,267.258,120475
2022-05-10 09:30:00,266.777,268.085,266.72,267.724,830407
2022-05-10 09:29:00,266.689,266.867,266.641,266.84,1450
2022-05-10 09:28:00,266.63,266.897,266.602,266.87,1233
2022-05-10 09:27:00,265.962,267.192,265.934,266.87,12456
2022-05-10 09:26:00,266.129,266.16,265.934,265.966,4542
2022-05-10 09:25:00,266.178,266.465,266.15,266.202,1705
2022-05-10 09:24:00,266.384,266.416,266.167,266.199,2014
2022-05-10 09:23:00,266.581,266.612,266.445,266.575,2116
2022-05-10 09:22:00,266.443,266.661,266.415,266.634,2067
2022-05-10 09:21:00,266.375,266.602,266.17,266.575,508
2022-05-10 09:20:00,266.375,266.502,266.17,266.202,3830
2022-05-10 09:19:00,266.424,266.455,266.396,266.428,366
2022-05-10 09:18:00,266.571,266.7,266.415,266.448,3072
2022-05-10 09:17:00,266.375,266.69,266.347,266.595,1505
2022-05-10 09:16:00,266.718,266.75,266.346,266.379,3733
2022-05-10 09:15:00,266.817,266.848,266.69,266.723,1206
2022-05-10 09:14:00,266.964,266.995,266.936,266.968,100
2022-05-10 09:13:00,266.988,267.192,266.832,267.096,6378
2022-05-10 09:12:00,266.709,267.182,266.641,267.155,2715
2022-05-10 09:11:00,266.669,266.7,266.543,266.673,1262
2022-05-10 09:10:00,266.768,266.799,266.543,266.575,696
2022-05-10 09:09:00,266.669,266.779,266.582,266.683,2743
2022-05-10 09:08:00,266.866,266.897,266.464,266.497,2785
2022-05-10 09:07:00,266.94,266.985,266.837,266.87,1593
2022-05-10 09:06:00,266.758,266.897,266.641,266.87,3641
2022-05-10 09:05:00,266.846,266.897,266.485,266.772,2530
2022-05-10 09:04:00,266.669,266.7,266.445,266.673,4566
2022-05-10 09:03:00,266.836,266.887,266.504,266.575,2971
2022-05-10 09:02:00,266.669,266.936,266.641,266.752,4102
2022-05-10 09:01:00,266.183,266.691,266.15,266.664,4940
2022-05-10 09:00:00,265.982,266.209,265.944,266.182,5026
2022-05-10 08:59:00,265.972,266.191,265.757,265.858,5722
2022-05-10 08:58:00,265.933,266.003,265.836,265.976,3027
2022-05-10 08:57:00,265.854,266.042,265.826,266.015,7851
2022-05-10 08:56:00,265.304,265.915,265.168,265.888,6814
2022-05-10 08:55:00,265.186,265.325,265.148,265.2,2846
2022-05-10 08:54:00,265.186,265.227,265.138,265.2,6993
2022-05-10 08:53:00,265.176,265.227,265.109,265.2,7078
2022-05-10 08:52:00,265.049,265.207,264.873,265.18,1702
2022-05-10 08:51:00,264.911,265.04,264.883,265.013,500
2022-05-10 08:49:00,265.078,265.109,265.05,265.082,200
2022-05-10 08:48:00,264.931,265.129,264.834,264.866,1700
2022-05-10 08:46:00,264.813,264.922,264.785,264.896,310
2022-05-10 08:45:00,264.718,265.03,264.677,265.004,1603
2022-05-10 08:44:00,264.892,264.952,264.785,264.915,1650
2022-05-10 08:43:00,265.019,265.109,264.857,265.082,400
2022-05-10 08:42:00,265.157,265.188,264.824,264.856,550
2022-05-10 08:41:00,265.0,265.207,264.971,265.161,1850
2022-05-10 08:40:00,265.147,265.217,264.785,264.817,1833
2022-05-10 08:39:00,265.0,265.227,264.971,265.19,6179
2022-05-10 08:38:00,264.98,265.021,264.775,264.984,761
2022-05-10 08:37:00,264.705,265.03,264.677,265.004,6810
2022-05-10 08:36:00,264.459,264.736,264.431,264.709,2370
2022-05-10 08:35:00,264.548,264.668,264.431,264.463,400
2022-05-10 08:34:00,264.705,264.736,264.53,264.562,470
2022-05-10 08:33:00,264.489,264.52,264.461,264.493,100
2022-05-10 08:32:00,264.705,265.021,264.677,264.994,832
2022-05-10 08:31:00,264.302,264.726,264.274,264.699,2956
2022-05-10 08:30:00,264.312,264.343,264.284,264.316,297
2022-05-10 08:29:00,264.214,264.343,264.186,264.316,750
2022-05-10 08:28:00,264.017,264.05,263.989,264.023,700
2022-05-10 08:27:00,264.066,264.097,264.038,264.071,376
2022-05-10 08:25:00,264.214,264.245,264.186,264.218,910
2022-05-10 08:24:00,264.214,264.245,264.186,264.218,150
2022-05-10 08:23:00,264.322,264.441,264.284,264.414,1639
2022-05-10 08:22:00,264.508,264.539,264.48,264.513,100
2022-05-10 08:20:00,264.558,264.687,264.529,264.562,3873
2022-05-10 08:19:00,264.44,264.687,264.299,264.66,1491
2022-05-10 08:18:00,264.556,264.588,264.294,264.326,4720
2022-05-10 08:17:00,264.312,264.588,264.137,264.414,2343
2022-05-10 08:16:00,264.312,264.343,264.186,264.316,2407
2022-05-10 08:15:00,264.283,264.343,264.255,264.316,300
2022-05-10 08:14:00,264.371,264.402,264.284,264.316,301
2022-05-10 08:13:00,264.607,264.638,264.431,264.463,923
2022-05-10 08:12:00,264.45,264.638,264.421,264.463,1663
2022-05-10 08:11:00,264.41,264.49,264.239,264.454,2196
2022-05-10 08:10:00,264.214,264.471,264.186,264.444,4505
2022-05-10 08:09:00,264.312,264.441,264.186,264.218,1701
2022-05-10 08:08:00,264.155,264.441,264.117,264.218,3945
2022-05-10 08:07:00,264.106,264.245,264.038,264.159,3392
2022-05-10 08:06:00,264.008,264.038,263.93,263.972,1887
2022-05-10 08:05:00,264.008,264.038,263.98,264.012,840
2022-05-10 08:04:00,264.057,264.117,263.695,264.012,1358
2022-05-10 08:03:00,263.733,264.097,263.705,263.873,675
2022-05-10 08:02:00,263.546,263.724,263.518,263.678,3092
2022-05-10 08:01:00,263.497,263.606,263.469,263.579,867
2022-05-10 08:00:00,263.231,263.606,261.976,263.363,23193
2022-05-10 07:59:00,263.232,263.449,263.204,263.422,2011
2022-05-10 07:57:00,263.114,263.164,263.086,263.118,979
2022-05-10 07:56:00,262.957,262.987,262.929,262.961,233
2022-05-10 07:52:00,263.084,263.115,263.056,263.088,370
2022-05-10 07:50:00,263.526,263.557,263.155,263.187,1054
2022-05-10 07:49:00,263.33,263.361,263.302,263.334,300
2022-05-10 07:48:00,263.202,263.262,263.174,263.236,400
2022-05-10 07:47:00,263.035,263.125,262.919,262.99,765
2022-05-10 07:46:00,263.025,263.056,262.997,263.029,100
2022-05-10 07:43:00,263.192,263.223,263.164,263.196,100
2022-05-10 07:42:00,262.976,263.213,262.948,263.187,1307
2022-05-10 07:41:00,262.888,262.987,262.86,262.931,300
2022-05-10 07:40:00,263.084,263.115,263.056,263.088,410
2022-05-10 07:39:00,263.173,263.213,263.145,263.187,353
2022-05-10 07:37:00,263.035,263.066,263.007,263.039,406
2022-05-10 07:36:00,263.114,263.233,263.086,263.137,2999
2022-05-10 07:34:00,262.957,262.987,262.86,262.892,663
2022-05-10 07:33:00,262.731,262.791,262.703,262.764,263
2022-05-10 07:29:00,262.495,262.575,262.467,262.548,1107
2022-05-10 07:28:00,262.249,262.28,262.222,262.253,1012
2022-05-10 07:26:00,262.249,262.28,262.143,262.175,516
2022-05-10 07:25:00,262.259,262.535,262.222,262.253,1069
2022-05-10 07:24:00,262.279,262.319,262.251,262.293,242
2022-05-10 07:23:00,262.112,262.388,262.084,262.361,538
2022-05-10 07:22:00,262.249,262.28,262.104,262.136,220
2022-05-10 07:21:00,262.289,262.319,262.222,262.253,2878
2022-05-10 07:20:00,262.446,262.476,262.231,262.263,627
2022-05-10 07:19:00,262.515,262.545,262.418,262.45,937
2022-05-10 07:17:00,262.574,262.604,262.546,262.578,200
2022-05-10 07:16:00,262.642,262.673,262.614,262.646,800
2022-05-10 07:15:00,262.711,262.742,262.614,262.646,769
2022-05-10 07:14:00,262.839,262.869,262.811,262.843,100
2022-05-10 07:13:00,262.78,262.81,262.713,262.745,470
2022-05-10 07:12:00,262.78,262.82,262.752,262.794,300
2022-05-10 07:11:00,262.77,262.801,262.713,262.764,938
2022-05-10 07:09:00,262.74,262.81,262.713,262.784,785
2022-05-10 07:08:00,262.652,262.771,262.624,262.745,900
2022-05-10 07:07:00,262.652,262.683,262.614,262.656,667
2022-05-10 07:06:00,262.652,262.683,262.624,262.656,100
2022-05-10 07:05:00,262.819,262.85,262.722,262.754,1289
2022-05-10 07:04:00,262.917,263.017,262.889,262.941,2928
2022-05-10 07:03:00,262.829,262.86,262.801,262.833,146
2022-05-10 07:02:00,263.212,263.262,262.958,262.99,4074
2022-05-10 07:01:00,263.143,263.174,262.958,262.99,732
2022-05-10 07:00:00,263.232,263.262,263.105,263.137,1776
2022-05-10 06:47:00,263.428,263.459,263.4,263.432,210
2022-05-10 06:43:00,263.585,263.616,263.557,263.589,100
2022-05-10 06:41:00,263.516,263.547,263.488,263.521,100
2022-05-10 06:38:00,263.644,263.675,263.616,263.648,687
2022-05-10 06:37:00,263.644,263.753,263.616,263.727,269
2022-05-10 06:35:00,263.752,263.793,263.724,263.756,1811
2022-05-10 06:34:00,263.674,263.753,263.646,263.727,200
2022-05-10 06:30:00,263.497,263.528,263.469,263.501,131
2022-05-10 06:22:00,263.408,263.449,263.38,263.422,486
2022-05-10 06:19:00,263.408,263.439,263.371,263.403,274
2022-05-10 06:17:00,263.084,263.115,263.056,263.088,100
2022-05-10 06:00:00,262.996,263.027,262.968,263.0,108
2022-05-10 05:53:00,262.996,263.027,262.968,263.0,100
2022-05-10 05:52:00,263.173,263.203,263.145,263.177,110
2022-05-10 05:48:00,263.624,263.655,263.597,263.629,100
2022-05-10 05:43:00,264.066,264.097,264.038,264.071,124
2022-05-10 05:39:00,263.909,263.94,263.881,263.913,100
2022-05-10 05:12:00,263.733,263.763,263.705,263.737,101
2022-05-10 05:10:00,263.723,263.753,263.695,263.727,400
2022-05-10 05:09:00,263.526,263.695,263.498,263.668,700
2022-05-10 05:07:00,263.428,263.478,263.4,263.432,996
2022-05-10 05:06:00,263.428,263.459,263.4,263.432,100
2022-05-10 05:05:00,263.526,263.557,263.498,263.53,100
2022-05-10 05:04:00,263.634,263.665,263.4,263.53,2159
2022-05-10 04:54:00,263.772,263.803,263.744,263.776,100
2022-05-10 04:51:00,263.87,263.901,263.842,263.874,100
2022-05-10 04:40:00,264.214,264.245,264.186,264.218,152
2022-05-10 04:39:00,264.312,264.343,264.284,264.316,229
2022-05-10 04:38:00,264.459,264.49,264.431,264.463,500
2022-05-10 04:37:00,264.459,264.49,264.431,264.463,290
2022-05-10 04:35:00,264.499,264.529,264.471,264.503,110
2022-05-10 04:34:00,264.459,264.49,264.431,264.463,315
2022-05-10 04:30:00,264.459,264.49,264.431,264.463,365
2022-05-10 04:29:00,264.283,264.313,264.255,264.287,100
2022-05-10 04:24:00,264.194,264.225,264.166,264.198,100
2022-05-10 04:23:00,264.351,264.382,264.323,264.355,233
2022-05-10 04:22:00,264.214,264.245,264.166,264.198,566
2022-05-10 04:20:00,264.499,264.529,264.431,264.463,240
2022-05-10 04:19:00,263.919,264.107,263.891,264.071,2598
2022-05-10 04:18:00,263.919,263.95,263.891,263.923,200
2022-05-10 04:17:00,263.624,263.753,263.597,263.727,611
2022-05-10 04:11:00,263.624,263.655,263.597,263.629,2000
2022-05-10 04:10:00,263.791,263.999,263.616,263.972,2063
2022-05-10 04:09:00,263.624,263.655,263.597,263.629,1979
2022-05-10 04:06:00,263.232,263.262,263.204,263.236,290
2022-05-10 04:05:00,263.232,263.262,263.174,263.206,1794
2022-05-10 04:04:00,263.222,263.262,263.194,263.236,3831
2022-05-10 04:03:00,262.78,262.987,262.752,262.961,695
2022-05-10 04:00:00,262.485,262.565,262.457,262.538,621
2022-05-09 19:59:00,260.58,260.905,260.257,260.289,799
2022-05-09 19:58:00,260.422,260.453,260.395,260.427,287
2022-05-09 19:57:00,260.56,260.659,260.414,260.446,1110
2022-05-09 19:56:00,260.285,260.453,260.257,260.427,614
2022-05-09 19:55:00,260.364,260.414,260.336,260.387,997
2022-05-09 19:54:00,260.373,260.404,260.346,260.377,220
2022-05-09 19:53:00,260.373,260.404,260.248,260.279,1110
2022-05-09 19:52:00,260.373,260.404,260.346,260.377,105
2022-05-09 19:51:00,260.285,260.315,260.257,260.289,275
2022-05-09 19:49:00,260.383,260.414,260.257,260.289,602
2022-05-09 19:48:00,260.481,260.512,260.454,260.485,299
2022-05-09 19:43:00,260.481,260.512,260.454,260.485,247
2022-05-09 19:42:00,260.383,260.463,260.356,260.436,2912
2022-05-09 19:41:00,260.422,260.463,260.395,260.436,432
2022-05-09 19:40:00,260.432,260.463,260.405,260.436,1000
2022-05-09 19:39:00,260.432,260.463,260.405,260.436,116
2022-05-09 19:38:00,260.481,260.512,260.454,260.485,1703
2022-05-09 19:37:00,260.481,260.512,260.454,260.485,425
2022-05-09 19:36:00,260.314,260.345,260.287,260.318,100
2022-05-09 19:34:00,260.383,260.414,260.356,260.387,144
2022-05-09 19:33:00,259.597,259.628,259.57,259.601,300
2022-05-09 19:30:00,260.285,260.315,260.257,260.289,600
2022-05-09 19:29:00,260.285,260.315,260.257,260.289,1000
2022-05-09 19:26:00,260.285,260.315,260.257,260.289,104
2022-05-09 19:25:00,260.58,260.61,260.552,260.584,715
2022-05-09 19:24:00,260.295,260.325,260.267,260.299,300
2022-05-09 19:23:00,260.452,260.482,260.424,260.456,100
2022-05-09 19:22:00,260.285,260.315,260.257,260.289,171
2022-05-09 19:21:00,260.481,260.512,260.454,260.485,903
2022-05-09 19:20:00,260.285,260.315,260.257,260.289,100
2022-05-09 19:19:00,260.305,260.335,260.012,260.043,569
2022-05-09 19:18:00,260.619,260.649,260.591,260.623,480
2022-05-09 19:16:00,260.432,260.463,260.257,260.289,601
2022-05-09 19:14:00,260.756,260.806,260.729,260.78,746
2022-05-09 19:13:00,260.756,260.806,260.729,260.78,454
2022-05-09 19:08:00,260.973,261.003,260.748,260.78,506
2022-05-09 19:06:00,260.874,260.905,260.768,260.8,580
2022-05-09 19:05:00,260.825,261.003,260.798,260.976,806
2022-05-09 19:04:00,260.776,260.807,260.749,260.78,200
2022-05-09 19:00:00,260.825,260.856,260.798,260.829,100
2022-05-09 18:59:00,260.786,261.023,260.758,260.996,329
2022-05-09 18:58:00,260.796,260.826,260.768,260.8,100
2022-05-09 18:56:00,260.786,260.816,260.758,260.79,1000
2022-05-09 18:54:00,260.776,260.806,260.748,260.78,100
2022-05-09 18:53:00,260.874,260.905,260.847,260.878,354
2022-05-09 18:52:00,260.874,260.905,260.847,260.878,200
2022-05-09 18:50:00,261.041,261.072,261.014,261.045,200
2022-05-09 18:49:00,260.933,260.993,260.906,260.967,395
2022-05-09 18:48:00,260.776,260.806,260.748,260.78,346
2022-05-09 18:47:00,260.776,260.806,260.748,260.78,428
2022-05-09 18:46:00,260.776,260.806,260.748,260.78,500
2022-05-09 18:44:00,260.295,260.325,260.267,260.299,167
2022-05-09 18:41:00,260.717,260.748,260.689,260.721,292
2022-05-09 18:39:00,260.825,260.856,260.798,260.829,118
2022-05-09 18:38:00,260.776,260.856,260.748,260.829,903
2022-05-09 18:35:00,260.766,260.856,260.739,260.829,634
2022-05-09 18:33:00,260.727,260.856,260.699,260.829,593
2022-05-09 18:32:00,260.825,260.856,260.699,260.731,898
2022-05-09 18:31:00,260.57,260.856,260.542,260.829,633
2022-05-09 18:26:00,260.285,260.679,260.257,260.652,1025
2022-05-09 18:25:00,260.55,260.6,260.257,260.289,1282
2022-05-09 18:24:00,260.58,260.61,260.552,260.584,136
2022-05-09 18:23:00,260.403,260.433,260.257,260.289,1078
2022-05-09 18:21:00,260.324,260.355,260.297,260.328,208
2022-05-09 18:20:00,260.609,260.639,260.581,260.613,195
2022-05-09 18:17:00,260.481,260.639,260.454,260.593,401
2022-05-09 18:10:00,260.187,260.217,260.159,260.191,953
2022-05-09 18:09:00,260.413,260.443,260.257,260.289,2980
2022-05-09 18:07:00,260.678,260.708,260.65,260.682,100
2022-05-09 18:06:00,260.58,260.708,260.552,260.682,204
2022-05-09 18:04:00,260.57,260.61,260.523,260.584,614
2022-05-09 18:02:00,260.923,260.954,260.896,260.927,198
2022-05-09 18:01:00,260.786,260.973,260.748,260.937,1442
2022-05-09 18:00:00,259.696,260.806,259.275,260.633,10563
2022-05-09 17:59:00,259.45,259.726,259.423,259.7,500
2022-05-09 17:58:00,259.647,259.726,259.619,259.7,567
2022-05-09 17:55:00,259.322,259.353,258.916,258.947,1888
2022-05-09 17:54:00,259.568,259.598,259.393,259.425,1650
2022-05-09 17:52:00,259.804,259.834,259.776,259.808,100
2022-05-09 17:51:00,259.764,259.814,259.737,259.788,421
2022-05-09 17:50:00,259.686,259.775,259.658,259.749,674
2022-05-09 17:49:00,259.54,259.57,259.511,259.543,200
2022-05-09 17:47:00,259.303,259.768,259.275,259.443,375
2022-05-09 17:43:00,259.774,259.805,259.747,259.778,200
2022-05-09 17:42:00,259.283,259.313,259.256,259.287,400
2022-05-09 17:38:00,259.283,259.313,259.245,259.277,200
2022-05-09 17:37:00,259.205,259.235,259.177,259.209,400
2022-05-09 17:36:00,259.087,259.117,259.03,259.061,887
2022-05-09 17:35:00,259.106,259.362,259.03,259.081,2345
2022-05-09 17:34:00,259.725,259.814,258.293,258.56,7467
2022-05-09 17:32:00,259.764,259.795,259.737,259.768,343
2022-05-09 17:30:00,259.411,259.441,259.383,259.415,672
2022-05-09 17:29:00,259.637,259.667,259.57,259.601,680
2022-05-09 17:28:00,259.735,259.765,259.636,259.668,325
2022-05-09 17:27:00,259.794,259.824,259.766,259.798,300
2022-05-09 17:26:00,260.256,260.286,259.786,259.818,467
2022-05-09 17:25:00,259.735,259.765,259.707,259.739,360
2022-05-09 17:23:00,259.961,259.991,259.933,259.965,400
2022-05-09 17:19:00,259.951,259.981,259.923,259.955,200
2022-05-09 17:17:00,259.833,259.981,259.806,259.955,1399
2022-05-09 17:12:00,259.892,259.922,259.865,259.896,349
2022-05-09 17:11:00,259.794,259.834,259.766,259.808,800
2022-05-09 17:10:00,259.892,259.922,259.766,259.798,300
2022-05-09 17:09:00,259.664,259.694,259.636,259.668,200
2022-05-09 17:07:00,259.745,259.785,259.717,259.759,467
2022-05-09 17:06:00,259.745,259.922,259.717,259.896,276
2022-05-09 17:05:00,259.745,259.922,259.717,259.896,250
2022-05-09 17:04:00,259.892,259.922,259.698,259.729,1280
2022-05-09 17:03:00,259.892,259.922,259.865,259.896,380
2022-05-09 17:01:00,259.89,259.92,259.862,259.894,100
2022-05-09 17:00:00,259.729,259.759,259.701,259.733,142
2022-05-09 16:58:00,259.813,259.913,259.786,259.886,200
2022-05-09 16:54:00,259.725,260.119,259.656,260.093,1695
2022-05-09 16:53:00,259.764,259.834,259.737,259.808,636
2022-05-09 16:52:00,259.774,259.805,259.737,259.768,245
2022-05-09 16:50:00,259.725,259.755,259.698,259.729,100
2022-05-09 16:49:00,259.51,259.824,259.483,259.798,432
2022-05-09 16:48:00,259.676,259.706,259.648,259.68,300
2022-05-09 16:47:00,259.647,259.873,259.619,259.847,1779
2022-05-09 16:46:00,259.637,259.667,259.377,259.409,794
2022-05-09 16:45:00,259.509,259.539,259.481,259.513,314
2022-05-09 16:44:00,259.342,259.628,259.315,259.601,3583
2022-05-09 16:43:00,259.597,259.628,259.452,259.484,1090
2022-05-09 16:42:00,259.548,259.579,259.521,259.552,997
2022-05-09 16:41:00,259.548,259.627,259.521,259.592,500
2022-05-09 16:40:00,259.607,259.638,259.57,259.601,200
2022-05-09 16:39:00,259.452,259.628,259.424,259.601,1597
2022-05-09 16:36:00,259.774,259.804,259.747,259.778,100
2022-05-09 16:35:00,259.344,259.51,259.285,259.317,576
2022-05-09 16:34:00,259.597,259.628,259.423,259.601,1996
2022-05-09 16:33:00,259.774,259.805,259.747,259.778,3000
2022-05-09 16:32:00,259.813,259.844,259.57,259.601,1232
2022-05-09 16:31:00,259.912,259.952,259.825,259.857,3843
2022-05-09 16:30:00,259.951,260.315,259.845,260.289,3404
2022-05-09 16:29:00,260.286,260.492,259.865,259.896,3040
2022-05-09 16:28:00,260.334,260.364,260.306,260.338,659
2022-05-09 16:27:00,260.334,260.364,259.845,260.289,2457
2022-05-09 16:26:00,260.288,260.318,260.26,260.292,100
2022-05-09 16:25:00,260.334,260.364,260.306,260.338,100
2022-05-09 16:24:00,260.466,260.497,259.845,259.876,114131
2022-05-09 16:23:00,260.334,260.364,260.257,260.289,346
2022-05-09 16:22:00,260.414,260.444,259.845,260.291,20294
2022-05-09 16:20:00,260.462,260.512,260.414,260.446,846
2022-05-09 16:17:00,260.727,260.757,260.601,260.633,1197
2022-05-09 16:16:00,260.629,260.659,260.601,260.633,543
2022-05-09 16:15:00,260.589,260.639,260.552,260.613,2699
2022-05-09 16:14:00,260.452,260.482,260.424,260.456,100
2022-05-09 16:13:00,260.511,261.003,259.845,259.876,8229
2022-05-09 16:12:00,260.668,260.806,260.509,260.78,2964
2022-05-09 16:11:00,260.531,260.698,260.503,260.672,200
2022-05-09 16:10:00,260.511,260.561,260.434,260.535,913
2022-05-09 16:09:00,260.539,260.569,260.511,260.543,100
2022-05-09 16:08:00,260.776,260.806,260.414,260.446,3131
2022-05-09 16:07:00,260.531,261.18,260.503,261.153,11094
2022-05-09 16:06:00,260.285,260.561,259.894,260.515,5727
2022-05-09 16:05:00,260.432,260.463,260.375,260.407,202
2022-05-09 16:04:00,260.56,260.61,260.503,260.535,4271
2022-05-09 16:03:00,260.265,260.6,259.845,260.574,403680
2022-05-09 16:02:00,260.138,260.315,259.845,259.876,21378
2022-05-09 16:01:00,259.951,260.296,259.845,260.093,5445
2022-05-09 16:00:00,259.725,260.315,259.648,260.269,5673485
2022-05-09 15:59:00,259.99,260.404,259.423,259.886,708085
2022-05-09 15:58:00,260.206,260.502,259.923,260.014,227981
2022-05-09 15:57:00,260.285,260.689,260.159,260.22,273273
2022-05-09 15:56:00,260.226,260.512,260.031,260.279,207838
2022-05-09 15:55:00,259.313,260.266,259.275,260.23,275868
2022-05-09 15:54:00,259.352,259.657,258.823,259.287,170419
2022-05-09 15:53:00,259.106,259.412,258.725,259.356,188537
2022-05-09 15:52:00,258.654,259.235,258.607,259.11,179888
2022-05-09 15:51:00,259.067,259.137,258.607,258.649,136630
2022-05-09 15:50:00,259.067,259.254,258.617,259.061,223517
2022-05-09 15:49:00,259.106,259.215,258.882,259.12,101846
2022-05-09 15:48:00,259.096,259.294,258.971,259.11,84727
2022-05-09 15:47:00,259.219,259.412,259.059,259.13,129977
2022-05-09 15:46:00,259.627,259.678,259.167,259.209,123017
2022-05-09 15:45:00,259.548,259.814,259.472,259.67,92440
2022-05-09 15:44:00,259.431,259.795,259.403,259.552,76073
2022-05-09 15:43:00,259.903,259.981,259.393,259.464,127994
2022-05-09 15:42:00,259.99,260.139,259.815,259.887,48812
2022-05-09 15:41:00,260.0,260.315,259.806,259.999,85673
2022-05-09 15:40:00,260.187,260.286,259.786,260.024,75920
2022-05-09 15:39:00,260.059,260.315,259.894,260.201,54646
2022-05-09 15:38:00,260.255,260.315,259.835,260.043,78974
2022-05-09 15:37:00,260.226,260.472,259.973,260.26,71045
2022-05-09 15:36:00,259.853,260.315,259.776,260.23,61819
2022-05-09 15:35:00,260.197,260.256,259.796,259.847,51720
2022-05-09 15:34:00,260.03,260.217,259.707,260.191,90359
2022-05-09 15:33:00,259.71,260.453,259.629,260.034,133750
2022-05-09 15:32:00,259.863,259.922,259.609,259.709,108345
2022-05-09 15:31:00,260.393,260.453,259.806,259.945,104212
2022-05-09 15:30:00,260.432,260.512,260.14,260.397,119563
2022-05-09 15:29:00,260.326,260.472,260.061,260.446,78860
2022-05-09 15:28:00,260.226,260.571,260.041,260.328,75043
2022-05-09 15:27:00,260.367,260.531,260.198,260.26,68840
2022-05-09 15:26:00,260.639,260.733,260.336,260.368,52378
2022-05-09 15:25:00,260.599,260.795,260.483,260.711,47327
2022-05-09 15:24:00,260.58,260.748,260.365,260.635,51658
2022-05-09 15:23:00,260.668,260.797,260.523,260.584,56765
2022-05-09 15:22:00,260.856,260.934,260.631,260.702,49862
2022-05-09 15:21:00,261.041,261.209,260.807,260.883,58062
2022-05-09 15:20:00,261.601,261.632,260.945,261.045,85776
2022-05-09 15:19:00,261.817,262.054,261.534,261.625,45624
2022-05-09 15:18:00,261.65,262.044,261.475,261.919,55383
2022-05-09 15:17:00,261.965,261.995,261.485,261.715,47561
2022-05-09 15:16:00,262.063,262.133,261.701,261.929,72424
2022-05-09 15:15:00,262.249,262.457,261.937,262.028,48955
2022-05-09 15:14:00,262.323,262.359,262.035,262.253,54683
2022-05-09 15:13:00,262.201,262.457,262.074,262.293,83039
2022-05-09 15:12:00,261.915,262.349,261.77,262.225,103383
2022-05-09 15:11:00,261.572,262.467,261.456,262.047,66960
2022-05-09 15:10:00,261.483,261.808,261.426,261.536,51158
2022-05-09 15:09:00,262.043,262.074,261.318,261.517,60128
2022-05-09 15:08:00,262.436,262.476,261.937,262.086,41865
2022-05-09 15:07:00,262.171,262.771,262.143,262.489,154446
2022-05-09 15:06:00,261.773,262.28,261.721,262.155,40850
2022-05-09 15:05:00,261.856,262.123,261.652,261.772,31148
2022-05-09 15:04:00,262.21,262.241,261.74,261.88,75720
2022-05-09 15:03:00,262.289,262.516,261.839,262.263,56384
2022-05-09 15:02:00,262.583,262.683,262.143,262.342,33663
2022-05-09 15:01:00,262.151,262.693,262.123,262.562,65801
2022-05-09 15:00:00,261.945,262.28,261.436,262.185,50996
2022-05-09 14:59:00,261.906,262.142,261.651,261.949,34815
2022-05-09 14:58:00,262.19,262.265,261.745,261.89,42199
2022-05-09 14:57:00,262.053,262.29,261.947,262.249,64039
2022-05-09 14:56:00,261.788,262.181,261.581,262.057,47030
2022-05-09 14:55:00,261.483,261.936,261.377,261.743,37908
2022-05-09 14:54:00,261.326,261.646,261.297,261.468,23979
2022-05-09 14:53:00,261.542,261.587,261.23,261.32,30973
2022-05-09 14:52:00,261.405,261.821,261.347,261.546,36376
2022-05-09 14:51:00,260.835,261.661,260.759,261.457,63651
2022-05-09 14:50:00,260.923,260.983,260.513,260.859,54018
2022-05-09 14:49:00,261.552,261.583,260.778,260.947,33173
2022-05-09 14:48:00,261.53,261.926,261.503,261.586,43248
2022-05-09 14:47:00,261.424,261.691,261.259,261.546,47802
2022-05-09 14:46:00,260.923,261.543,260.866,261.389,35327
2022-05-09 14:45:00,260.717,261.101,260.64,260.908,29878
2022-05-09 14:44:00,260.639,261.032,260.601,260.741,41667
2022-05-09 14:43:00,260.658,260.836,260.572,260.702,25467
2022-05-09 14:42:00,260.56,260.875,260.424,260.711,48618
2022-05-09 14:41:00,260.545,260.885,260.424,260.554,33347
2022-05-09 14:40:00,260.663,260.895,260.444,260.57,33139
2022-05-09 14:39:00,261.139,261.17,260.542,260.682,37063
2022-05-09 14:38:00,260.943,261.514,260.899,261.193,54914
2022-05-09 14:37:00,260.432,260.996,260.287,260.913,30304
2022-05-09 14:36:00,260.668,260.698,260.297,260.446,24896
2022-05-09 14:35:00,260.482,261.101,260.444,260.672,67075
2022-05-09 14:34:00,260.077,260.856,260.049,260.466,99167
2022-05-09 14:33:00,260.261,260.374,260.012,260.107,50225
2022-05-09 14:32:00,260.354,260.433,260.208,260.261,159308
2022-05-09 14:31:00,260.796,260.826,260.316,260.372,39390
2022-05-09 14:30:00,260.815,260.856,260.483,260.79,45624
2022-05-09 14:29:00,260.678,260.964,260.644,260.829,32651
2022-05-09 14:28:00,260.639,260.777,260.414,260.702,48842
2022-05-09 14:27:00,260.943,261.072,260.601,260.692,28041
2022-05-09 14:26:00,260.914,261.035,260.542,260.888,46991
2022-05-09 14:25:00,260.84,260.973,260.552,260.927,41348
2022-05-09 14:24:00,260.776,260.885,260.581,260.839,31683
2022-05-09 14:23:00,260.894,261.013,260.65,260.8,27600
2022-05-09 14:22:00,261.09,261.347,260.798,260.918,44030
2022-05-09 14:21:00,261.159,261.239,260.817,261.114,34637
2022-05-09 14:20:00,261.464,261.499,261.063,261.183,31772
2022-05-09 14:19:00,261.557,261.587,261.171,261.448,25641
2022-05-09 14:18:00,261.09,261.7,261.014,261.556,43896
2022-05-09 14:17:00,261.061,261.249,260.935,261.085,28740
2022-05-09 14:16:00,260.776,261.249,260.729,261.114,37546
2022-05-09 14:15:00,260.702,260.954,260.63,260.824,22524
2022-05-09 14:14:00,260.717,260.806,260.552,260.728,32260
2022-05-09 14:13:00,261.017,261.121,260.64,260.731,57964
2022-05-09 14:12:00,260.786,261.082,260.655,261.027,29545
2022-05-09 14:11:00,260.776,261.003,260.714,260.839,25886
2022-05-09 14:10:00,260.747,260.856,260.621,260.77,25122
2022-05-09 14:09:00,260.501,260.905,260.464,260.78,29606
2022-05-09 14:08:00,260.707,260.846,260.473,260.535,32203
2022-05-09 14:07:00,260.648,260.944,260.601,260.692,26701
2022-05-09 14:06:00,260.963,261.032,260.601,260.633,48100
2022-05-09 14:05:00,261.002,261.249,260.915,260.977,30306
2022-05-09 14:04:00,260.982,261.17,260.896,261.016,22612
2022-05-09 14:03:00,261.09,261.386,260.955,260.986,25000
2022-05-09 14:02:00,261.228,261.425,261.033,261.178,24836
2022-05-09 14:01:00,261.11,261.396,261.043,261.232,33583
2022-05-09 14:00:00,260.923,261.239,260.818,261.114,30346
2022-05-09 13:59:00,261.09,261.17,260.915,260.981,19284
2022-05-09 13:58:00,261.395,261.425,260.915,261.045,27418
2022-05-09 13:57:00,261.085,261.632,260.964,261.409,39548
2022-05-09 13:56:00,261.02,261.307,260.974,261.114,33665
2022-05-09 13:55:00,260.756,261.249,260.699,261.035,44080
2022-05-09 13:54:00,260.766,260.875,260.552,260.775,41968
2022-05-09 13:53:00,260.796,260.915,260.67,260.76,36401
2022-05-09 13:52:00,261.09,261.121,260.748,260.819,46867
2022-05-09 13:51:00,261.306,261.386,261.033,261.104,64686
2022-05-09 13:50:00,261.424,261.602,261.279,261.311,62290
2022-05-09 13:49:00,261.523,261.563,261.325,261.438,26953
2022-05-09 13:48:00,261.827,261.985,261.475,261.527,29281
2022-05-09 13:47:00,261.493,261.867,261.289,261.782,42563
2022-05-09 13:46:00,261.699,261.799,261.49,261.536,29867
2022-05-09 13:45:00,261.866,262.166,261.731,261.762,37522
2022-05-09 13:44:00,261.758,262.054,261.642,261.87,41488
2022-05-09 13:43:00,261.778,262.033,261.662,261.802,31516
2022-05-09 13:42:00,261.856,261.946,261.652,261.753,32370
2022-05-09 13:41:00,261.483,261.907,261.426,261.831,58377
2022-05-09 13:40:00,261.267,261.563,261.22,261.507,30293
2022-05-09 13:39:00,261.189,261.465,261.13,261.301,37484
2022-05-09 13:38:00,261.257,261.357,261.073,261.166,19101
2022-05-09 13:37:00,261.375,261.445,261.063,261.271,148800
2022-05-09 13:36:00,261.228,261.514,261.102,261.374,33171
2022-05-09 13:35:00,261.208,261.366,261.082,261.232,30900
2022-05-09 13:34:00,261.709,261.779,261.161,261.271,66499
2022-05-09 13:33:00,261.945,261.975,261.524,261.753,56216
2022-05-09 13:32:00,262.613,262.643,261.888,261.939,60089
2022-05-09 13:31:00,262.524,262.732,262.379,262.637,34944
2022-05-09 13:30:00,262.441,262.702,262.389,262.536,38664
2022-05-09 13:29:00,262.2,262.771,262.172,262.401,42084
2022-05-09 13:28:00,262.19,262.329,261.799,262.195,35965
2022-05-09 13:27:00,262.082,262.425,262.03,262.224,39446
2022-05-09 13:26:00,262.367,262.417,261.907,262.106,39093
2022-05-09 13:25:00,261.837,262.427,261.809,262.371,61195
2022-05-09 13:24:00,261.83,261.985,261.637,261.831,28675
2022-05-09 13:23:00,261.856,261.997,261.75,261.821,19829
2022-05-09 13:22:00,262.063,262.093,261.829,261.87,27527
2022-05-09 13:21:00,261.827,262.103,261.77,262.057,28312
2022-05-09 13:20:00,262.053,262.084,261.632,261.811,30373
2022-05-09 13:19:00,262.19,262.319,262.025,262.066,29036
2022-05-09 13:18:00,262.171,262.26,261.927,262.195,46835
2022-05-09 13:17:00,261.895,262.241,261.839,262.195,31834
2022-05-09 13:16:00,261.935,262.034,261.701,261.993,13940
2022-05-09 13:15:00,261.758,262.014,261.67,261.929,19008
2022-05-09 13:14:00,261.935,262.005,261.691,261.762,17677
2022-05-09 13:13:00,261.925,262.084,261.848,261.934,26692
2022-05-09 13:12:00,261.601,262.044,261.534,261.929,31176
2022-05-09 13:11:00,261.699,261.74,261.485,261.615,22752
2022-05-09 13:10:00,261.945,261.975,261.603,261.723,31240
2022-05-09 13:09:00,261.965,262.221,261.897,261.975,11701
2022-05-09 13:08:00,262.21,262.29,261.868,261.959,23457
2022-05-09 13:07:00,262.073,262.231,261.966,262.204,29282
2022-05-09 13:06:00,261.827,262.182,261.701,262.077,28903
2022-05-09 13:05:00,261.778,261.995,261.721,261.851,21416
2022-05-09 13:04:00,261.935,262.064,261.74,261.79,22595
2022-05-09 13:03:00,262.136,262.182,261.875,261.929,18981
2022-05-09 13:02:00,261.945,262.368,261.888,262.125,58710
2022-05-09 13:01:00,261.906,262.084,261.878,261.959,30724
2022-05-09 13:00:00,262.082,262.162,261.839,261.901,35634
2022-05-09 12:59:00,262.176,262.309,262.055,262.096,24877
2022-05-09 12:58:00,262.456,262.486,262.153,262.185,41049
2022-05-09 12:57:00,262.333,262.584,262.222,262.489,55373
2022-05-09 12:56:00,262.603,262.634,262.29,262.322,24692
2022-05-09 12:55:00,262.377,262.722,262.33,262.617,37673
2022-05-09 12:54:00,262.289,262.496,262.222,262.396,29378
2022-05-09 12:53:00,262.515,262.702,262.222,262.263,37038
2022-05-09 12:52:00,262.426,262.663,262.317,262.499,24831
2022-05-09 12:51:00,262.426,262.496,262.231,262.43,49963
2022-05-09 12:50:00,262.632,262.722,262.418,262.469,22284
2022-05-09 12:49:00,262.544,262.791,262.369,262.676,27461
2022-05-09 12:48:00,262.485,262.614,262.339,262.563,36201
2022-05-09 12:47:00,262.505,262.594,262.379,262.509,32235
2022-05-09 12:46:00,262.438,262.594,262.32,262.509,37576
2022-05-09 12:45:00,262.534,262.663,262.339,262.42,33655
2022-05-09 12:44:00,262.642,262.702,262.438,262.568,24557
2022-05-09 12:43:00,262.534,262.722,262.477,262.617,35302
2022-05-09 12:42:00,262.718,262.889,262.516,262.563,31857
2022-05-09 12:41:00,262.554,262.82,262.526,262.715,33241
2022-05-09 12:40:00,262.465,262.82,262.428,262.587,71565
2022-05-09 12:39:00,262.78,262.86,262.428,262.46,63624
2022-05-09 12:38:00,263.163,263.194,262.68,262.789,94932
2022-05-09 12:37:00,263.62,263.695,263.076,263.196,50615
2022-05-09 12:36:00,264.189,264.22,263.538,263.638,42093
2022-05-09 12:35:00,264.086,264.215,263.832,264.188,57537
2022-05-09 12:34:00,264.135,264.441,263.999,264.129,65425
2022-05-09 12:33:00,263.939,264.274,263.695,264.09,80579
2022-05-09 12:32:00,263.664,264.166,263.577,263.923,55435
2022-05-09 12:31:00,262.937,263.901,262.85,263.638,59315
2022-05-09 12:30:00,263.3,263.488,262.84,262.97,45610
2022-05-09 12:29:00,263.133,263.429,262.904,263.324,34402
2022-05-09 12:28:00,263.035,263.223,262.948,263.157,37481
2022-05-09 12:27:00,263.153,263.262,262.929,263.049,24809
2022-05-09 12:26:00,263.379,263.44,263.086,263.128,51680
2022-05-09 12:25:00,263.958,264.215,263.331,263.373,58600
2022-05-09 12:24:00,263.605,264.156,263.577,263.945,74380
2022-05-09 12:23:00,263.408,263.685,263.322,263.588,33540
2022-05-09 12:22:00,263.467,263.645,263.351,263.403,35494
2022-05-09 12:21:00,263.124,263.552,262.989,263.462,68739
2022-05-09 12:20:00,263.526,263.596,262.958,263.128,47833
2022-05-09 12:19:00,263.87,264.038,263.272,263.56,78214
2022-05-09 12:18:00,263.811,263.911,263.567,263.864,32400
2022-05-09 12:17:00,263.654,263.871,263.469,263.845,38669
2022-05-09 12:16:00,263.878,263.96,263.577,263.658,45411
2022-05-09 12:15:00,263.428,264.007,263.36,263.933,62790
2022-05-09 12:14:00,263.547,263.852,263.43,263.462,38111
2022-05-09 12:13:00,263.349,263.842,263.307,263.54,69313
2022-05-09 12:12:00,263.22,263.38,263.086,263.334,42813
2022-05-09 12:11:00,263.615,263.66,263.164,263.226,31086
2022-05-09 12:10:00,263.143,263.655,263.096,263.619,30748
2022-05-09 12:09:00,263.423,263.753,263.076,263.108,59707
2022-05-09 12:08:00,263.357,263.478,263.204,263.412,73057
2022-05-09 12:07:00,262.701,263.439,262.555,263.383,67730
2022-05-09 12:06:00,261.748,262.81,261.681,262.686,96906
2022-05-09 12:05:00,261.537,262.152,261.387,261.762,40852
2022-05-09 12:04:00,261.346,261.583,261.249,261.527,22532
2022-05-09 12:03:00,261.581,261.7,261.259,261.369,31231
2022-05-09 12:02:00,261.699,261.828,261.387,261.576,63481
2022-05-09 12:01:00,261.876,261.917,261.524,261.664,68808
2022-05-09 12:00:00,262.318,262.359,261.858,261.89,37723
2022-05-09 11:59:00,262.043,262.462,261.971,262.332,29774
2022-05-09 11:58:00,262.819,263.105,262.074,262.106,57562
2022-05-09 11:57:00,262.947,262.977,262.585,262.813,35563
2022-05-09 11:56:00,262.986,263.056,262.791,262.961,37073
2022-05-09 11:55:00,262.76,262.997,262.428,262.931,40140
2022-05-09 11:54:00,262.475,262.909,262.408,262.715,48333
2022-05-09 11:53:00,262.829,262.879,262.408,262.499,43138
2022-05-09 11:52:00,262.498,262.869,262.389,262.843,122447
2022-05-09 11:51:00,262.308,262.673,262.271,262.52,72188
2022-05-09 11:50:00,261.739,262.378,261.613,262.342,55823
2022-05-09 11:49:00,262.023,262.054,261.573,261.743,39554
2022-05-09 11:48:00,262.023,262.26,261.961,262.052,47601
2022-05-09 11:47:00,262.033,262.25,261.956,262.028,63332
2022-05-09 11:46:00,262.122,262.26,261.77,262.008,47139
2022-05-09 11:45:00,261.896,262.182,261.642,262.126,43750
2022-05-09 11:44:00,262.01,262.142,261.819,261.9,43185
2022-05-09 11:43:00,262.426,262.643,261.996,262.037,58497
2022-05-09 11:42:00,262.279,262.584,262.163,262.45,61529
2022-05-09 11:41:00,262.151,262.476,261.947,262.224,58796
2022-05-09 11:40:00,262.436,262.535,262.015,262.116,51597
2022-05-09 11:39:00,262.22,262.506,262.006,262.47,78991
2022-05-09 11:38:00,261.365,262.26,261.318,262.224,61325
2022-05-09 11:37:00,261.13,261.592,261.102,261.369,51848
2022-05-09 11:36:00,261.031,261.239,260.964,261.134,29128
2022-05-09 11:35:00,261.022,261.416,260.925,261.035,56643
2022-05-09 11:34:00,260.658,261.229,260.591,261.065,79466
2022-05-09 11:33:00,260.324,260.738,260.228,260.662,76735
2022-05-09 11:32:00,260.737,260.802,260.257,260.338,99071
2022-05-09 11:31:00,260.914,260.964,260.64,260.731,38007
2022-05-09 11:30:00,261.051,261.219,260.822,260.888,39466
2022-05-09 11:29:00,261.395,261.494,261.023,261.075,34922
2022-05-09 11:28:00,260.996,261.474,260.788,261.409,63085
2022-05-09 11:27:00,260.717,261.111,260.69,260.986,50066
2022-05-09 11:26:00,261.149,261.199,260.581,260.741,64952
2022-05-09 11:25:00,261.031,261.18,260.901,261.153,32183
2022-05-09 11:24:00,260.933,261.258,260.856,261.052,31355
2022-05-09 11:23:00,261.12,261.199,260.788,260.947,47577
2022-05-09 11:22:00,261.238,261.337,261.053,261.144,30613
2022-05-09 11:21:00,261.13,261.327,261.033,261.256,39342
2022-05-09 11:20:00,261.051,261.229,260.856,261.134,46005
2022-05-09 11:19:00,261.267,261.298,260.866,261.055,75168
2022-05-09 11:18:00,261.316,261.425,261.161,261.281,44463
2022-05-09 11:17:00,261.434,261.543,261.166,261.34,49093
2022-05-09 11:16:00,261.248,261.691,261.22,261.429,63629
2022-05-09 11:15:00,260.973,261.514,260.906,261.242,87950
2022-05-09 11:14:00,260.884,261.268,260.837,261.016,60130
2022-05-09 11:13:00,261.348,261.496,260.837,260.869,40672
2022-05-09 11:12:00,261.503,261.917,261.309,261.341,77275
2022-05-09 11:11:00,261.405,261.705,261.298,261.527,56466
2022-05-09 11:10:00,260.933,261.516,260.856,261.447,64580
2022-05-09 11:09:00,260.55,261.003,260.454,260.977,57685
2022-05-09 11:08:00,260.57,260.797,260.316,260.515,88570
2022-05-09 11:07:00,260.462,260.698,260.375,260.554,69365
2022-05-09 11:06:00,260.697,260.895,260.454,260.485,42144
2022-05-09 11:05:00,261.218,261.249,260.542,260.692,61094
2022-05-09 11:04:00,261.424,261.651,261.22,261.252,40258
2022-05-09 11:03:00,260.943,261.71,260.915,261.379,70554
2022-05-09 11:02:00,261.257,261.327,260.876,260.947,40894
2022-05-09 11:01:00,261.346,261.533,261.059,261.281,42289
2022-05-09 11:00:00,261.208,261.416,260.825,261.369,90652
2022-05-09 10:59:00,261.365,261.553,261.141,261.239,52615
2022-05-09 10:58:00,261.306,261.533,261.151,261.369,51444
2022-05-09 10:57:00,261.591,261.799,261.19,261.32,66574
2022-05-09 10:56:00,260.923,261.73,260.719,261.566,86268
2022-05-09 10:55:00,261.031,261.307,260.827,260.898,40777
2022-05-09 10:54:00,261.046,261.366,260.935,261.065,50297
2022-05-09 10:53:00,261.012,261.182,260.772,261.075,72676
2022-05-09 10:52:00,260.845,261.287,260.817,261.055,44160
2022-05-09 10:51:00,261.356,261.396,260.768,260.869,58498
2022-05-09 10:50:00,261.532,261.754,261.275,261.409,75183
2022-05-09 10:49:00,261.778,262.113,261.456,261.507,66558
2022-05-09 10:48:00,261.798,261.924,261.357,261.782,43542
2022-05-09 10:47:00,261.532,261.818,261.102,261.772,70231
2022-05-09 10:46:00,261.837,262.082,261.544,261.576,65386
2022-05-09 10:45:00,261.464,261.946,261.279,261.851,85490
2022-05-09 10:44:00,260.825,261.449,260.601,261.399,66115
2022-05-09 10:43:00,260.894,261.209,260.625,260.839,65793
2022-05-09 10:42:00,261.022,261.347,260.788,260.903,75890
2022-05-09 10:41:00,260.383,261.268,260.356,261.065,111862
2022-05-09 10:40:00,260.039,260.62,259.923,260.368,120098
2022-05-09 10:39:00,260.383,260.433,259.815,260.043,95456
2022-05-09 10:38:00,260.452,260.566,260.159,260.368,233850
2022-05-09 10:37:00,260.531,260.59,260.375,260.476,69964
2022-05-09 10:36:00,260.727,260.846,260.454,260.515,86849
2022-05-09 10:35:00,260.982,261.14,260.729,260.76,94862
2022-05-09 10:34:00,260.904,261.239,260.768,260.996,79211
2022-05-09 10:33:00,260.815,261.052,260.68,260.888,59215
2022-05-09 10:32:00,261.12,261.18,260.778,260.82,40427
2022-05-09 10:31:00,261.306,261.361,260.955,261.134,46224
2022-05-09 10:30:00,261.405,261.435,260.788,261.32,99754
2022-05-09 10:29:00,261.398,261.661,261.249,261.409,68138
2022-05-09 10:28:00,261.454,261.597,261.239,261.389,74834
2022-05-09 10:27:00,261.434,261.612,261.259,261.477,48495
2022-05-09 10:26:00,261.621,261.75,261.269,261.438,91639
2022-05-09 10:25:00,261.375,261.769,261.298,261.595,109148
2022-05-09 10:24:00,261.66,261.808,261.289,261.399,94627
2022-05-09 10:23:00,261.883,262.005,261.524,261.684,125244
2022-05-09 10:22:00,262.691,262.722,261.852,261.9,55042
2022-05-09 10:21:00,262.269,262.751,262.163,262.715,82649
2022-05-09 10:20:00,262.259,262.673,262.035,262.283,91308
2022-05-09 10:19:00,261.935,262.368,261.799,262.224,85874
2022-05-09 10:18:00,261.984,262.142,261.554,261.969,71420
2022-05-09 10:17:00,262.318,262.55,261.966,262.013,50415
2022-05-09 10:16:00,262.22,262.869,262.123,262.307,76761
2022-05-09 10:15:00,262.24,262.526,261.809,262.273,66678
2022-05-09 10:14:00,262.087,262.545,262.025,262.214,53048
2022-05-09 10:13:00,262.407,262.84,262.006,262.057,84394
2022-05-09 10:12:00,261.758,262.663,261.622,262.489,98417
2022-05-09 10:11:00,261.915,262.133,261.642,261.802,107470
2022-05-09 10:10:00,261.444,262.133,261.416,261.949,94917
2022-05-09 10:09:00,261.837,261.936,261.406,261.451,124263
2022-05-09 10:08:00,262.367,262.545,261.78,261.841,133521
2022-05-09 10:07:00,262.907,263.031,262.271,262.357,77110
2022-05-09 10:06:00,263.32,263.39,262.772,262.99,60003
2022-05-09 10:05:00,263.232,263.508,263.056,263.334,70258
2022-05-09 10:04:00,263.467,263.901,262.83,263.206,86378
2022-05-09 10:03:00,263.472,263.714,262.978,263.501,77423
2022-05-09 10:02:00,262.839,263.655,262.801,263.412,119593
2022-05-09 10:01:00,262.613,263.292,262.418,262.813,132611
2022-05-09 10:00:00,263.497,263.528,262.526,262.587,92005
2022-05-09 09:59:00,263.87,263.93,263.184,263.491,65678
2022-05-09 09:58:00,263.065,264.186,262.88,263.85,105317
2022-05-09 09:57:00,263.025,263.178,262.791,263.108,111256
2022-05-09 09:56:00,263.379,263.518,262.811,263.0,173930
2022-05-09 09:55:00,264.076,264.254,263.233,263.354,82266
2022-05-09 09:54:00,264.656,264.746,264.009,264.12,85987
2022-05-09 09:53:00,263.89,264.736,263.587,264.705,130915
2022-05-09 09:52:00,264.047,264.225,263.655,263.933,105251
2022-05-09 09:51:00,264.145,264.392,263.538,264.061,133831
2022-05-09 09:50:00,263.634,264.274,263.223,264.169,137513
2022-05-09 09:49:00,263.546,263.852,263.371,263.638,103163
2022-05-09 09:48:00,264.081,264.112,263.351,263.57,139335
2022-05-09 09:47:00,264.258,264.49,263.96,264.08,88957
2022-05-09 09:46:00,264.901,264.981,263.989,264.247,150576
2022-05-09 09:45:00,266.188,266.278,264.755,264.955,154887
2022-05-09 09:44:00,265.618,266.425,265.59,266.153,106307
2022-05-09 09:43:00,266.06,266.808,265.61,265.651,128579
2022-05-09 09:42:00,266.168,266.327,265.885,266.074,134684
2022-05-09 09:41:00,265.225,266.533,265.188,266.133,159930
2022-05-09 09:40:00,265.481,265.743,264.363,265.2,305901
2022-05-09 09:39:00,266.502,266.72,265.413,265.49,128672
2022-05-09 09:38:00,266.306,266.686,266.052,266.487,107867
2022-05-09 09:37:00,266.905,266.985,266.032,266.349,131717
2022-05-09 09:36:00,266.566,267.329,266.494,266.919,130290
2022-05-09 09:35:00,265.775,266.828,265.737,266.556,109702
2022-05-09 09:34:00,265.775,266.209,265.384,265.814,117044
2022-05-09 09:33:00,265.618,265.826,265.168,265.701,176660
2022-05-09 09:32:00,266.718,266.975,265.659,265.701,95887
2022-05-09 09:31:00,266.699,267.545,266.386,266.696,144894
2022-05-09 09:30:00,265.206,266.789,264.903,266.64,678104
2022-05-09 09:29:00,265.422,265.453,265.138,265.21,2910
2022-05-09 09:28:00,265.196,265.423,264.922,265.23,3782
2022-05-09 09:27:00,265.481,265.62,265.168,265.593,2006
2022-05-09 09:26:00,264.793,265.492,264.765,265.269,2853
2022-05-09 09:25:00,264.97,265.522,264.765,265.397,7795
2022-05-09 09:24:00,264.605,265.03,264.577,264.886,2078
2022-05-09 09:23:00,264.499,264.638,264.382,264.611,980
2022-05-09 09:22:00,264.508,264.549,264.196,264.522,2784
2022-05-09 09:20:00,264.518,264.549,264.431,264.483,316
2022-05-09 09:19:00,264.737,264.863,264.431,264.522,3577
2022-05-09 09:18:00,264.368,264.638,264.34,264.611,329
2022-05-09 09:17:00,264.95,264.991,264.706,264.738,808
2022-05-09 09:16:00,264.656,265.03,264.628,265.004,323
2022-05-09 09:15:00,264.941,264.972,264.913,264.945,200
2022-05-09 09:14:00,264.754,265.008,264.393,264.981,3068
2022-05-09 09:13:00,264.332,264.883,264.304,264.43,2569
2022-05-09 09:12:00,263.889,263.92,263.861,263.893,230
2022-05-09 09:11:00,263.889,263.92,263.861,263.893,100
2022-05-09 09:09:00,264.214,264.245,264.186,264.218,299
2022-05-09 09:06:00,264.214,264.245,264.186,264.218,4405
2022-05-09 09:05:00,264.381,264.412,264.156,264.336,636
2022-05-09 09:04:00,264.017,264.245,263.989,264.218,1018
2022-05-09 09:03:00,264.017,264.205,263.989,264.179,380
2022-05-09 09:02:00,263.831,264.205,263.744,264.178,2913
2022-05-09 09:01:00,264.027,264.176,263.999,264.149,200
2022-05-09 09:00:00,264.076,264.107,263.842,263.963,1317
2022-05-09 08:59:00,263.978,264.019,263.95,263.992,786
2022-05-09 08:57:00,264.214,264.51,264.025,264.057,2094
2022-05-09 08:56:00,264.263,264.294,264.107,264.218,840
2022-05-09 08:55:00,264.607,264.638,264.48,264.513,600
2022-05-09 08:54:00,264.607,264.736,264.579,264.709,1560
2022-05-09 08:53:00,264.695,264.726,264.579,264.611,929
2022-05-09 08:52:00,264.607,264.726,264.579,264.611,1161
2022-05-09 08:51:00,264.508,264.638,264.382,264.611,2472
2022-05-09 08:50:00,264.459,264.638,264.304,264.336,659
2022-05-09 08:49:00,264.116,264.431,264.088,264.405,1615
2022-05-09 08:48:00,263.968,264.097,263.94,264.031,1465
2022-05-09 08:46:00,264.42,264.451,264.186,264.228,1497
2022-05-09 08:45:00,264.548,264.736,264.52,264.709,1230
2022-05-09 08:44:00,264.42,264.451,264.392,264.424,195
2022-05-09 08:42:00,264.901,264.932,264.785,264.817,910
2022-05-09 08:41:00,264.725,265.03,264.696,265.004,2316
2022-05-09 08:40:00,264.695,264.981,264.657,264.955,10647
2022-05-09 08:39:00,264.538,264.677,264.294,264.65,1772
2022-05-09 08:38:00,264.538,264.569,264.51,264.542,299
2022-05-09 08:37:00,264.214,264.588,264.186,264.562,2030
2022-05-09 08:36:00,263.821,263.999,263.793,263.933,2715
2022-05-09 08:35:00,263.87,263.901,263.695,263.727,1308
2022-05-09 08:34:00,263.497,263.822,263.469,263.727,946
2022-05-09 08:33:00,263.418,263.449,263.39,263.422,100
2022-05-09 08:32:00,263.723,263.753,263.351,263.383,250
2022-05-09 08:31:00,263.133,263.459,262.909,263.432,7425
2022-05-09 08:30:00,263.575,263.606,263.204,263.236,1640
2022-05-09 08:29:00,263.438,263.469,263.41,263.442,456
2022-05-09 08:28:00,263.556,263.695,263.41,263.668,940
2022-05-09 08:27:00,263.644,263.675,263.518,263.55,940
2022-05-09 08:26:00,263.772,263.803,263.675,263.707,801
2022-05-09 08:25:00,263.791,263.822,263.763,263.796,150
2022-05-09 08:24:00,263.791,263.822,263.734,263.766,200
2022-05-09 08:22:00,263.595,263.704,263.567,263.678,1070
2022-05-09 08:20:00,263.232,263.508,263.204,263.442,1052
2022-05-09 08:19:00,263.575,263.606,263.204,263.481,11255
2022-05-09 08:18:00,263.624,263.655,263.547,263.579,211
2022-05-09 08:17:00,263.624,263.704,263.597,263.678,331
2022-05-09 08:16:00,263.723,263.763,263.646,263.678,2200
2022-05-09 08:15:00,263.821,263.852,263.793,263.825,100
2022-05-09 08:14:00,263.939,264.146,263.891,263.923,400
2022-05-09 08:13:00,263.742,263.773,263.714,263.746,460
2022-05-09 08:12:00,263.723,263.753,263.695,263.727,498
2022-05-09 08:11:00,263.87,263.901,263.679,263.711,2590
2022-05-09 08:10:00,264.037,264.087,263.989,264.021,1401
2022-05-09 08:09:00,264.145,264.176,263.813,264.041,2783
2022-05-09 08:08:00,264.361,264.392,264.333,264.365,239
2022-05-09 08:07:00,264.214,264.539,264.186,264.503,3434
2022-05-09 08:06:00,264.194,264.225,263.871,263.904,414
2022-05-09 08:05:00,263.723,264.146,263.695,264.12,2376
2022-05-09 08:04:00,263.399,263.704,263.371,263.481,857
2022-05-09 08:03:00,263.33,263.419,263.302,263.393,2201
2022-05-09 08:02:00,263.291,263.459,263.263,263.334,1900
2022-05-09 08:01:00,263.723,263.753,263.4,263.432,300
2022-05-09 08:00:00,263.291,264.914,262.025,263.776,43887
2022-05-09 07:59:00,263.624,263.97,263.597,263.923,872
2022-05-09 07:55:00,263.683,263.714,263.655,263.687,100
2022-05-09 07:54:00,263.703,263.734,263.675,263.707,554
2022-05-09 07:53:00,263.624,263.753,263.597,263.707,833
2022-05-09 07:52:00,263.438,263.685,263.41,263.658,200
2022-05-09 07:51:00,263.703,263.734,263.4,263.432,935
2022-05-09 07:50:00,263.703,263.734,263.675,263.707,100
2022-05-09 07:49:00,263.703,263.734,263.675,263.707,300
2022-05-09 07:48:00,263.526,263.557,263.498,263.53,322
2022-05-09 07:47:00,263.349,263.38,263.302,263.334,439
2022-05-09 07:46:00,263.232,263.321,263.204,263.295,1242
2022-05-09 07:45:00,263.084,263.115,263.056,263.088,100
2022-05-09 07:44:00,263.133,263.174,263.105,263.147,300
2022-05-09 07:43:00,263.133,263.164,263.047,263.137,1129
2022-05-09 07:42:00,263.104,263.135,263.076,263.108,240
2022-05-09 07:40:00,262.839,262.938,262.811,262.912,562
2022-05-09 07:37:00,262.986,263.076,262.899,263.02,2808
2022-05-09 07:36:00,263.035,263.066,263.007,263.039,100
2022-05-09 07:35:00,263.055,263.164,263.007,263.137,644
2022-05-09 07:34:00,263.035,263.066,263.007,263.039,1083
2022-05-09 07:33:00,262.642,262.781,262.614,262.754,967
2022-05-09 07:32:00,262.446,262.673,262.418,262.646,1264
2022-05-09 07:31:00,262.515,262.555,262.418,262.45,2177
2022-05-09 07:30:00,262.416,262.447,262.389,262.42,250
2022-05-09 07:29:00,262.544,262.575,262.389,262.42,930
2022-05-09 07:27:00,262.495,262.575,262.271,262.47,1677
2022-05-09 07:26:00,262.456,262.486,262.408,262.44,900
2022-05-09 07:24:00,262.249,262.476,262.222,262.45,400
2022-05-09 07:23:00,262.367,262.398,262.241,262.273,655
2022-05-09 07:22:00,262.446,262.516,262.418,262.489,818
2022-05-09 07:21:00,262.78,262.889,262.074,262.106,5810
2022-05-09 07:20:00,263.045,263.095,262.85,262.882,2298
2022-05-09 07:19:00,263.133,263.164,263.105,263.137,100
2022-05-09 07:18:00,263.232,263.262,263.204,263.236,374
2022-05-09 07:17:00,263.291,263.321,263.204,263.236,300
2022-05-09 07:16:00,263.369,263.4,263.341,263.373,200
2022-05-09 07:15:00,263.291,263.321,263.263,263.295,103
2022-05-09 07:14:00,263.359,263.39,263.331,263.363,300
2022-05-09 07:13:00,263.428,263.459,263.007,263.039,728
2022-05-09 07:12:00,263.34,263.459,263.312,263.432,520
2022-05-09 07:11:00,263.281,263.361,263.204,263.334,3032
2022-05-09 07:10:00,263.467,263.498,263.204,263.236,300
2022-05-09 07:09:00,263.526,263.557,263.204,263.471,1886
2022-05-09 07:08:00,263.821,263.852,263.685,263.717,400
2022-05-09 07:07:00,263.87,263.901,263.842,263.874,100
2022-05-09 07:06:00,263.723,263.753,263.695,263.727,600
2022-05-09 07:05:00,263.526,263.734,263.498,263.707,1948
2022-05-09 07:04:00,263.477,263.508,263.312,263.481,940
2022-05-09 07:03:00,263.526,263.655,263.498,263.579,4151
2022-05-09 07:02:00,263.526,263.557,263.498,263.53,100
2022-05-09 07:01:00,263.782,263.812,263.204,263.697,4502
2022-05-09 07:00:00,263.281,264.019,263.253,263.894,5340
2022-05-09 06:57:00,263.035,263.066,263.007,263.039,100
2022-05-09 06:53:00,262.957,262.987,262.929,262.961,100
2022-05-09 06:52:00,263.232,263.262,262.713,262.745,8813
2022-05-09 06:51:00,263.055,263.085,262.84,262.872,300
2022-05-09 06:49:00,263.428,263.459,263.292,263.334,5595
2022-05-09 06:48:00,262.937,263.017,262.801,262.99,2025
2022-05-09 06:47:00,262.937,262.968,262.909,262.941,1480
2022-05-09 06:45:00,262.966,263.144,262.939,263.039,750
2022-05-09 06:42:00,262.888,262.918,262.86,262.892,100
2022-05-09 06:41:00,262.79,262.869,262.31,262.342,1424
2022-05-09 06:40:00,263.232,263.262,262.772,262.951,9039
2022-05-09 06:39:00,263.526,263.557,263.322,263.354,556
2022-05-09 06:38:00,263.526,263.557,263.272,263.304,600
2022-05-09 06:37:00,263.526,263.557,263.498,263.53,150
2022-05-09 06:35:00,263.585,263.616,263.498,263.53,319
2022-05-09 06:34:00,263.723,263.753,263.695,263.727,100
2022-05-09 06:32:00,263.811,263.842,263.783,263.815,300
2022-05-09 06:31:00,263.772,263.803,263.744,263.776,100
2022-05-09 06:30:00,264.351,264.382,264.323,264.355,111
2022-05-09 06:29:00,264.302,264.392,264.274,264.355,1287
2022-05-09 06:28:00,264.361,264.392,264.068,264.12,2447
2022-05-09 06:27:00,264.469,264.5,264.264,264.296,1440
2022-05-09 06:26:00,264.558,264.588,264.53,264.562,300
2022-05-09 06:25:00,264.508,264.539,264.48,264.513,1901
2022-05-09 06:23:00,264.764,264.795,264.736,264.768,100
2022-05-09 06:22:00,264.538,264.569,264.51,264.542,194
2022-05-09 06:00:00,265.0,265.03,264.971,265.004,625
2022-05-09 05:59:00,264.774,264.863,264.746,264.837,902
2022-05-09 05:49:00,264.862,264.922,264.834,264.896,421
2022-05-09 05:46:00,265.176,265.296,264.971,265.259,1183
2022-05-09 05:42:00,265.068,265.099,265.04,265.072,100
2022-05-09 05:39:00,265.314,265.345,265.07,265.102,1675
2022-05-09 05:37:00,265.52,265.581,265.492,265.554,4299
2022-05-09 05:32:00,265.52,265.551,265.492,265.524,378
2022-05-09 05:27:00,265.589,265.62,265.561,265.593,380
2022-05-09 05:23:00,265.785,265.816,265.757,265.789,500
2022-05-09 05:21:00,265.785,265.816,265.757,265.789,100
2022-05-09 05:18:00,265.559,265.59,265.463,265.495,310
2022-05-09 05:07:00,265.353,265.384,265.217,265.308,956
2022-05-09 04:51:00,265.687,265.954,265.659,265.927,200
2022-05-09 04:49:00,265.628,265.659,265.6,265.632,100
2022-05-09 04:44:00,265.019,265.227,264.991,265.2,460
2022-05-09 04:42:00,265.029,265.06,265.001,265.033,100
2022-05-09 04:34:00,265.196,265.266,265.168,265.239,200
2022-05-09 04:33:00,265.206,265.237,265.168,265.2,2947
2022-05-09 04:32:00,265.235,265.266,265.168,265.239,400
2022-05-09 04:31:00,265.491,265.522,265.463,265.495,100
2022-05-09 04:16:00,266.178,266.209,266.15,266.182,307
2022-05-09 04:13:00,266.178,266.209,266.15,266.182,396
2022-05-09 04:12:00,266.178,266.209,266.15,266.182,140
2022-05-09 04:11:00,266.483,266.533,266.454,266.506,704
2022-05-09 04:10:00,266.041,266.209,266.012,266.182,500
2022-05-09 04:09:00,265.825,265.856,265.737,265.77,1032
2022-05-09 04:07:00,265.756,265.797,265.708,265.77,857
2022-05-09 04:06:00,265.736,265.767,265.708,265.74,100
2022-05-09 04:04:00,265.982,266.013,265.954,265.986,308
2022-05-09 04:02:00,266.188,266.219,266.16,266.192,100
2022-05-09 04:01:00,266.276,266.307,266.248,266.281,2490
2022-05-09 04:00:00,266.974,267.388,266.945,267.361,565
2022-05-06 19:59:00,269.734,269.765,269.705,269.738,100
2022-05-06 19:56:00,269.596,269.628,269.568,269.6,159
2022-05-06 19:52:00,269.665,269.697,269.636,269.669,432
2022-05-06 19:51:00,269.714,269.746,269.686,269.718,100
2022-05-06 19:50:00,269.665,269.697,269.636,269.669,500
2022-05-06 19:45:00,269.832,269.863,269.803,269.836,100
2022-05-06 19:35:00,269.616,269.647,269.587,269.62,100
2022-05-06 19:28:00,269.714,269.746,269.686,269.718,148
2022-05-06 19:21:00,269.528,269.559,269.499,269.532,100
2022-05-06 19:16:00,269.488,269.549,269.46,269.522,913
2022-05-06 19:15:00,269.498,269.53,269.469,269.502,100
2022-05-06 19:13:00,269.321,269.353,269.293,269.325,108
2022-05-06 19:10:00,269.125,269.156,269.096,269.129,362
2022-05-06 19:01:00,269.233,269.264,269.204,269.237,4812
2022-05-06 18:45:00,269.665,269.697,269.636,269.669,100
2022-05-06 18:42:00,269.184,269.215,269.155,269.188,1668
2022-05-06 18:41:00,269.39,269.421,269.303,269.335,316
2022-05-06 18:39:00,269.616,269.647,269.587,269.62,100
2022-05-06 18:38:00,269.616,269.647,269.587,269.62,417
2022-05-06 18:31:00,269.616,269.647,269.587,269.62,150
2022-05-06 18:30:00,269.616,269.647,269.587,269.62,244
2022-05-06 18:18:00,269.537,269.569,269.509,269.542,236
2022-05-06 18:06:00,269.547,269.579,269.519,269.551,250
2022-05-06 17:55:00,269.567,269.598,269.538,269.571,2232
2022-05-06 17:48:00,269.606,269.647,269.578,269.62,1079
2022-05-06 17:47:00,269.616,269.647,269.587,269.62,100
2022-05-06 17:46:00,269.469,269.647,269.44,269.62,300
2022-05-06 17:44:00,269.783,269.814,269.754,269.787,250
2022-05-06 17:42:00,269.783,269.814,269.754,269.787,1200
2022-05-06 17:41:00,269.783,269.814,269.754,269.787,1200
2022-05-06 17:40:00,269.615,269.646,269.586,269.619,100
2022-05-06 17:39:00,269.616,269.647,269.587,269.62,100
2022-05-06 17:29:00,269.814,269.845,269.785,269.818,100
2022-05-06 17:26:00,269.911,269.942,269.686,269.718,830
2022-05-06 17:22:00,270.009,270.139,269.882,269.915,10817
2022-05-06 17:21:00,269.911,269.952,269.882,269.925,1850
2022-05-06 17:20:00,269.861,269.893,269.833,269.866,1000
2022-05-06 17:17:00,269.683,269.715,269.655,269.688,100
2022-05-06 17:12:00,269.763,269.873,269.735,269.846,1679
2022-05-06 17:07:00,269.645,269.677,269.617,269.65,188
2022-05-06 17:05:00,269.616,269.873,269.587,269.846,2688
2022-05-06 17:01:00,269.705,269.746,269.677,269.718,400
2022-05-06 17:00:00,269.616,269.647,269.587,269.62,453
2022-05-06 16:59:00,269.617,269.649,269.589,269.621,500
2022-05-06 16:56:00,269.714,269.746,269.685,269.718,3000
2022-05-06 16:55:00,269.714,269.746,269.686,269.718,806
2022-05-06 16:54:00,269.616,269.647,269.587,269.62,404
2022-05-06 16:53:00,269.616,269.647,269.587,269.62,1322
2022-05-06 16:52:00,269.518,269.647,269.489,269.62,1450
2022-05-06 16:51:00,269.41,269.441,269.381,269.414,200
2022-05-06 16:50:00,269.41,269.441,269.381,269.414,270
2022-05-06 16:48:00,269.292,269.323,269.263,269.296,100
2022-05-06 16:44:00,269.095,269.127,269.067,269.1,300
2022-05-06 16:39:00,269.292,269.323,269.252,269.285,455
2022-05-06 16:37:00,269.842,269.873,269.813,269.846,461
2022-05-06 16:34:00,269.017,269.156,268.988,269.129,13309
2022-05-06 16:33:00,268.958,268.989,268.9,268.933,1744
2022-05-06 16:32:00,269.027,269.058,268.998,269.031,500
2022-05-06 16:31:00,268.997,269.029,268.969,269.001,100
2022-05-06 16:28:00,268.997,269.058,268.969,269.031,1133
2022-05-06 16:27:00,269.027,269.058,268.949,268.982,1550
2022-05-06 16:25:00,269.027,269.058,268.998,269.031,250
2022-05-06 16:24:00,268.919,268.95,268.89,268.923,100
2022-05-06 16:22:00,268.899,268.97,268.87,268.942,771
2022-05-06 16:21:00,269.016,269.058,268.987,269.031,900
2022-05-06 16:20:00,268.997,269.029,268.969,269.001,100
2022-05-06 16:19:00,268.85,268.989,268.743,268.962,1608
2022-05-06 16:18:00,268.84,268.871,268.733,268.766,1572
2022-05-06 16:17:00,268.69,268.812,268.662,268.736,6690
2022-05-06 16:16:00,268.938,268.97,268.91,268.942,300
2022-05-06 16:15:00,268.938,268.97,268.91,268.942,286
2022-05-06 16:14:00,269.154,269.186,268.998,269.031,3968
2022-05-06 16:13:00,269.144,269.186,269.096,269.158,700
2022-05-06 16:12:00,269.154,269.873,269.126,269.846,4147
2022-05-06 16:11:00,269.144,269.176,269.116,269.149,100
2022-05-06 16:10:00,269.842,269.873,269.037,269.139,11392
2022-05-06 16:09:00,269.842,269.873,268.998,269.031,7088
2022-05-06 16:08:00,269.203,269.235,269.155,269.198,585
2022-05-06 16:07:00,269.184,269.304,269.145,269.276,4603
2022-05-06 16:06:00,269.292,269.873,269.194,269.227,43080
2022-05-06 16:05:00,269.282,269.313,269.244,269.276,847
2022-05-06 16:04:00,269.842,269.873,269.293,269.325,150905
2022-05-06 16:03:00,269.419,269.5,269.391,269.473,1093
2022-05-06 16:02:00,269.842,269.873,269.234,269.846,152656
2022-05-06 16:01:00,269.842,269.893,269.597,269.846,431158
2022-05-06 16:00:00,269.832,270.04,269.391,269.856,2924928
2022-05-06 15:59:00,270.294,270.374,269.509,269.846,620438
2022-05-06 15:58:00,270.245,270.482,270.059,270.283,189347
2022-05-06 15:57:00,270.009,270.335,269.843,270.298,146203
2022-05-06 15:56:00,269.977,270.217,269.666,270.013,108576
2022-05-06 15:55:00,269.803,270.06,269.391,269.979,117387
2022-05-06 15:54:00,269.793,270.237,269.627,269.797,151223
2022-05-06 15:53:00,269.508,269.962,269.352,269.767,102018
2022-05-06 15:52:00,269.852,269.883,269.44,269.473,84356
2022-05-06 15:51:00,270.195,270.345,269.666,269.836,93070
2022-05-06 15:50:00,269.734,270.689,269.597,270.229,119873
2022-05-06 15:49:00,270.264,270.374,269.568,269.63,82912
2022-05-06 15:48:00,269.96,270.355,269.853,270.268,104338
2022-05-06 15:47:00,269.86,270.03,269.509,269.92,50525
2022-05-06 15:46:00,269.105,270.296,269.067,269.866,86887
2022-05-06 15:45:00,269.174,269.372,268.664,269.109,83883
2022-05-06 15:44:00,269.135,269.726,269.008,269.158,73552
2022-05-06 15:43:00,269.361,269.412,268.861,269.163,91331
2022-05-06 15:42:00,269.496,269.549,269.138,269.345,61298
2022-05-06 15:41:00,269.616,269.716,269.067,269.492,85938
2022-05-06 15:40:00,269.999,270.178,269.597,269.699,89107
2022-05-06 15:39:00,269.911,270.148,269.43,269.984,107060
2022-05-06 15:38:00,269.007,270.08,268.978,269.905,140757
2022-05-06 15:37:00,268.594,269.225,268.566,268.972,72833
2022-05-06 15:36:00,268.604,268.891,268.252,268.549,80084
2022-05-06 15:35:00,268.094,268.92,268.055,268.667,89299
2022-05-06 15:34:00,267.907,268.262,267.849,268.127,73517
2022-05-06 15:33:00,267.671,268.203,267.638,267.918,55430
2022-05-06 15:32:00,268.28,268.511,267.613,267.665,89528
2022-05-06 15:31:00,268.113,268.528,268.036,268.186,72476
2022-05-06 15:30:00,267.75,268.488,267.662,268.142,80788
2022-05-06 15:29:00,267.72,267.918,267.623,267.754,60324
2022-05-06 15:28:00,267.278,267.879,267.25,267.786,94828
2022-05-06 15:27:00,266.822,267.368,266.71,267.268,58560
2022-05-06 15:26:00,266.571,266.966,266.415,266.86,75398
2022-05-06 15:25:00,266.63,266.907,266.454,266.605,86336
2022-05-06 15:24:00,266.62,266.671,266.464,266.605,46692
2022-05-06 15:23:00,266.777,266.887,266.592,266.659,70768
2022-05-06 15:22:00,266.993,267.192,266.69,266.801,71274
2022-05-06 15:21:00,267.043,267.251,266.779,267.022,131272
2022-05-06 15:20:00,267.386,267.496,266.955,267.069,68565
2022-05-06 15:19:00,267.268,267.85,267.132,267.386,96887
2022-05-06 15:18:00,267.249,267.585,266.916,267.332,112466
2022-05-06 15:17:00,267.21,267.555,267.054,267.253,129353
2022-05-06 15:16:00,267.485,267.663,267.181,267.233,43417
2022-05-06 15:15:00,267.352,267.781,267.309,267.479,54004
2022-05-06 15:14:00,267.75,267.909,267.299,267.332,32098
2022-05-06 15:13:00,267.838,268.046,267.603,267.832,47827
2022-05-06 15:12:00,267.774,268.017,267.662,267.862,38475
2022-05-06 15:11:00,267.661,267.948,267.338,267.784,60505
2022-05-06 15:10:00,267.671,268.076,267.594,267.665,57860
2022-05-06 15:09:00,267.573,267.81,267.476,267.675,48346
2022-05-06 15:08:00,267.72,267.85,267.319,267.597,67914
2022-05-06 15:07:00,267.927,268.105,267.662,267.774,41321
2022-05-06 15:06:00,268.172,268.243,267.702,267.931,66896
2022-05-06 15:05:00,268.437,268.763,268.173,268.235,55401
2022-05-06 15:04:00,268.172,268.567,268.124,268.441,44549
2022-05-06 15:03:00,268.084,268.282,267.947,268.127,36610
2022-05-06 15:02:00,268.285,268.321,267.996,268.088,39958
2022-05-06 15:01:00,268.536,268.734,268.261,268.412,16630
2022-05-06 15:00:00,268.594,268.881,268.075,268.535,60409
2022-05-06 14:59:00,269.4,269.588,268.478,268.549,65306
2022-05-06 14:58:00,269.557,269.834,269.371,269.404,38150
2022-05-06 14:57:00,269.272,269.746,269.136,269.571,26356
2022-05-06 14:56:00,269.419,269.706,269.116,269.257,71395
2022-05-06 14:55:00,269.734,270.109,269.273,269.448,46358
2022-05-06 14:54:00,269.469,269.922,269.391,269.718,47084
2022-05-06 14:53:00,269.302,269.608,269.136,269.502,25679
2022-05-06 14:52:00,269.39,269.579,269.077,269.306,45423
2022-05-06 14:51:00,269.338,269.569,269.175,269.443,63458
2022-05-06 14:50:00,268.958,269.854,268.861,269.384,65812
2022-05-06 14:49:00,268.369,269.078,268.291,268.952,75822
2022-05-06 14:48:00,267.976,268.439,267.937,268.324,36970
2022-05-06 14:47:00,268.486,268.518,267.996,268.029,35499
2022-05-06 14:46:00,268.231,268.586,268.149,268.522,35983
2022-05-06 14:45:00,268.143,268.41,268.055,268.216,24224
2022-05-06 14:44:00,268.437,268.518,268.095,268.147,65112
2022-05-06 14:43:00,268.702,268.753,268.36,268.441,36975
2022-05-06 14:42:00,268.634,268.842,268.527,268.677,19774
2022-05-06 14:41:00,268.673,268.803,268.458,268.628,35399
2022-05-06 14:40:00,268.339,268.852,268.271,268.731,54456
2022-05-06 14:39:00,268.231,268.419,268.036,268.383,42394
2022-05-06 14:38:00,268.339,268.498,268.173,268.245,30912
2022-05-06 14:37:00,268.555,268.714,268.311,268.373,38879
2022-05-06 14:36:00,268.752,268.822,268.438,268.559,25200
2022-05-06 14:35:00,268.491,268.93,268.35,268.785,50713
2022-05-06 14:34:00,268.427,268.606,268.281,268.515,29258
2022-05-06 14:33:00,268.329,268.498,268.183,268.451,33444
2022-05-06 14:32:00,268.771,268.803,268.252,268.359,56959
2022-05-06 14:31:00,269.081,269.225,268.772,268.844,33567
2022-05-06 14:30:00,269.194,269.588,268.9,269.083,36692
2022-05-06 14:29:00,269.361,269.559,269.145,269.242,43478
2022-05-06 14:28:00,269.213,269.49,268.978,269.316,33979
2022-05-06 14:27:00,269.014,269.421,268.91,269.237,25903
2022-05-06 14:26:00,268.948,269.078,268.733,268.972,28161
2022-05-06 14:25:00,269.272,269.441,268.753,268.962,45133
2022-05-06 14:24:00,269.37,269.746,269.194,269.316,43183
2022-05-06 14:23:00,269.311,269.471,269.116,269.397,27608
2022-05-06 14:22:00,269.184,269.343,269.067,269.271,15648
2022-05-06 14:21:00,269.213,269.323,269.047,269.198,17946
2022-05-06 14:20:00,269.331,269.49,269.047,269.227,29392
2022-05-06 14:19:00,269.724,269.795,269.293,269.335,19992
2022-05-06 14:18:00,269.562,269.844,269.469,269.743,42176
2022-05-06 14:17:00,269.213,269.893,269.126,269.581,21784
2022-05-06 14:16:00,269.979,270.011,269.121,269.178,24825
2022-05-06 14:15:00,269.41,270.06,269.361,269.875,38179
2022-05-06 14:14:00,269.405,269.598,269.224,269.424,49866
2022-05-06 14:13:00,269.616,269.697,269.252,269.375,37326
2022-05-06 14:12:00,269.449,269.844,269.347,269.659,43742
2022-05-06 14:11:00,268.987,269.638,268.782,269.468,59316
2022-05-06 14:10:00,268.712,269.127,268.586,269.011,33902
2022-05-06 14:09:00,268.987,269.066,268.625,268.687,36817
2022-05-06 14:08:00,268.84,269.107,268.81,268.972,17945
2022-05-06 14:07:00,268.811,268.97,268.733,268.864,32675
2022-05-06 14:06:00,268.997,269.078,268.743,268.825,42715
2022-05-06 14:05:00,269.41,269.441,268.939,269.031,62732
2022-05-06 14:04:00,269.891,270.041,269.342,269.443,31285
2022-05-06 14:03:00,270.078,270.276,269.617,269.856,36258
2022-05-06 14:02:00,269.783,270.414,269.671,270.121,76873
2022-05-06 14:01:00,269.665,269.873,269.371,269.787,48631
2022-05-06 14:00:00,269.361,269.697,268.998,269.669,65631
2022-05-06 13:59:00,269.498,269.619,269.234,269.404,55633
2022-05-06 13:58:00,269.498,269.638,269.342,269.522,42509
2022-05-06 13:57:00,269.361,269.638,269.332,269.512,32344
2022-05-06 13:56:00,269.704,269.736,269.224,269.365,50263
2022-05-06 13:55:00,269.665,269.824,269.46,269.718,44120
2022-05-06 13:54:00,269.41,269.913,269.312,269.738,44502
2022-05-06 13:53:00,269.92,269.972,269.352,269.443,60017
2022-05-06 13:52:00,270.274,270.394,269.774,269.964,59187
2022-05-06 13:51:00,270.245,270.473,270.108,270.265,26071
2022-05-06 13:50:00,270.848,270.944,270.088,270.2,30769
2022-05-06 13:49:00,270.637,270.954,270.56,270.843,16297
2022-05-06 13:48:00,270.736,270.924,270.511,270.593,28194
2022-05-06 13:47:00,270.677,270.826,270.452,270.681,26468
2022-05-06 13:46:00,271.305,271.337,270.609,270.72,36634
2022-05-06 13:45:00,271.138,271.553,271.11,271.329,27993
2022-05-06 13:44:00,271.011,271.327,270.864,271.152,31204
2022-05-06 13:43:00,270.922,271.494,270.874,271.054,41554
2022-05-06 13:42:00,270.922,271.091,270.442,270.907,38646
2022-05-06 13:41:00,271.345,271.651,270.727,270.789,40003
2022-05-06 13:40:00,271.138,271.907,271.09,271.329,46115
2022-05-06 13:39:00,271.138,271.298,270.992,271.103,37868
2022-05-06 13:38:00,270.893,271.327,270.717,271.103,39177
2022-05-06 13:37:00,271.649,271.681,270.697,270.897,49623
2022-05-06 13:36:00,272.248,272.368,271.385,271.585,50238
2022-05-06 13:35:00,272.062,272.28,271.915,272.144,32077
2022-05-06 13:34:00,271.895,272.142,271.807,272.085,21528
2022-05-06 13:33:00,271.767,271.995,271.669,271.948,19157
2022-05-06 13:32:00,271.759,271.917,271.552,271.86,21174
2022-05-06 13:31:00,272.209,272.398,271.62,271.801,39659
2022-05-06 13:30:00,271.836,272.27,271.65,272.213,20201
2022-05-06 13:29:00,271.885,272.015,271.581,271.801,22934
2022-05-06 13:28:00,271.865,272.359,271.758,271.938,38682
2022-05-06 13:27:00,271.374,271.936,271.237,271.909,28388
2022-05-06 13:26:00,271.718,271.789,271.277,271.388,40684
2022-05-06 13:25:00,271.855,272.221,271.689,271.737,21597
2022-05-06 13:24:00,272.081,272.319,271.836,271.904,30951
2022-05-06 13:23:00,271.796,272.712,271.758,272.144,36092
2022-05-06 13:22:00,271.954,271.985,271.65,271.82,24196
2022-05-06 13:21:00,271.625,272.133,271.444,272.007,43357
2022-05-06 13:20:00,271.551,271.759,271.257,271.624,29825
2022-05-06 13:19:00,271.512,271.671,271.355,271.604,22654
2022-05-06 13:18:00,271.944,271.975,271.434,271.556,52897
2022-05-06 13:17:00,272.553,272.653,271.895,271.975,20707
2022-05-06 13:16:00,272.17,272.614,271.925,272.557,21580
2022-05-06 13:15:00,272.548,272.781,272.092,272.144,34037
2022-05-06 13:14:00,272.543,272.695,272.377,272.577,12192
2022-05-06 13:13:00,272.563,272.781,272.316,272.527,37708
2022-05-06 13:12:00,272.982,273.204,272.514,272.567,26142
2022-05-06 13:11:00,272.808,273.027,272.652,272.999,16787
2022-05-06 13:10:00,273.014,273.115,272.701,272.852,16298
2022-05-06 13:09:00,273.113,273.449,272.956,272.989,28431
2022-05-06 13:08:00,272.798,273.459,272.563,273.146,38297
2022-05-06 13:07:00,272.425,272.791,272.268,272.744,18417
2022-05-06 13:06:00,272.764,272.796,272.259,272.424,18354
2022-05-06 13:05:00,273.604,273.645,272.602,272.832,42938
2022-05-06 13:04:00,273.024,273.862,272.995,273.657,52168
2022-05-06 13:03:00,272.749,273.125,272.617,273.038,23820
2022-05-06 13:02:00,272.985,273.115,272.583,272.773,30577
2022-05-06 13:01:00,272.995,273.184,272.848,272.92,24467
2022-05-06 13:00:00,273.221,273.361,272.76,272.871,36229
2022-05-06 12:59:00,273.034,273.302,272.818,273.171,41186
2022-05-06 12:58:00,273.093,273.282,272.946,273.028,30216
2022-05-06 12:57:00,272.985,273.292,272.877,273.087,48044
2022-05-06 12:56:00,272.563,273.321,272.534,272.979,64986
2022-05-06 12:55:00,272.327,272.506,272.043,272.446,31325
2022-05-06 12:54:00,272.504,272.634,272.308,272.361,18353
2022-05-06 12:53:00,271.993,272.889,271.944,272.478,69518
2022-05-06 12:52:00,271.571,272.064,271.247,271.928,28576
2022-05-06 12:51:00,271.62,271.663,271.237,271.538,21168
2022-05-06 12:50:00,272.15,272.182,271.188,271.643,61165
2022-05-06 12:49:00,272.563,272.604,271.964,272.076,45791
2022-05-06 12:48:00,272.16,272.594,272.013,272.557,23298
2022-05-06 12:47:00,272.327,272.447,272.082,272.184,28438
2022-05-06 12:46:00,272.464,272.516,272.16,272.287,24945
2022-05-06 12:45:00,272.111,272.545,272.082,272.38,22957
2022-05-06 12:44:00,272.032,272.26,271.797,272.115,14397
2022-05-06 12:43:00,272.032,272.28,271.846,272.095,32311
2022-05-06 12:42:00,272.022,272.128,271.768,272.012,14684
2022-05-06 12:41:00,271.944,272.172,271.65,271.968,46980
2022-05-06 12:40:00,271.865,272.093,271.375,271.928,37866
2022-05-06 12:39:00,271.708,272.162,271.561,271.83,41054
2022-05-06 12:38:00,271.413,271.612,271.227,271.585,12461
2022-05-06 12:37:00,271.826,271.867,271.139,271.477,53316
2022-05-06 12:36:00,272.494,272.801,271.787,271.84,44356
2022-05-06 12:35:00,272.484,272.614,272.16,272.459,20800
2022-05-06 12:34:00,271.985,272.683,271.956,272.469,33042
2022-05-06 12:33:00,271.462,272.113,271.399,271.938,36517
2022-05-06 12:32:00,271.826,272.005,271.434,271.467,14146
2022-05-06 12:31:00,271.531,272.182,271.502,271.84,31630
2022-05-06 12:30:00,271.944,272.142,271.257,271.585,39321
2022-05-06 12:29:00,271.904,272.319,271.857,271.987,34280
2022-05-06 12:28:00,271.698,272.044,271.385,271.886,24402
2022-05-06 12:27:00,272.268,272.3,271.571,271.739,32828
2022-05-06 12:26:00,272.17,272.373,271.817,272.262,34774
2022-05-06 12:25:00,271.826,272.403,271.738,272.135,27967
2022-05-06 12:24:00,271.855,272.152,271.522,271.752,33638
2022-05-06 12:23:00,272.013,272.305,271.502,271.879,32533
2022-05-06 12:22:00,271.551,272.142,271.493,271.968,56161
2022-05-06 12:21:00,271.325,271.612,271.031,271.539,39298
2022-05-06 12:20:00,270.657,271.542,270.56,271.319,28843
2022-05-06 12:19:00,271.384,271.867,270.55,270.632,51201
2022-05-06 12:18:00,271.148,271.376,271.06,271.349,19438
2022-05-06 12:17:00,270.972,271.199,270.894,271.062,13610
2022-05-06 12:16:00,270.812,271.116,270.756,270.966,20248
2022-05-06 12:15:00,271.04,271.091,270.668,270.828,19631
2022-05-06 12:14:00,270.903,271.219,270.812,271.067,17287
2022-05-06 12:13:00,271.197,271.229,270.707,270.936,36035
2022-05-06 12:12:00,271.345,271.556,271.09,271.231,23426
2022-05-06 12:11:00,271.787,271.828,271.198,271.329,41053
2022-05-06 12:10:00,272.062,272.093,271.502,271.81,33734
2022-05-06 12:09:00,272.705,272.83,271.846,272.038,47605
2022-05-06 12:08:00,272.828,273.027,272.563,272.704,46279
2022-05-06 12:07:00,272.838,273.351,272.676,272.871,73721
2022-05-06 12:06:00,272.248,272.948,272.213,272.798,45216
2022-05-06 12:05:00,272.13,272.309,271.915,272.194,21760
2022-05-06 12:04:00,272.052,272.221,271.787,272.174,33688
2022-05-06 12:03:00,271.846,272.29,271.679,272.135,49790
2022-05-06 12:02:00,271.148,271.936,270.962,271.85,45850
2022-05-06 12:01:00,270.588,271.475,270.486,271.143,51940
2022-05-06 12:00:00,270.917,270.988,270.511,270.593,26286
2022-05-06 11:59:00,270.534,271.042,270.506,270.917,26132
2022-05-06 11:58:00,271.325,271.445,270.452,270.504,47261
2022-05-06 11:57:00,271.531,271.583,271.198,271.359,19004
2022-05-06 11:56:00,271.359,271.651,271.326,271.398,21633
2022-05-06 11:55:00,271.394,271.553,271.159,271.359,14601
2022-05-06 11:54:00,271.138,271.475,271.021,271.216,47917
2022-05-06 11:53:00,271.973,272.015,271.051,271.22,60628
2022-05-06 11:52:00,272.474,272.506,271.915,272.04,44070
2022-05-06 11:51:00,271.787,272.506,271.719,272.444,42982
2022-05-06 11:50:00,271.639,272.074,271.453,271.732,32489
2022-05-06 11:49:00,271.6,271.838,271.404,271.683,25183
2022-05-06 11:48:00,271.472,271.661,271.227,271.565,24434
2022-05-06 11:47:00,271.119,271.533,270.983,271.467,26005
2022-05-06 11:46:00,270.981,271.494,270.786,271.148,35550
2022-05-06 11:45:00,271.227,271.327,270.668,270.922,69940
2022-05-06 11:44:00,271.521,271.75,271.128,271.253,35012
2022-05-06 11:43:00,271.669,271.848,271.345,271.531,37992
2022-05-06 11:42:00,271.472,271.897,271.385,271.663,34260
2022-05-06 11:41:00,271.266,271.651,271.159,271.427,27265
2022-05-06 11:40:00,270.932,271.371,270.884,271.143,48385
2022-05-06 11:39:00,271.227,271.58,270.717,270.936,44013
2022-05-06 11:38:00,271.296,271.553,271.119,271.26,24697
2022-05-06 11:37:00,271.502,271.661,271.178,271.319,48160
2022-05-06 11:36:00,271.826,271.897,271.316,271.506,63391
2022-05-06 11:35:00,271.954,272.044,271.63,271.791,34558
2022-05-06 11:34:00,271.905,271.995,271.502,271.928,60789
2022-05-06 11:33:00,272.612,272.643,271.748,271.928,72734
2022-05-06 11:32:00,273.309,273.361,272.475,272.734,72765
2022-05-06 11:31:00,273.933,273.965,273.143,273.274,35342
2022-05-06 11:30:00,273.81,274.038,273.437,273.922,77186
2022-05-06 11:29:00,273.767,273.95,273.575,273.795,36302
2022-05-06 11:28:00,273.525,273.93,273.418,273.755,60845
2022-05-06 11:27:00,273.447,273.822,273.29,273.411,51594
2022-05-06 11:26:00,273.947,273.999,273.182,273.441,108511
2022-05-06 11:25:00,274.006,274.087,273.771,273.971,53552
2022-05-06 11:24:00,274.154,274.313,273.781,273.981,57815
2022-05-06 11:23:00,274.026,274.213,273.584,274.158,66009
2022-05-06 11:22:00,273.82,274.27,273.761,274.089,68681
2022-05-06 11:21:00,273.181,273.784,273.064,273.756,66798
2022-05-06 11:20:00,272.833,273.262,272.632,273.176,45556
2022-05-06 11:19:00,272.278,272.938,272.19,272.852,41007
2022-05-06 11:18:00,273.093,273.262,272.151,272.311,62792
2022-05-06 11:17:00,272.504,273.223,272.347,273.078,53462
2022-05-06 11:16:00,272.749,272.781,272.141,272.537,56673
2022-05-06 11:15:00,272.621,273.036,272.28,272.744,311296
2022-05-06 11:14:00,272.07,272.673,271.905,272.636,29900
2022-05-06 11:13:00,271.728,272.152,271.699,272.051,39155
2022-05-06 11:12:00,271.129,271.877,270.992,271.673,53356
2022-05-06 11:11:00,270.628,271.239,270.596,271.166,38584
2022-05-06 11:10:00,271.629,271.897,270.471,270.602,64535
2022-05-06 11:09:00,272.052,272.142,271.453,271.594,20712
2022-05-06 11:08:00,271.855,272.034,271.689,271.923,19849
2022-05-06 11:07:00,272.175,272.231,271.502,271.712,63744
2022-05-06 11:06:00,271.629,272.211,271.296,272.184,43461
2022-05-06 11:05:00,271.627,271.779,271.1,271.575,31027
2022-05-06 11:04:00,271.502,271.985,271.335,271.555,39492
2022-05-06 11:03:00,271.757,271.907,271.178,271.557,45054
2022-05-06 11:02:00,272.238,272.368,271.699,271.787,62090
2022-05-06 11:01:00,272.71,272.81,272.141,272.262,36352
2022-05-06 11:00:00,272.838,273.027,272.337,272.616,79623
2022-05-06 10:59:00,273.505,273.812,272.809,272.852,119259
2022-05-06 10:58:00,273.398,273.655,272.917,273.52,71988
2022-05-06 10:57:00,272.828,273.655,272.72,273.298,116932
2022-05-06 10:56:00,271.875,273.135,271.777,272.886,229683
2022-05-06 10:55:00,272.297,272.545,271.601,271.85,48228
2022-05-06 10:54:00,271.571,272.418,271.237,272.311,54782
2022-05-06 10:53:00,270.873,271.695,270.805,271.557,42880
2022-05-06 10:52:00,271.02,271.481,270.54,270.799,53100
2022-05-06 10:51:00,271.227,271.366,270.707,270.985,43424
2022-05-06 10:50:00,271.276,272.005,270.766,271.162,65025
2022-05-06 10:49:00,270.628,271.219,270.55,271.192,35864
2022-05-06 10:48:00,270.932,271.082,270.275,270.671,73283
2022-05-06 10:47:00,271.158,271.475,270.835,270.907,53729
2022-05-06 10:46:00,270.559,271.425,270.373,271.133,117382
2022-05-06 10:45:00,269.243,270.689,269.018,270.484,97662
2022-05-06 10:44:00,269.429,269.687,269.165,269.257,35645
2022-05-06 10:43:00,269.311,269.687,268.998,269.404,76380
2022-05-06 10:42:00,269.41,269.441,268.677,269.217,40524
2022-05-06 10:41:00,270.009,270.139,269.204,269.365,58946
2022-05-06 10:40:00,268.86,270.05,268.428,269.925,106756
2022-05-06 10:39:00,268.418,268.974,268.324,268.829,59502
2022-05-06 10:38:00,268.143,268.606,268.006,268.402,61517
2022-05-06 10:37:00,268.027,268.311,267.682,268.117,59118
2022-05-06 10:36:00,268.958,269.146,267.878,267.941,54477
2022-05-06 10:35:00,268.781,269.029,268.478,268.849,53469
2022-05-06 10:34:00,268.909,269.196,268.635,268.726,52674
2022-05-06 10:33:00,269.4,269.657,268.713,268.952,49244
2022-05-06 10:32:00,270.127,270.219,269.352,269.443,44829
2022-05-06 10:31:00,269.567,270.148,269.352,270.082,41273
2022-05-06 10:30:00,269.174,269.942,268.988,269.502,60124
2022-05-06 10:29:00,269.753,270.364,269.145,269.237,78975
2022-05-06 10:28:00,270.195,270.407,269.705,269.817,48932
2022-05-06 10:27:00,270.804,270.895,270.069,270.141,62439
2022-05-06 10:26:00,270.5,271.504,270.457,270.794,62145
2022-05-06 10:25:00,270.441,270.983,270.324,270.572,45101
2022-05-06 10:24:00,270.47,270.811,269.951,270.396,39201
2022-05-06 10:23:00,271.237,271.268,269.882,270.426,62179
2022-05-06 10:22:00,270.205,271.563,270.039,271.3,79237
2022-05-06 10:21:00,270.682,270.944,270.019,270.111,77771
2022-05-06 10:20:00,271.649,271.74,270.609,270.642,141708
2022-05-06 10:19:00,272.268,273.027,271.552,271.709,151285
2022-05-06 10:18:00,271.197,272.339,271.09,272.311,140660
2022-05-06 10:17:00,269.38,271.298,269.224,271.211,103305
2022-05-06 10:16:00,269.017,269.559,268.939,269.362,64118
2022-05-06 10:15:00,269.213,269.559,269.008,269.05,45497
2022-05-06 10:14:00,269.508,269.677,268.743,269.129,67672
2022-05-06 10:13:00,268.55,269.603,268.492,269.54,61873
2022-05-06 10:12:00,268.143,268.862,268.095,268.559,79059
2022-05-06 10:11:00,267.151,268.267,266.926,268.009,72912
2022-05-06 10:10:00,267.16,267.594,267.044,267.125,77874
2022-05-06 10:09:00,267.71,267.82,267.044,267.165,73635
2022-05-06 10:08:00,268.943,269.066,267.574,267.715,104361
2022-05-06 10:07:00,269.154,269.854,268.87,268.942,104880
2022-05-06 10:06:00,268.914,269.304,268.625,269.136,98849
2022-05-06 10:05:00,267.917,269.117,267.869,268.908,104316
2022-05-06 10:04:00,267.288,268.027,267.181,267.901,48220
2022-05-06 10:03:00,267.048,267.506,266.867,267.351,67421
2022-05-06 10:02:00,267.93,267.961,266.975,267.076,79826
2022-05-06 10:01:00,267.681,268.449,267.574,267.901,96762
2022-05-06 10:00:00,267.151,267.958,266.936,267.674,64025
2022-05-06 09:59:00,267.681,267.712,267.004,267.135,91069
2022-05-06 09:58:00,267.553,267.859,267.299,267.656,48980
2022-05-06 09:57:00,266.748,267.801,266.72,267.449,51863
2022-05-06 09:56:00,266.655,267.771,266.626,266.781,87572
2022-05-06 09:55:00,266.775,267.388,266.513,266.673,84765
2022-05-06 09:54:00,266.895,267.14,266.504,266.801,83619
2022-05-06 09:53:00,267.16,267.27,266.641,266.826,66492
2022-05-06 09:52:00,267.514,267.653,266.798,267.115,60120
2022-05-06 09:51:00,268.035,268.125,267.24,267.531,48926
2022-05-06 09:50:00,268.02,268.469,267.829,268.049,69475
2022-05-06 09:49:00,267.465,268.213,267.289,267.96,88247
2022-05-06 09:48:00,267.092,267.584,266.906,267.4,72426
2022-05-06 09:47:00,267.71,267.82,267.004,267.111,67467
2022-05-06 09:46:00,268.457,268.488,267.692,267.754,60407
2022-05-06 09:45:00,268.202,268.95,268.026,268.422,73395
2022-05-06 09:44:00,268.555,268.675,268.124,268.216,40289
2022-05-06 09:43:00,268.634,268.773,268.095,268.579,48132
2022-05-06 09:42:00,268.29,268.817,267.712,268.667,77352
2022-05-06 09:41:00,268.094,268.557,267.702,268.328,61559
2022-05-06 09:40:00,267.288,268.135,267.171,267.999,77087
2022-05-06 09:39:00,267.927,267.987,267.044,267.341,93081
2022-05-06 09:38:00,268.275,268.4,267.584,267.971,72381
2022-05-06 09:37:00,267.868,268.449,267.338,268.313,111821
2022-05-06 09:36:00,268.634,268.832,267.653,267.764,100069
2022-05-06 09:35:00,269.095,269.294,268.379,268.662,92050
2022-05-06 09:34:00,269.184,269.895,268.979,269.08,53506
2022-05-06 09:33:00,269.567,269.795,268.762,269.149,85832
2022-05-06 09:32:00,271.119,271.17,269.489,269.63,62429
2022-05-06 09:31:00,269.498,271.219,269.469,271.192,58814
2022-05-06 09:30:00,269.93,270.767,269.293,269.62,500952
2022-05-06 09:29:00,269.793,270.08,269.744,269.777,3857
2022-05-06 09:28:00,269.783,269.814,269.695,269.787,1400
2022-05-06 09:27:00,270.372,270.443,269.794,270.111,1789
2022-05-06 09:26:00,270.215,270.404,270.186,270.376,200
2022-05-06 09:24:00,270.215,270.482,270.186,270.455,500
2022-05-06 09:22:00,270.48,270.512,270.344,270.376,200
2022-05-06 09:21:00,270.48,270.512,270.451,270.484,250
2022-05-06 09:20:00,270.795,270.826,270.324,270.357,475
2022-05-06 09:19:00,270.353,270.384,270.324,270.357,1000
2022-05-06 09:18:00,270.205,270.237,270.177,270.209,100
2022-05-06 09:17:00,270.078,270.237,270.049,270.209,600
2022-05-06 09:16:00,269.891,270.139,269.735,270.111,2600
2022-05-06 09:15:00,269.911,269.942,269.666,269.699,1342
2022-05-06 09:14:00,270.058,270.335,270.029,270.111,9950
2022-05-06 09:13:00,270.009,270.138,269.882,270.111,6019
2022-05-06 09:12:00,269.97,270.423,269.882,270.396,3347
2022-05-06 09:11:00,269.911,270.139,269.784,270.072,7261
2022-05-06 09:10:00,270.107,270.139,270.078,270.111,2850
2022-05-06 09:09:00,269.911,269.981,269.735,269.767,712
2022-05-06 09:08:00,270.009,270.07,269.892,269.925,1904
2022-05-06 09:07:00,270.107,270.139,270.078,270.111,300
2022-05-06 09:06:00,270.313,270.345,270.078,270.111,618
2022-05-06 09:05:00,269.979,270.158,269.823,270.131,1737
2022-05-06 09:04:00,270.35,270.433,269.686,269.738,4282
2022-05-06 09:03:00,270.323,270.355,270.137,270.17,2461
2022-05-06 09:02:00,270.323,270.531,270.294,270.504,1652
2022-05-06 09:01:00,270.5,270.531,270.471,270.504,500
2022-05-06 08:59:00,270.205,270.256,269.754,269.954,1414
2022-05-06 08:57:00,270.009,270.139,269.981,270.111,503
2022-05-06 08:56:00,270.117,270.158,270.069,270.111,6143
2022-05-06 08:55:00,270.402,270.433,270.078,270.111,1250
2022-05-06 08:54:00,270.412,270.443,270.078,270.111,1874
2022-05-06 08:53:00,270.795,270.826,270.383,270.504,1863
2022-05-06 08:52:00,270.922,271.121,270.778,270.985,1930
2022-05-06 08:51:00,270.696,271.219,270.668,271.192,568
2022-05-06 08:50:00,271.089,271.141,270.854,270.887,12367
2022-05-06 08:49:00,271.227,271.465,271.051,271.093,3092
2022-05-06 08:47:00,271.787,271.818,271.06,271.526,6894
2022-05-06 08:46:00,272.003,272.103,271.561,271.594,2345
2022-05-06 08:45:00,272.071,272.359,272.023,272.331,3890
2022-05-06 08:44:00,271.679,272.103,271.169,272.076,4858
2022-05-06 08:42:00,272.071,272.103,272.043,272.076,100
2022-05-06 08:41:00,272.071,272.103,272.023,272.056,200
2022-05-06 08:40:00,272.847,272.879,272.553,272.586,2344
2022-05-06 08:39:00,273.054,273.292,273.025,273.264,2569
2022-05-06 08:38:00,273.054,273.086,273.025,273.058,100
2022-05-06 08:37:00,272.572,272.604,272.543,272.577,197
2022-05-06 08:36:00,272.779,273.95,272.75,273.52,5347
2022-05-06 08:35:00,272.071,272.398,272.043,272.321,2737
2022-05-06 08:34:00,271.74,272.103,271.711,272.076,1424
2022-05-06 08:32:00,271.629,272.103,271.503,272.076,1932
2022-05-06 08:31:00,272.651,272.771,271.758,271.791,3768
2022-05-06 08:30:00,271.944,272.683,271.915,272.655,6677
2022-05-06 08:29:00,271.168,271.199,271.119,271.152,624
2022-05-06 08:28:00,270.991,271.602,270.962,271.575,400
2022-05-06 08:27:00,270.942,271.121,270.913,270.995,1177
2022-05-06 08:24:00,271.283,271.315,271.255,271.288,1250
2022-05-06 08:23:00,270.952,270.983,270.884,270.917,600
2022-05-06 08:22:00,271.286,271.317,271.06,271.093,958
2022-05-06 08:20:00,271.089,271.15,271.061,271.123,496
2022-05-06 08:19:00,271.158,271.19,271.06,271.093,317
2022-05-06 08:18:00,271.384,271.416,271.355,271.388,100
2022-05-06 08:14:00,271.384,271.425,271.355,271.388,3580
2022-05-06 08:13:00,271.384,271.416,271.355,271.388,1200
2022-05-06 08:12:00,271.384,271.612,271.355,271.585,1250
2022-05-06 08:10:00,271.02,271.41,270.992,271.383,400
2022-05-06 08:09:00,271.197,271.229,271.169,271.201,100
2022-05-06 08:08:00,271.178,271.209,271.149,271.182,130
2022-05-06 08:07:00,271.109,271.141,271.08,271.113,100
2022-05-06 08:06:00,271.089,271.121,271.06,271.093,100
2022-05-06 08:04:00,271.286,271.317,271.257,271.29,144
2022-05-06 08:03:00,271.482,271.514,271.453,271.486,100
2022-05-06 08:02:00,271.384,271.416,271.296,271.329,618
2022-05-06 08:01:00,270.873,271.121,270.844,271.093,1643
2022-05-06 08:00:00,270.893,271.317,269.619,270.651,29433
2022-05-06 07:59:00,270.598,270.63,270.569,270.602,872
2022-05-06 07:56:00,270.893,270.924,270.864,270.897,100
2022-05-06 07:55:00,270.844,270.974,270.815,270.946,514
2022-05-06 07:54:00,270.598,270.63,270.569,270.602,633
2022-05-06 07:53:00,270.628,270.659,270.599,270.632,300
2022-05-06 07:52:00,270.745,270.777,270.717,270.75,100
2022-05-06 07:51:00,270.795,270.826,270.717,270.75,3901
2022-05-06 07:50:00,270.745,270.787,270.717,270.759,3400
2022-05-06 07:49:00,270.696,270.797,270.668,270.75,5902
2022-05-06 07:44:00,270.598,270.63,270.569,270.602,300
2022-05-06 07:43:00,270.372,270.404,270.344,270.376,100
2022-05-06 07:40:00,270.274,270.306,270.245,270.278,100
2022-05-06 07:38:00,270.117,270.148,270.088,270.121,100
2022-05-06 07:37:00,269.812,270.139,269.784,270.111,557
2022-05-06 07:35:00,269.911,269.942,269.813,269.846,486
2022-05-06 07:34:00,269.822,269.873,269.656,269.846,916
2022-05-06 07:30:00,269.773,269.805,269.695,269.728,373
2022-05-06 07:29:00,269.842,269.873,269.813,269.846,104
2022-05-06 07:27:00,269.812,269.844,269.784,269.817,600
2022-05-06 07:26:00,269.812,269.844,269.784,269.817,100
2022-05-06 07:25:00,269.989,270.021,269.961,269.993,105
2022-05-06 07:24:00,269.989,270.021,269.872,269.915,914
2022-05-06 07:23:00,270.107,270.139,269.97,270.003,975
2022-05-06 07:20:00,270.107,270.188,270.078,270.16,400
2022-05-06 07:19:00,270.117,270.148,270.078,270.111,429
2022-05-06 07:17:00,270.195,270.237,270.108,270.209,1559
2022-05-06 07:16:00,270.107,270.148,270.078,270.111,1575
2022-05-06 07:15:00,270.205,270.266,270.177,270.209,800
2022-05-06 07:14:00,270.215,270.247,270.186,270.219,280
2022-05-06 07:13:00,270.235,270.266,270.206,270.239,100
2022-05-06 07:09:00,270.5,270.531,270.471,270.504,100
2022-05-06 07:04:00,270.745,270.777,270.628,270.661,200
2022-05-06 07:03:00,270.991,271.023,270.687,270.72,1292
2022-05-06 07:02:00,270.814,270.846,270.766,270.799,445
2022-05-06 07:01:00,271.02,271.131,270.864,270.946,2217
2022-05-06 07:00:00,271.02,271.209,270.992,271.182,600
2022-05-06 06:34:00,271.089,271.121,271.06,271.093,100
2022-05-06 06:08:00,271.335,271.366,270.943,270.976,600
2022-05-06 06:01:00,271.286,271.327,271.257,271.3,573
2022-05-06 06:00:00,271.138,271.278,271.11,271.251,323
2022-05-06 05:58:00,271.07,271.18,271.041,271.152,249
2022-05-06 05:57:00,270.952,270.983,270.923,270.956,135
2022-05-06 05:56:00,270.922,271.023,270.894,270.995,247
2022-05-06 05:55:00,270.922,270.954,270.894,270.926,190
2022-05-06 05:47:00,271.001,271.032,270.972,271.005,100
2022-05-06 05:46:00,270.952,271.013,270.923,270.985,200
2022-05-06 05:37:00,270.49,270.522,270.461,270.494,100
2022-05-06 05:21:00,270.451,270.482,270.422,270.455,100
2022-05-06 05:20:00,270.254,270.286,270.226,270.259,585
2022-05-06 05:19:00,270.254,270.286,270.226,270.259,906
2022-05-06 05:11:00,270.745,270.777,270.717,270.75,463
2022-05-06 04:55:00,270.844,270.875,270.815,270.848,100
2022-05-06 04:54:00,270.863,270.895,270.835,270.868,100
2022-05-06 04:48:00,271.816,271.907,271.787,271.879,747
2022-05-06 04:34:00,271.954,271.985,271.925,271.958,100
2022-05-06 04:32:00,271.973,272.103,271.944,272.076,431
2022-05-06 04:31:00,271.963,271.995,271.935,271.968,100
2022-05-06 04:30:00,271.875,271.907,271.846,271.879,100
2022-05-06 04:25:00,271.413,271.445,271.385,271.418,200
2022-05-06 04:19:00,271.256,271.288,271.227,271.26,300
2022-05-06 04:18:00,271.158,271.19,271.129,271.162,200
2022-05-06 04:15:00,270.912,270.944,270.864,270.897,1226
2022-05-06 04:12:00,271.482,271.514,271.453,271.486,200
2022-05-06 04:11:00,271.482,271.514,271.453,271.486,800
2022-05-06 04:10:00,271.59,271.622,271.561,271.594,260
2022-05-06 04:09:00,271.708,271.74,271.561,271.594,616
2022-05-06 04:08:00,271.875,271.907,271.846,271.879,600
2022-05-06 04:07:00,271.708,272.103,271.679,271.977,739
2022-05-06 04:03:00,271.187,271.219,271.159,271.192,192
2022-05-06 04:00:00,270.893,270.924,270.864,270.897,457
2022-05-05 19:59:00,273.23,273.282,273.201,273.254,1438
2022-05-05 19:58:00,273.004,273.086,272.975,273.058,1281
2022-05-05 19:57:00,273.004,273.036,272.975,273.009,300
2022-05-05 19:56:00,273.044,273.076,273.015,273.048,400
2022-05-05 19:55:00,272.906,273.007,272.877,272.979,592
2022-05-05 19:54:00,272.857,272.889,272.828,272.861,229
2022-05-05 19:53:00,272.828,272.86,272.799,272.832,200
2022-05-05 19:52:00,272.857,272.889,272.828,272.861,195
2022-05-05 19:51:00,272.857,272.889,272.799,272.832,224
2022-05-05 19:48:00,272.857,272.889,272.799,272.832,799
2022-05-05 19:47:00,272.857,272.889,272.828,272.861,100
2022-05-05 19:45:00,272.857,272.889,272.828,272.861,427
2022-05-05 19:40:00,272.808,272.84,272.779,272.812,100
2022-05-05 19:35:00,272.926,272.958,272.897,272.93,967
2022-05-05 19:32:00,272.661,272.693,272.632,272.665,500
2022-05-05 19:30:00,272.631,272.791,272.602,272.763,1284
2022-05-05 19:27:00,272.73,272.761,272.701,272.734,220
2022-05-05 19:26:00,272.513,272.545,272.485,272.518,1235
2022-05-05 19:13:00,272.71,272.742,272.681,272.714,500
2022-05-05 19:12:00,272.838,272.869,272.809,272.842,200
2022-05-05 19:07:00,273.034,273.066,273.005,273.038,300
2022-05-05 19:05:00,272.317,272.349,272.288,272.321,100
2022-05-05 18:57:00,272.17,272.201,272.141,272.174,100
2022-05-05 18:53:00,272.415,272.447,272.386,272.419,2935
2022-05-05 18:52:00,272.602,272.634,272.573,272.606,483
2022-05-05 18:45:00,272.415,272.447,272.386,272.419,100
2022-05-05 18:41:00,272.563,272.594,272.534,272.567,495
2022-05-05 18:37:00,272.641,272.673,272.612,272.645,100
2022-05-05 18:35:00,272.582,272.614,272.553,272.586,100
2022-05-05 18:34:00,272.749,272.781,272.72,272.753,100
2022-05-05 18:33:00,272.602,272.634,272.553,272.586,400
2022-05-05 18:31:00,272.572,272.604,272.543,272.577,300
2022-05-05 18:28:00,272.563,272.594,272.534,272.567,100
2022-05-05 18:26:00,272.415,272.447,272.386,272.419,500
2022-05-05 18:24:00,272.425,272.457,272.396,272.429,100
2022-05-05 18:23:00,272.435,272.467,272.386,272.419,906
2022-05-05 18:22:00,272.415,272.447,272.386,272.419,900
2022-05-05 18:21:00,272.563,272.594,272.435,272.469,1274
2022-05-05 18:20:00,272.661,272.693,272.534,272.567,504
2022-05-05 18:19:00,272.661,272.693,272.632,272.665,110
2022-05-05 18:12:00,272.906,272.938,272.877,272.911,100
2022-05-05 18:02:00,272.73,272.761,272.632,272.665,200
2022-05-05 18:01:00,272.857,272.889,272.789,272.822,429
2022-05-05 18:00:00,273.054,273.086,272.828,272.861,518
2022-05-05 17:59:00,272.862,273.086,272.833,273.058,209
2022-05-05 17:58:00,272.857,272.889,272.828,272.861,945
2022-05-05 17:56:00,272.743,272.775,272.714,272.747,100
2022-05-05 17:42:00,272.602,272.634,272.573,272.606,163
2022-05-05 17:41:00,272.661,272.761,272.632,272.734,393
2022-05-05 17:37:00,272.661,272.693,272.632,272.665,174
2022-05-05 17:35:00,272.602,272.634,272.573,272.606,100
2022-05-05 17:30:00,272.847,272.879,272.818,272.852,100
2022-05-05 17:26:00,272.71,272.742,272.534,272.567,5470
2022-05-05 17:25:00,272.897,272.928,272.828,272.861,863
2022-05-05 17:24:00,273.054,273.086,273.025,273.058,100
2022-05-05 17:23:00,273.152,273.184,273.025,273.058,1431
2022-05-05 17:22:00,273.152,273.184,273.123,273.156,200
2022-05-05 17:18:00,273.201,273.233,273.074,273.107,200
2022-05-05 17:14:00,273.054,273.086,273.025,273.058,500
2022-05-05 17:13:00,273.054,273.282,273.025,273.254,300
2022-05-05 17:12:00,273.25,273.282,273.221,273.254,100
2022-05-05 17:11:00,273.122,273.184,273.044,273.156,1307
2022-05-05 17:09:00,273.152,273.184,273.123,273.156,150
2022-05-05 17:05:00,272.415,273.086,272.386,273.058,9114
2022-05-05 16:58:00,273.093,273.233,273.025,273.068,3399
2022-05-05 16:57:00,273.152,273.184,273.025,273.058,664
2022-05-05 16:56:00,273.201,273.233,273.172,273.205,595
2022-05-05 16:55:00,273.201,273.233,273.172,273.205,4403
2022-05-05 16:54:00,272.415,272.447,272.386,272.419,4942
2022-05-05 16:53:00,273.132,273.174,273.103,273.136,2229
2022-05-05 16:51:00,273.299,273.38,273.27,273.353,800
2022-05-05 16:50:00,273.152,273.184,272.926,272.96,1183
2022-05-05 16:48:00,273.483,273.515,273.035,273.107,1466
2022-05-05 16:47:00,273.417,273.476,273.201,273.448,495
2022-05-05 16:46:00,272.415,273.243,272.386,273.215,39928
2022-05-05 16:45:00,273.177,273.208,273.148,273.181,100
2022-05-05 16:44:00,273.28,273.557,273.251,273.52,6419
2022-05-05 16:43:00,273.201,273.233,273.172,273.205,691
2022-05-05 16:42:00,273.289,273.38,273.26,273.353,550
2022-05-05 16:41:00,273.024,273.086,272.985,273.058,410
2022-05-05 16:40:00,273.005,273.076,272.926,272.979,1311
2022-05-05 16:39:00,272.828,273.036,272.799,272.871,1740
2022-05-05 16:38:00,272.671,272.82,272.642,272.793,300
2022-05-05 16:37:00,272.563,272.594,272.386,272.419,6261
2022-05-05 16:36:00,272.563,272.796,272.534,272.586,1680
2022-05-05 16:35:00,272.462,272.594,272.433,272.567,812
2022-05-05 16:34:00,272.592,272.84,272.534,272.812,1300
2022-05-05 16:33:00,272.69,272.771,272.534,272.567,2917
2022-05-05 16:31:00,272.71,272.742,272.681,272.714,115
2022-05-05 16:29:00,272.749,272.791,272.72,272.763,6633
2022-05-05 16:28:00,272.808,272.84,272.73,272.763,470
2022-05-05 16:27:00,272.798,272.83,272.632,272.793,868
2022-05-05 16:26:00,272.867,273.086,272.769,272.803,3026
2022-05-05 16:25:00,272.936,273.05,272.779,273.022,1661
2022-05-05 16:24:00,273.054,273.086,272.936,273.058,3104
2022-05-05 16:23:00,273.152,273.184,272.976,273.009,2969
2022-05-05 16:22:00,273.083,273.282,272.985,273.058,14433
2022-05-05 16:21:00,273.054,273.115,273.025,273.058,1875
2022-05-05 16:20:00,273.093,273.125,272.877,273.058,13657
2022-05-05 16:19:00,273.329,273.361,272.386,272.419,13611
2022-05-05 16:18:00,273.604,273.636,273.152,273.362,7624
2022-05-05 16:17:00,273.398,273.528,273.368,273.5,10671
2022-05-05 16:16:00,273.456,273.488,273.427,273.461,421
2022-05-05 16:15:00,273.555,273.586,273.29,273.323,1391
2022-05-05 16:14:00,274.085,274.117,272.75,273.844,6712
2022-05-05 16:13:00,273.859,274.402,273.82,273.853,5876
2022-05-05 16:12:00,274.173,274.343,273.771,273.873,3948
2022-05-05 16:11:00,274.468,274.5,272.386,274.217,139688
2022-05-05 16:10:00,273.496,274.5,272.386,274.472,27779
2022-05-05 16:09:00,273.741,273.822,273.437,273.47,1398
2022-05-05 16:08:00,273.23,273.577,273.182,273.549,6190
2022-05-05 16:07:00,272.965,273.243,272.936,273.215,9979
2022-05-05 16:06:00,272.906,272.987,272.828,272.96,3308
2022-05-05 16:05:00,272.975,273.007,272.877,272.911,8525
2022-05-05 16:04:00,272.975,273.036,272.746,272.911,7836
2022-05-05 16:03:00,272.867,273.007,272.838,272.979,4743
2022-05-05 16:02:00,272.415,272.997,272.386,272.901,590217
2022-05-05 16:01:00,272.415,273.086,272.386,272.419,16983
2022-05-05 16:00:00,272.621,272.987,272.386,272.96,5765206
2022-05-05 15:59:00,272.533,273.076,271.699,272.586,1338248
2022-05-05 15:58:00,272.238,272.919,271.768,272.577,299459
2022-05-05 15:57:00,272.042,272.526,271.728,272.272,255989
2022-05-05 15:56:00,271.374,272.211,271.296,272.076,192380
2022-05-05 15:55:00,271.305,271.946,271.159,271.366,219346
2022-05-05 15:54:00,271.433,271.887,270.511,271.27,286817
2022-05-05 15:53:00,271.924,272.28,271.002,271.408,188566
2022-05-05 15:52:00,272.052,272.634,271.836,271.938,132607
2022-05-05 15:51:00,272.651,273.154,271.92,272.041,176690
2022-05-05 15:50:00,269.96,272.702,269.892,272.675,275384
2022-05-05 15:49:00,269.95,270.374,269.794,269.934,105575
2022-05-05 15:48:00,270.078,270.168,269.715,269.934,122175
2022-05-05 15:47:00,270.549,270.581,269.975,270.052,104767
2022-05-05 15:46:00,271.413,271.553,270.501,270.534,86264
2022-05-05 15:45:00,271.197,271.602,270.913,271.418,90702
2022-05-05 15:44:00,271.06,271.366,270.913,271.182,66821
2022-05-05 15:43:00,271.433,271.651,270.923,271.103,86800
2022-05-05 15:42:00,271.62,271.867,271.385,271.467,102700
2022-05-05 15:41:00,271.541,271.759,271.169,271.662,109640
2022-05-05 15:40:00,271.129,271.75,271.08,271.545,110294
2022-05-05 15:39:00,270.5,271.15,270.334,271.093,66358
2022-05-05 15:38:00,270.51,270.6,270.236,270.504,74104
2022-05-05 15:37:00,271.227,271.308,270.457,270.573,78807
2022-05-05 15:36:00,271.016,271.484,270.987,271.221,88300
2022-05-05 15:35:00,270.618,271.258,270.589,271.054,107915
2022-05-05 15:34:00,270.416,270.777,270.378,270.593,85885
2022-05-05 15:33:00,270.48,270.836,270.353,270.435,95981
2022-05-05 15:32:00,269.97,270.62,269.882,270.494,98722
2022-05-05 15:31:00,269.655,270.08,269.43,269.993,93207
2022-05-05 15:30:00,269.842,269.903,269.553,269.674,86020
2022-05-05 15:29:00,269.812,270.092,269.656,269.875,54150
2022-05-05 15:28:00,270.014,270.139,269.676,269.797,56813
2022-05-05 15:27:00,270.225,270.384,269.921,270.033,59209
2022-05-05 15:26:00,270.775,270.846,270.078,270.219,74637
2022-05-05 15:25:00,269.999,270.875,269.833,270.769,78903
2022-05-05 15:24:00,269.842,270.256,269.813,269.984,72214
2022-05-05 15:23:00,269.714,269.942,269.597,269.836,63697
2022-05-05 15:22:00,269.891,269.932,269.676,269.723,51393
2022-05-05 15:21:00,269.93,270.109,269.872,269.944,50942
2022-05-05 15:20:00,270.107,270.188,269.872,269.93,64695
2022-05-05 15:19:00,269.704,270.178,269.656,270.111,51913
2022-05-05 15:18:00,269.567,269.883,269.499,269.726,49115
2022-05-05 15:17:00,269.793,269.854,269.509,269.561,43157
2022-05-05 15:16:00,269.686,269.962,269.509,269.797,77779
2022-05-05 15:15:00,269.606,270.05,269.519,269.689,74033
2022-05-05 15:14:00,270.087,270.227,269.509,269.571,98021
2022-05-05 15:13:00,270.264,270.384,270.059,270.106,71713
2022-05-05 15:12:00,270.107,270.541,270.078,270.259,59865
2022-05-05 15:11:00,270.461,270.512,270.088,270.141,40850
2022-05-05 15:10:00,270.52,270.581,270.147,270.445,39590
2022-05-05 15:09:00,270.716,270.856,270.363,270.494,71975
2022-05-05 15:08:00,270.146,270.846,270.078,270.705,105816
2022-05-05 15:07:00,270.166,270.345,270.078,270.16,60946
2022-05-05 15:06:00,270.254,270.335,270.078,270.16,194139
2022-05-05 15:05:00,270.372,270.473,270.236,270.268,58547
2022-05-05 15:04:00,270.431,270.551,270.226,270.367,46828
2022-05-05 15:03:00,270.618,270.748,270.294,270.465,47995
2022-05-05 15:02:00,270.667,270.748,270.501,270.651,46212
2022-05-05 15:01:00,271.256,271.413,270.609,270.681,70666
2022-05-05 15:00:00,271.512,271.75,271.031,271.251,63331
2022-05-05 14:59:00,271.404,271.622,271.159,271.519,22509
2022-05-05 14:58:00,271.404,271.445,271.198,271.398,19677
2022-05-05 14:57:00,271.256,271.543,271.149,271.418,20677
2022-05-05 14:56:00,271.305,271.661,271.178,271.27,38029
2022-05-05 14:55:00,271.458,271.506,271.07,271.28,43554
2022-05-05 14:54:00,271.453,271.828,271.286,271.486,24188
2022-05-05 14:53:00,271.443,271.691,271.321,271.427,29539
2022-05-05 14:52:00,271.973,272.025,271.286,271.418,44281
2022-05-05 14:51:00,271.944,272.378,271.915,271.997,44869
2022-05-05 14:50:00,271.305,272.103,271.257,271.943,63984
2022-05-05 14:49:00,271.217,271.475,271.178,271.29,26952
2022-05-05 14:48:00,271.129,271.494,271.08,271.241,15668
2022-05-05 14:47:00,271.305,271.654,271.139,271.189,38884
2022-05-05 14:46:00,271.148,271.357,270.943,271.31,24859
2022-05-05 14:45:00,271.07,271.268,270.894,271.123,30831
2022-05-05 14:44:00,270.854,271.098,270.761,271.054,18719
2022-05-05 14:43:00,270.922,271.091,270.731,270.897,32363
2022-05-05 14:42:00,271.04,271.31,270.884,270.917,25995
2022-05-05 14:41:00,271.089,271.533,270.943,271.015,43495
2022-05-05 14:40:00,270.942,271.18,270.697,271.103,32196
2022-05-05 14:39:00,270.876,271.091,270.707,271.015,25202
2022-05-05 14:38:00,270.52,271.018,270.481,270.868,41029
2022-05-05 14:37:00,270.608,270.738,270.481,270.583,22542
2022-05-05 14:36:00,270.637,270.738,270.53,270.573,33266
2022-05-05 14:35:00,270.539,270.756,270.393,270.622,20298
2022-05-05 14:34:00,270.451,270.728,270.403,270.573,30564
2022-05-05 14:33:00,270.578,270.61,270.383,270.455,30180
2022-05-05 14:32:00,270.706,270.748,270.481,270.563,25925
2022-05-05 14:31:00,270.687,270.861,270.619,270.73,17304
2022-05-05 14:30:00,270.549,270.889,270.501,270.71,41744
2022-05-05 14:29:00,271.04,271.082,270.491,270.573,58341
2022-05-05 14:28:00,270.912,271.308,270.835,271.084,32166
2022-05-05 14:27:00,270.681,271.013,270.373,270.877,69402
2022-05-05 14:26:00,270.903,271.062,270.619,270.671,27225
2022-05-05 14:25:00,271.02,271.052,270.697,270.877,33391
2022-05-05 14:24:00,271.374,271.435,270.825,271.01,35199
2022-05-05 14:23:00,271.826,271.887,271.208,271.388,51439
2022-05-05 14:22:00,271.659,271.92,271.591,271.83,22169
2022-05-05 14:21:00,271.688,271.866,271.492,271.712,24980
2022-05-05 14:20:00,272.268,272.388,271.709,271.742,32371
2022-05-05 14:19:00,271.954,272.274,271.787,272.246,37609
2022-05-05 14:18:00,271.492,272.123,271.444,271.919,53961
2022-05-05 14:17:00,271.197,271.514,271.08,271.486,22906
2022-05-05 14:16:00,271.276,271.602,271.021,271.201,26559
2022-05-05 14:15:00,270.893,271.253,270.835,271.226,27974
2022-05-05 14:14:00,271.011,271.142,270.746,270.966,23401
2022-05-05 14:13:00,270.844,271.317,270.786,271.044,41864
2022-05-05 14:12:00,270.765,270.974,270.668,270.818,31389
2022-05-05 14:11:00,271.02,271.062,270.677,270.769,35059
2022-05-05 14:10:00,271.325,271.504,270.923,271.02,37535
2022-05-05 14:09:00,271.404,271.475,271.119,271.319,24827
2022-05-05 14:08:00,271.158,271.494,271.06,271.378,20947
2022-05-05 14:07:00,271.02,271.504,270.903,271.162,42967
2022-05-05 14:06:00,270.893,271.082,270.776,271.025,29958
2022-05-05 14:05:00,270.795,271.003,270.707,270.926,27146
2022-05-05 14:04:00,270.696,270.846,270.648,270.779,34010
2022-05-05 14:03:00,270.814,270.934,270.589,270.651,53947
2022-05-05 14:02:00,271.138,271.219,270.697,270.824,68649
2022-05-05 14:01:00,271.138,271.455,271.065,271.206,22102
2022-05-05 14:00:00,271.168,271.337,270.992,271.14,28173
2022-05-05 13:59:00,271.03,271.357,270.996,271.187,19808
2022-05-05 13:58:00,271.315,271.347,270.933,271.035,35434
2022-05-05 13:57:00,271.065,271.463,271.036,271.339,38573
2022-05-05 13:56:00,270.814,271.081,270.777,271.054,31629
2022-05-05 13:55:00,271.305,271.376,270.766,270.818,40496
2022-05-05 13:54:00,271.241,271.322,271.051,271.28,34114
2022-05-05 13:53:00,271.137,271.504,271.109,271.231,30563
2022-05-05 13:52:00,271.025,271.219,270.962,271.108,29928
2022-05-05 13:51:00,271.011,271.258,270.962,271.039,54351
2022-05-05 13:50:00,271.629,271.71,270.982,271.044,93280
2022-05-05 13:49:00,271.944,271.975,271.561,271.643,30454
2022-05-05 13:48:00,272.121,272.152,271.709,271.977,35281
2022-05-05 13:47:00,272.071,272.241,271.915,272.115,25764
2022-05-05 13:46:00,272.013,272.29,271.857,272.036,25277
2022-05-05 13:45:00,271.934,272.339,271.876,272.036,29909
2022-05-05 13:44:00,272.17,272.447,271.895,271.958,27977
2022-05-05 13:43:00,272.582,272.693,272.141,272.184,31739
2022-05-05 13:42:00,272.297,272.545,272.033,272.518,29020
2022-05-05 13:41:00,272.307,272.427,272.052,272.275,34751
2022-05-05 13:40:00,272.032,272.506,271.738,272.41,78572
2022-05-05 13:39:00,272.127,272.162,271.817,272.036,43535
2022-05-05 13:38:00,272.818,272.85,272.043,272.115,36541
2022-05-05 13:37:00,272.7,273.135,272.661,272.832,59438
2022-05-05 13:36:00,272.288,272.85,272.195,272.665,54016
2022-05-05 13:35:00,272.13,272.339,272.013,272.257,30945
2022-05-05 13:34:00,271.914,272.27,271.885,272.107,49941
2022-05-05 13:33:00,271.708,271.985,271.66,271.909,55148
2022-05-05 13:32:00,271.384,271.897,271.316,271.722,60855
2022-05-05 13:31:00,271.374,271.74,271.188,271.408,24696
2022-05-05 13:30:00,271.875,271.907,271.149,271.329,51232
2022-05-05 13:29:00,271.639,271.995,271.61,271.887,31500
2022-05-05 13:28:00,271.443,271.73,271.394,271.634,31839
2022-05-05 13:27:00,271.423,271.72,271.218,271.447,41780
2022-05-05 13:26:00,271.728,271.917,271.277,271.467,47135
2022-05-05 13:25:00,271.799,271.838,271.434,271.693,31403
2022-05-05 13:24:00,271.757,271.897,271.561,271.771,27548
2022-05-05 13:23:00,271.885,271.917,271.512,271.791,28222
2022-05-05 13:22:00,271.859,272.034,271.719,271.879,36362
2022-05-05 13:21:00,271.571,271.907,271.434,271.83,29260
2022-05-05 13:20:00,271.669,271.74,271.286,271.535,40008
2022-05-05 13:19:00,271.723,271.887,271.512,271.683,42724
2022-05-05 13:18:00,271.482,271.848,271.453,271.731,37943
2022-05-05 13:17:00,271.421,271.553,271.159,271.457,40580
2022-05-05 13:16:00,271.688,271.75,271.188,271.388,54870
2022-05-05 13:15:00,271.679,271.966,271.571,271.742,55162
2022-05-05 13:14:00,271.816,271.897,271.601,271.663,52814
2022-05-05 13:13:00,271.914,272.172,271.709,271.791,85655
2022-05-05 13:12:00,272.17,272.398,271.895,271.948,58398
2022-05-05 13:11:00,272.425,272.476,272.062,272.115,67117
2022-05-05 13:10:00,272.926,272.968,272.357,272.439,56255
2022-05-05 13:09:00,273.152,273.218,272.799,272.94,53126
2022-05-05 13:08:00,273.162,273.311,273.025,273.127,38545
2022-05-05 13:07:00,273.122,273.223,272.809,273.146,59462
2022-05-05 13:06:00,272.641,273.174,272.524,273.117,48403
2022-05-05 13:05:00,272.631,272.948,272.583,272.675,24429
2022-05-05 13:04:00,273.024,273.056,272.553,272.626,40588
2022-05-05 13:03:00,272.935,273.086,272.76,273.038,52663
2022-05-05 13:02:00,272.533,273.164,272.386,272.938,50036
2022-05-05 13:01:00,272.307,272.653,272.268,272.498,67455
2022-05-05 13:00:00,271.993,272.329,271.964,272.262,51922
2022-05-05 12:59:00,271.688,272.093,271.571,271.997,35983
2022-05-05 12:58:00,271.904,272.025,271.575,271.678,37189
2022-05-05 12:57:00,271.821,272.084,271.738,271.928,51272
2022-05-05 12:56:00,271.708,271.867,271.502,271.83,26675
2022-05-05 12:55:00,271.777,271.858,271.552,271.692,51438
2022-05-05 12:54:00,271.423,271.799,271.277,271.752,41541
2022-05-05 12:53:00,271.541,271.858,271.345,271.459,37755
2022-05-05 12:52:00,271.315,271.691,271.208,271.565,52899
2022-05-05 12:51:00,271.659,271.907,271.277,271.31,63056
2022-05-05 12:50:00,271.384,271.661,271.143,271.594,29208
2022-05-05 12:49:00,271.423,271.6,271.159,271.26,29779
2022-05-05 12:48:00,270.912,271.533,270.746,271.477,42063
2022-05-05 12:47:00,271.286,271.317,270.854,270.946,53573
2022-05-05 12:46:00,271.286,271.563,271.226,271.27,50657
2022-05-05 12:45:00,271.404,271.563,271.247,271.324,42438
2022-05-05 12:44:00,271.462,271.504,271.002,271.378,53387
2022-05-05 12:43:00,271.335,271.592,271.119,271.486,48824
2022-05-05 12:42:00,271.07,271.406,270.923,271.378,42955
2022-05-05 12:41:00,271.129,271.165,270.786,271.069,47334
2022-05-05 12:40:00,271.433,271.543,271.06,271.133,43770
2022-05-05 12:39:00,271.61,271.732,271.277,271.477,43199
2022-05-05 12:38:00,271.512,271.75,271.306,271.55,34021
2022-05-05 12:37:00,271.502,271.877,271.208,271.545,44027
2022-05-05 12:36:00,271.551,271.583,271.188,271.477,47877
2022-05-05 12:35:00,271.973,272.005,271.316,271.516,50210
2022-05-05 12:34:00,272.346,272.398,271.895,272.029,45062
2022-05-05 12:33:00,272.445,272.743,272.288,272.37,37205
2022-05-05 12:32:00,272.818,272.899,272.367,272.449,42840
2022-05-05 12:31:00,272.641,272.929,272.337,272.773,41021
2022-05-05 12:30:00,272.72,272.801,272.475,272.631,57019
2022-05-05 12:29:00,273.142,273.316,272.563,272.744,41282
2022-05-05 12:28:00,273.24,273.431,273.074,273.107,46065
2022-05-05 12:27:00,272.995,273.41,272.848,273.235,51571
2022-05-05 12:26:00,272.936,273.282,272.74,272.989,41290
2022-05-05 12:25:00,272.435,273.066,272.367,273.038,37192
2022-05-05 12:24:00,272.346,272.526,272.18,272.445,35326
2022-05-05 12:23:00,272.435,272.476,272.141,272.375,39165
2022-05-05 12:22:00,272.965,273.224,272.131,272.459,54793
2022-05-05 12:21:00,273.024,273.243,272.877,272.979,63937
2022-05-05 12:20:00,272.759,273.164,272.661,272.984,55787
2022-05-05 12:19:00,272.081,272.83,272.003,272.734,45965
2022-05-05 12:18:00,272.14,272.28,271.974,272.095,21083
2022-05-05 12:17:00,272.209,272.447,272.052,272.174,30751
2022-05-05 12:16:00,271.924,272.634,271.895,272.164,39953
2022-05-05 12:15:00,272.297,272.329,271.822,271.909,40611
2022-05-05 12:14:00,272.394,272.575,272.111,272.262,39610
2022-05-05 12:13:00,272.229,272.791,272.062,272.37,47825
2022-05-05 12:12:00,271.502,272.309,271.345,272.252,70451
2022-05-05 12:11:00,271.855,271.897,271.444,271.477,36852
2022-05-05 12:10:00,271.865,272.015,271.63,271.85,37982
2022-05-05 12:09:00,271.59,272.123,271.542,271.909,38303
2022-05-05 12:08:00,272.135,272.167,271.532,271.614,47822
2022-05-05 12:07:00,271.954,272.393,271.925,272.12,72277
2022-05-05 12:06:00,271.669,272.044,271.493,271.977,76090
2022-05-05 12:05:00,271.148,271.858,271.08,271.673,68017
2022-05-05 12:04:00,271.32,271.563,271.011,271.187,57839
2022-05-05 12:03:00,270.873,271.366,270.687,271.339,57176
2022-05-05 12:02:00,270.49,271.19,270.344,270.877,87447
2022-05-05 12:01:00,270.716,270.856,270.452,270.494,56974
2022-05-05 12:00:00,271.305,271.337,270.609,270.74,98031
2022-05-05 11:59:00,271.512,271.651,271.257,271.29,35444
2022-05-05 11:58:00,271.654,271.897,271.463,271.545,103647
2022-05-05 11:57:00,271.787,271.946,271.61,271.643,62521
2022-05-05 11:56:00,271.718,271.867,271.473,271.771,43354
2022-05-05 11:55:00,271.58,271.975,271.532,271.712,52603
2022-05-05 11:54:00,271.826,271.907,271.414,271.585,44233
2022-05-05 11:53:00,271.767,271.897,271.355,271.82,80025
2022-05-05 11:52:00,272.081,272.113,271.708,271.781,71097
2022-05-05 11:51:00,272.344,272.427,272.043,272.095,61601
2022-05-05 11:50:00,272.936,273.056,272.327,272.361,34734
2022-05-05 11:49:00,272.425,272.948,272.367,272.92,43992
2022-05-05 11:48:00,272.455,272.781,272.396,272.459,36657
2022-05-05 11:47:00,272.288,272.545,271.905,272.41,45249
2022-05-05 11:46:00,272.602,272.643,272.18,272.311,34189
2022-05-05 11:45:00,272.661,272.693,272.347,272.586,34876
2022-05-05 11:44:00,272.788,272.879,272.514,272.685,24327
2022-05-05 11:43:00,272.906,272.938,272.573,272.783,39840
2022-05-05 11:42:00,273.088,273.135,272.75,272.891,39260
2022-05-05 11:41:00,273.24,273.331,272.946,273.073,69739
2022-05-05 11:40:00,273.331,273.537,273.201,273.245,57022
2022-05-05 11:39:00,273.525,273.763,273.133,273.235,69506
2022-05-05 11:38:00,273.672,273.727,273.378,273.51,46832
2022-05-05 11:37:00,273.456,273.793,273.319,273.657,71917
2022-05-05 11:36:00,273.152,273.459,272.926,273.431,36634
2022-05-05 11:35:00,272.828,273.253,272.76,273.156,50997
2022-05-05 11:34:00,272.877,272.948,272.652,272.783,49703
2022-05-05 11:33:00,273.014,273.341,272.858,272.94,76448
2022-05-05 11:32:00,272.553,273.086,272.504,273.053,48152
2022-05-05 11:31:00,271.944,272.61,271.797,272.566,36900
2022-05-05 11:30:00,272.081,272.113,271.866,271.948,45539
2022-05-05 11:29:00,271.806,272.152,271.777,272.11,46313
2022-05-05 11:28:00,272.022,272.172,271.748,271.84,33585
2022-05-05 11:27:00,271.796,272.084,271.748,271.968,37247
2022-05-05 11:26:00,271.467,272.025,271.434,271.796,41080
2022-05-05 11:25:00,271.354,271.553,271.277,271.496,31473
2022-05-05 11:24:00,271.669,271.73,271.296,271.378,30475
2022-05-05 11:23:00,271.698,271.936,271.502,271.673,31414
2022-05-05 11:22:00,271.61,271.848,271.453,271.663,33987
2022-05-05 11:21:00,271.354,271.7,271.218,271.614,36514
2022-05-05 11:20:00,271.747,271.818,271.198,271.339,41584
2022-05-05 11:19:00,272.052,272.172,271.679,271.732,40254
2022-05-05 11:18:00,271.767,272.211,271.738,272.056,67819
2022-05-05 11:17:00,271.404,271.858,271.227,271.742,49613
2022-05-05 11:16:00,271.443,271.553,271.1,271.417,44301
2022-05-05 11:15:00,271.531,271.602,271.326,271.467,43302
2022-05-05 11:14:00,271.178,271.612,270.992,271.535,53960
2022-05-05 11:13:00,271.261,271.327,270.962,271.152,31157
2022-05-05 11:12:00,271.094,271.592,271.06,271.251,57612
2022-05-05 11:11:00,271.492,271.583,271.002,271.093,52440
2022-05-05 11:10:00,271.129,271.514,270.933,271.486,47633
2022-05-05 11:09:00,270.814,271.229,270.599,271.133,77637
2022-05-05 11:08:00,271.109,271.15,270.727,270.818,74566
2022-05-05 11:07:00,271.384,271.455,271.021,271.084,75638
2022-05-05 11:06:00,272.297,272.339,271.345,271.398,63820
2022-05-05 11:05:00,272.16,272.496,272.033,272.282,38131
2022-05-05 11:04:00,272.111,272.408,271.876,272.174,34531
2022-05-05 11:03:00,272.219,272.359,272.062,272.144,51376
2022-05-05 11:02:00,272.396,272.565,272.052,272.213,53878
2022-05-05 11:01:00,272.872,272.904,272.269,272.406,58095
2022-05-05 11:00:00,272.661,272.977,272.504,272.871,50990
2022-05-05 10:59:00,272.199,272.761,272.17,272.685,67246
2022-05-05 10:58:00,272.111,272.3,271.964,272.194,48888
2022-05-05 10:57:00,272.219,272.447,272.023,272.125,42938
2022-05-05 10:56:00,272.229,272.269,271.856,272.184,69739
2022-05-05 10:55:00,272.04,272.408,271.954,272.243,56881
2022-05-05 10:54:00,271.89,272.085,271.777,272.007,41556
2022-05-05 10:53:00,271.551,272.015,271.502,271.899,49183
2022-05-05 10:52:00,272.297,272.354,271.502,271.585,82367
2022-05-05 10:51:00,271.904,272.585,271.748,272.341,84279
2022-05-05 10:50:00,272.209,272.3,271.777,271.889,45212
2022-05-05 10:49:00,272.13,272.491,272.043,272.252,73487
2022-05-05 10:48:00,272.563,272.693,272.043,272.125,57852
2022-05-05 10:47:00,272.739,272.849,272.357,272.596,53716
2022-05-05 10:46:00,272.41,272.81,272.377,272.714,41058
2022-05-05 10:45:00,272.248,272.742,272.121,272.419,107753
2022-05-05 10:44:00,272.071,272.388,271.925,272.233,98363
2022-05-05 10:43:00,270.985,272.152,270.952,272.076,128968
2022-05-05 10:42:00,271.07,271.406,270.923,271.005,60085
2022-05-05 10:41:00,271.679,271.848,270.982,271.093,95648
2022-05-05 10:40:00,271.433,271.867,271.404,271.683,110470
2022-05-05 10:39:00,271.708,271.799,271.06,271.467,100356
2022-05-05 10:38:00,271.806,271.931,271.414,271.712,87268
2022-05-05 10:37:00,271.767,272.079,271.561,271.84,97854
2022-05-05 10:36:00,272.513,272.602,271.669,271.771,169350
2022-05-05 10:35:00,272.71,272.889,272.396,272.527,126015
2022-05-05 10:34:00,272.798,273.007,272.485,272.709,51406
2022-05-05 10:33:00,272.877,272.928,272.529,272.773,93769
2022-05-05 10:32:00,273.397,273.518,272.717,272.861,86192
2022-05-05 10:31:00,273.456,273.626,273.211,273.473,42825
2022-05-05 10:30:00,273.348,273.655,273.113,273.47,56088
2022-05-05 10:29:00,273.957,273.989,273.27,273.367,87770
2022-05-05 10:28:00,273.83,274.146,273.693,273.981,49000
2022-05-05 10:27:00,273.987,274.146,273.771,273.804,147814
2022-05-05 10:26:00,273.771,274.107,273.634,273.991,77067
2022-05-05 10:25:00,273.626,274.068,273.584,273.804,91790
2022-05-05 10:24:00,273.672,273.832,273.44,273.628,53179
2022-05-05 10:23:00,273.663,273.979,273.113,273.706,94131
2022-05-05 10:22:00,274.36,274.618,273.614,273.647,78120
2022-05-05 10:21:00,274.488,274.942,274.292,274.354,52792
2022-05-05 10:20:00,274.871,274.952,274.4,274.497,59559
2022-05-05 10:19:00,274.645,274.942,274.409,274.865,57769
2022-05-05 10:18:00,274.969,275.139,274.596,274.669,98402
2022-05-05 10:17:00,274.773,275.335,274.527,274.983,71502
2022-05-05 10:16:00,274.989,275.08,274.645,274.796,43687
2022-05-05 10:15:00,275.097,275.148,274.753,275.003,63103
2022-05-05 10:14:00,274.586,275.178,274.557,275.14,75932
2022-05-05 10:13:00,274.556,274.854,274.174,274.61,112063
2022-05-05 10:12:00,274.065,274.814,273.933,274.546,106185
2022-05-05 10:11:00,274.989,275.147,273.909,274.011,158269
2022-05-05 10:10:00,274.969,275.198,274.792,274.973,136077
2022-05-05 10:09:00,274.497,275.178,274.468,275.013,137092
2022-05-05 10:08:00,274.635,275.031,274.37,274.502,103605
2022-05-05 10:07:00,275.264,275.649,274.576,274.61,106213
2022-05-05 10:06:00,275.2,275.34,274.773,275.243,89136
2022-05-05 10:05:00,275.548,275.6,274.704,275.189,131906
2022-05-05 10:04:00,276.089,276.121,275.408,275.572,103971
2022-05-05 10:03:00,276.476,276.533,276.0,276.097,69918
2022-05-05 10:02:00,276.943,276.995,276.364,276.496,74065
2022-05-05 10:01:00,277.12,277.236,276.865,277.016,56014
2022-05-05 10:00:00,277.395,277.506,276.786,277.07,76972
2022-05-05 09:59:00,277.483,277.791,277.248,277.399,41724
2022-05-05 09:58:00,277.513,277.673,277.248,277.538,43775
2022-05-05 09:57:00,277.292,277.575,277.199,277.507,40527
2022-05-05 09:56:00,277.562,277.84,277.11,277.311,59000
2022-05-05 09:55:00,277.606,277.977,277.507,277.547,64579
2022-05-05 09:54:00,278.151,278.194,277.493,277.625,82738
2022-05-05 09:53:00,278.294,278.547,277.967,278.161,81626
2022-05-05 09:52:00,278.701,278.803,278.141,278.293,69116
2022-05-05 09:51:00,278.415,278.824,278.385,278.647,52597
2022-05-05 09:50:00,278.672,278.714,278.181,278.431,66816
2022-05-05 09:49:00,278.731,279.019,278.534,278.657,44239
2022-05-05 09:48:00,278.859,278.94,278.583,278.715,47768
2022-05-05 09:47:00,279.003,279.048,278.77,278.824,36048
2022-05-05 09:46:00,278.927,279.058,278.672,278.981,66793
2022-05-05 09:45:00,279.222,279.486,278.662,278.917,82233
2022-05-05 09:44:00,279.644,279.687,279.163,279.226,76731
2022-05-05 09:43:00,279.782,279.873,279.404,279.639,85004
2022-05-05 09:42:00,279.625,280.05,279.526,279.766,69264
2022-05-05 09:41:00,279.723,279.991,279.487,279.541,61011
2022-05-05 09:40:00,279.752,280.172,279.595,279.688,47068
2022-05-05 09:39:00,279.36,279.991,279.33,279.816,54655
2022-05-05 09:38:00,279.251,279.716,279.163,279.403,51047
2022-05-05 09:37:00,279.742,280.04,279.153,279.305,93149
2022-05-05 09:36:00,280.302,280.541,279.595,279.708,110827
2022-05-05 09:35:00,279.742,280.492,279.713,280.307,99705
2022-05-05 09:34:00,279.703,279.883,279.212,279.708,70821
2022-05-05 09:33:00,279.536,279.844,279.006,279.694,89152
2022-05-05 09:32:00,280.027,280.268,279.487,279.55,108579
2022-05-05 09:31:00,280.548,280.767,279.949,279.983,89958
2022-05-05 09:30:00,280.695,281.288,280.194,280.555,482700
2022-05-05 09:29:00,280.322,280.728,280.184,280.7,14501
2022-05-05 09:28:00,280.322,280.482,279.998,280.032,5714
2022-05-05 09:27:00,281.294,281.327,280.224,280.258,15027
2022-05-05 09:26:00,281.255,281.327,281.088,281.122,1739
2022-05-05 09:25:00,281.088,281.199,281.009,281.073,3577
2022-05-05 09:23:00,281.304,281.337,281.078,281.309,2215
2022-05-05 09:22:00,281.157,281.337,281.127,281.308,1349
2022-05-05 09:21:00,281.019,281.141,280.99,281.112,646
2022-05-05 09:20:00,280.833,281.042,280.803,281.014,1213
2022-05-05 09:19:00,280.911,281.042,280.882,281.014,2414
2022-05-05 09:18:00,280.99,281.023,280.882,280.965,4197
2022-05-05 09:17:00,281.078,281.111,280.882,280.916,2151
2022-05-05 09:16:00,281.402,281.435,281.274,281.309,566
2022-05-05 09:15:00,281.206,281.239,281.176,281.21,200
2022-05-05 09:14:00,281.186,281.239,281.078,281.21,2064
2022-05-05 09:13:00,281.137,281.17,281.078,281.112,5048
2022-05-05 09:12:00,281.235,281.268,281.107,281.24,610
2022-05-05 09:11:00,281.422,281.455,281.284,281.318,1376
2022-05-05 09:08:00,281.442,281.475,281.412,281.446,100
2022-05-05 09:07:00,281.461,281.494,281.432,281.466,100
2022-05-05 09:06:00,281.383,281.416,281.353,281.387,118
2022-05-05 09:05:00,281.422,281.465,281.353,281.387,700
2022-05-05 09:04:00,281.619,281.691,281.373,281.407,3713
2022-05-05 09:03:00,281.795,281.828,281.559,281.78,2627
2022-05-05 09:02:00,281.894,281.926,281.815,281.849,1500
2022-05-05 09:01:00,281.894,281.927,281.864,281.898,5687
2022-05-05 09:00:00,282.041,282.074,281.864,281.898,5345
2022-05-05 08:59:00,282.138,282.171,282.109,282.143,160
2022-05-05 08:58:00,282.109,282.142,282.079,282.113,100
2022-05-05 08:55:00,281.925,281.958,281.895,281.929,200
2022-05-05 08:51:00,282.159,282.192,281.864,281.898,2093
2022-05-05 08:50:00,282.178,282.211,282.099,282.134,900
2022-05-05 08:49:00,282.385,282.418,282.355,282.389,100
2022-05-05 08:47:00,282.188,282.221,282.139,282.173,1250
2022-05-05 08:45:00,282.169,282.201,282.139,282.173,800
2022-05-05 08:44:00,282.385,282.418,282.06,282.094,930
2022-05-05 08:35:00,282.107,282.14,282.077,282.112,100
2022-05-05 08:33:00,282.129,282.162,282.099,282.134,101
2022-05-05 08:32:00,282.434,282.467,282.404,282.438,100
2022-05-05 08:30:00,282.375,282.408,282.325,282.36,800
2022-05-05 08:29:00,282.385,282.418,282.355,282.389,405
2022-05-05 08:26:00,282.021,282.054,281.991,282.026,100
2022-05-05 08:25:00,282.149,282.182,282.09,282.124,510
2022-05-05 08:23:00,282.679,282.712,282.414,282.448,200
2022-05-05 08:22:00,282.62,282.712,282.59,282.684,712
2022-05-05 08:21:00,282.63,282.663,282.6,282.635,3758
2022-05-05 08:20:00,282.542,282.575,282.512,282.546,157
2022-05-05 08:18:00,282.63,282.663,282.6,282.635,100
2022-05-05 08:17:00,282.532,282.565,282.502,282.536,100
2022-05-05 08:16:00,282.63,282.663,282.6,282.635,924
2022-05-05 08:15:00,282.876,282.909,282.748,282.782,350
2022-05-05 08:14:00,282.689,282.909,282.659,282.88,562
2022-05-05 08:13:00,282.876,282.909,282.846,282.88,200
2022-05-05 08:12:00,282.915,282.948,282.816,282.851,509
2022-05-05 08:11:00,282.974,283.007,282.944,282.978,100
2022-05-05 08:08:00,282.876,282.909,282.846,282.88,200
2022-05-05 08:06:00,282.876,282.909,282.846,282.88,100
2022-05-05 08:00:00,282.386,283.253,281.942,282.536,6707
2022-05-05 07:58:00,282.778,282.81,282.482,282.635,1261
2022-05-05 07:57:00,282.778,282.81,282.748,282.782,500
2022-05-05 07:56:00,282.817,282.85,282.787,282.821,194
2022-05-05 07:54:00,282.778,282.81,282.748,282.782,610
2022-05-05 07:52:00,282.66,282.732,282.63,282.703,562
2022-05-05 07:39:00,282.257,282.29,282.227,282.261,163
2022-05-05 07:36:00,282.267,282.3,282.217,282.251,400
2022-05-05 07:34:00,282.139,282.172,282.109,282.143,100
2022-05-05 07:32:00,282.031,282.162,281.942,282.134,670
2022-05-05 07:31:00,282.149,282.221,282.109,282.193,880
2022-05-05 07:30:00,282.286,282.319,282.001,282.035,1258
2022-05-05 07:29:00,282.385,282.418,282.306,282.34,600
2022-05-05 07:23:00,282.571,282.604,282.541,282.576,100
2022-05-05 07:21:00,282.876,282.909,282.846,282.88,310
2022-05-05 07:12:00,283.318,283.351,283.121,283.155,400
2022-05-05 07:11:00,283.161,283.321,283.131,283.293,546
2022-05-05 07:06:00,282.994,283.027,282.964,282.998,210
2022-05-05 07:05:00,282.827,282.909,282.797,282.88,1117
2022-05-05 07:02:00,282.728,282.909,282.698,282.88,963
2022-05-05 07:00:00,282.768,282.81,282.492,282.527,1588
2022-05-05 06:55:00,282.787,282.82,282.757,282.792,133
2022-05-05 06:54:00,282.974,283.007,282.944,282.978,100
2022-05-05 06:53:00,282.974,283.007,282.944,282.978,100
2022-05-05 06:49:00,282.905,282.938,282.875,282.91,100
2022-05-05 06:24:00,282.905,282.938,282.875,282.91,100
2022-05-05 06:21:00,282.905,282.938,282.875,282.91,100
2022-05-05 06:18:00,283.023,283.056,282.993,283.027,100
2022-05-05 06:12:00,283.259,283.292,283.023,283.263,300
2022-05-05 06:11:00,282.827,282.86,282.797,282.831,200
2022-05-05 05:02:00,282.316,282.349,282.286,282.32,117
2022-05-05 04:51:00,282.483,282.516,282.453,282.487,100
2022-05-05 04:47:00,281.854,281.887,281.824,281.859,248
2022-05-05 04:45:00,281.815,281.848,281.775,281.819,400
2022-05-05 04:44:00,281.943,281.976,281.913,281.947,100
2022-05-05 04:41:00,282.247,282.28,282.217,282.251,210
2022-05-05 04:36:00,282.444,282.477,282.414,282.448,100
2022-05-05 04:25:00,283.465,283.498,283.435,283.469,100
2022-05-05 04:23:00,283.386,283.42,283.356,283.391,100
2022-05-05 04:14:00,283.386,283.42,283.356,283.391,100
2022-05-05 04:11:00,283.22,283.253,283.189,283.224,193
2022-05-05 04:09:00,283.318,283.351,283.278,283.322,2595
2022-05-05 04:06:00,283.436,283.488,283.406,283.46,315
2022-05-05 04:04:00,283.337,283.42,283.307,283.391,200
2022-05-05 04:03:00,283.799,283.832,283.366,283.46,1151
2022-05-05 04:02:00,283.691,283.724,283.661,283.695,150
2022-05-05 04:01:00,283.661,284.107,283.631,284.078,300
2022-05-05 04:00:00,283.838,283.871,283.474,283.509,711
2022-05-04 19:59:00,283.927,283.96,283.897,283.931,143
2022-05-04 19:58:00,283.858,283.891,283.828,283.862,400
2022-05-04 19:54:00,284.143,284.176,284.113,284.147,100
2022-05-04 19:52:00,283.956,283.989,283.926,283.961,743
2022-05-04 19:50:00,283.976,284.009,283.946,283.98,323
2022-05-04 19:49:00,284.074,284.107,284.044,284.078,230
2022-05-04 19:46:00,284.074,284.107,284.044,284.078,124
2022-05-04 19:45:00,284.074,284.107,284.044,284.078,118
2022-05-04 19:43:00,284.074,284.107,284.044,284.078,201
2022-05-04 19:16:00,284.103,284.137,284.073,284.108,247
2022-05-04 19:13:00,284.094,284.137,284.064,284.108,353
2022-05-04 19:11:00,284.094,284.127,284.064,284.098,191
2022-05-04 19:04:00,284.005,284.038,283.975,284.01,200
2022-05-04 19:01:00,284.202,284.235,284.172,284.206,200
2022-05-04 18:57:00,284.005,284.038,283.975,284.01,100
2022-05-04 18:53:00,284.153,284.186,284.122,284.157,100
2022-05-04 18:48:00,284.025,284.058,283.956,283.99,300
2022-05-04 18:40:00,284.202,284.235,284.103,284.137,669
2022-05-04 18:39:00,284.202,284.235,284.172,284.206,100
2022-05-04 18:34:00,284.153,284.186,284.122,284.157,110
2022-05-04 18:33:00,284.172,284.205,284.132,284.167,411
2022-05-04 18:30:00,284.379,284.412,284.329,284.363,547
2022-05-04 18:28:00,284.595,284.638,284.564,284.609,200
2022-05-04 18:26:00,284.398,284.431,284.319,284.353,416
2022-05-04 18:25:00,284.447,284.48,284.417,284.452,492
2022-05-04 18:24:00,284.536,284.579,284.505,284.55,600
2022-05-04 18:23:00,284.644,284.677,284.584,284.619,435
2022-05-04 18:19:00,284.447,284.628,284.25,284.599,1278
2022-05-04 18:17:00,284.624,284.657,284.594,284.628,295
2022-05-04 18:16:00,284.526,284.559,284.496,284.53,100
2022-05-04 18:15:00,284.29,284.323,284.26,284.295,148
2022-05-04 18:14:00,284.614,284.657,284.584,284.628,275
2022-05-04 18:13:00,284.329,284.372,284.299,284.344,453
2022-05-04 18:11:00,284.28,284.353,284.25,284.324,300
2022-05-04 18:10:00,284.31,284.343,284.28,284.314,120
2022-05-04 18:04:00,284.153,284.186,284.122,284.157,189
2022-05-04 18:03:00,284.231,284.264,284.201,284.236,110
2022-05-04 18:00:00,284.123,284.156,284.093,284.128,125
2022-05-04 17:59:00,284.123,284.156,284.093,284.128,103
2022-05-04 17:48:00,283.956,283.989,283.926,283.961,100
2022-05-04 17:42:00,283.858,283.891,283.828,283.862,300
2022-05-04 17:35:00,284.054,284.088,284.024,284.059,147
2022-05-04 17:34:00,284.035,284.068,284.005,284.039,103
2022-05-04 17:32:00,283.858,283.891,283.828,283.862,100
2022-05-04 17:30:00,284.005,284.088,283.975,284.059,2283
2022-05-04 17:29:00,283.887,283.921,283.857,283.892,100
2022-05-04 17:28:00,283.917,283.95,283.838,283.872,450
2022-05-04 17:27:00,284.054,284.088,284.024,284.059,100
2022-05-04 17:25:00,284.29,284.323,284.26,284.295,200
2022-05-04 17:24:00,284.31,284.343,284.28,284.314,100
2022-05-04 17:17:00,284.29,284.323,284.26,284.295,447
2022-05-04 17:16:00,284.074,284.107,284.044,284.078,100
2022-05-04 17:15:00,284.31,284.353,284.28,284.324,300
2022-05-04 17:11:00,284.064,284.097,284.034,284.069,100
2022-05-04 17:08:00,284.221,284.284,284.191,284.255,506
2022-05-04 17:07:00,284.251,284.284,284.201,284.245,350
2022-05-04 17:06:00,284.251,284.284,284.221,284.255,122
2022-05-04 17:05:00,284.506,284.539,284.476,284.511,300
2022-05-04 17:04:00,283.74,283.891,283.71,283.862,1763
2022-05-04 17:02:00,283.711,283.754,283.553,283.725,3665
2022-05-04 17:01:00,283.72,283.754,283.69,283.725,100
2022-05-04 17:00:00,283.799,283.832,283.691,283.728,442
2022-05-04 16:59:00,283.799,283.832,283.769,283.803,993
2022-05-04 16:58:00,283.72,283.773,283.69,283.744,505
2022-05-04 16:57:00,283.711,283.744,283.681,283.715,100
2022-05-04 16:55:00,283.809,283.842,283.779,283.813,100
2022-05-04 16:54:00,283.736,283.769,283.706,283.741,300
2022-05-04 16:51:00,283.593,283.626,283.563,283.597,100
2022-05-04 16:50:00,283.396,283.429,283.356,283.391,1207
2022-05-04 16:49:00,283.652,283.685,283.474,283.509,470
2022-05-04 16:48:00,283.701,283.734,283.651,283.686,545
2022-05-04 16:47:00,283.573,284.353,283.543,284.324,3115
2022-05-04 16:46:00,283.897,283.94,283.474,283.509,3337
2022-05-04 16:45:00,283.861,283.894,283.828,283.862,1087
2022-05-04 16:44:00,284.054,284.088,284.024,284.059,200
2022-05-04 16:43:00,284.054,284.088,284.024,284.059,500
2022-05-04 16:41:00,283.858,283.891,283.828,283.862,230
2022-05-04 16:40:00,283.858,283.94,283.828,283.872,415
2022-05-04 16:39:00,284.045,284.078,284.014,284.049,300
2022-05-04 16:38:00,283.858,283.891,283.828,283.862,669
2022-05-04 16:37:00,283.828,283.861,283.797,283.832,1000
2022-05-04 16:36:00,283.83,283.864,283.582,283.627,2519
2022-05-04 16:35:00,283.827,283.86,283.796,283.831,100
2022-05-04 16:34:00,283.779,283.812,283.73,283.764,1268
2022-05-04 16:33:00,283.74,283.793,283.71,283.764,1030
2022-05-04 16:32:00,283.907,283.94,283.749,283.784,804
2022-05-04 16:29:00,283.937,283.97,283.906,283.941,400
2022-05-04 16:28:00,283.868,284.054,283.838,284.026,300
2022-05-04 16:27:00,283.789,284.854,283.749,283.862,47970
2022-05-04 16:26:00,283.897,283.94,283.828,283.862,1014
2022-05-04 16:25:00,283.917,283.95,283.769,283.911,1745
2022-05-04 16:24:00,284.82,284.854,283.956,283.99,3800
2022-05-04 16:23:00,283.917,283.95,283.887,283.921,500
2022-05-04 16:22:00,283.956,284.088,283.926,284.029,1218
2022-05-04 16:21:00,284.101,284.134,283.926,283.961,300
2022-05-04 16:20:00,284.82,284.854,283.877,283.911,17385
2022-05-04 16:19:00,284.153,284.186,277.854,277.887,16155
2022-05-04 16:18:00,283.956,284.333,283.926,284.157,932
2022-05-04 16:17:00,283.917,283.95,283.887,283.921,110
2022-05-04 16:16:00,284.005,284.294,283.975,284.01,6078
2022-05-04 16:15:00,283.887,284.038,283.847,284.01,389
2022-05-04 16:14:00,284.212,284.854,283.887,283.921,55872
2022-05-04 16:13:00,284.035,284.068,284.005,284.039,2999
2022-05-04 16:12:00,284.084,284.117,284.054,284.088,100
2022-05-04 16:11:00,284.447,284.48,284.23,284.265,1239
2022-05-04 16:10:00,284.545,284.854,284.515,284.55,101044
2022-05-04 16:09:00,284.496,284.677,284.466,284.55,2330
2022-05-04 16:08:00,284.87,284.903,284.643,284.678,787
2022-05-04 16:07:00,284.82,284.922,284.545,284.894,17335
2022-05-04 16:06:00,284.83,284.864,284.8,284.835,333
2022-05-04 16:05:00,284.87,284.903,284.623,284.668,3349
2022-05-04 16:04:00,284.86,284.972,284.82,284.894,660
2022-05-04 16:03:00,284.84,284.972,284.8,284.943,500
2022-05-04 16:02:00,284.82,284.972,284.79,284.943,227588
2022-05-04 16:01:00,284.82,284.864,284.79,284.825,1856
2022-05-04 16:00:00,284.948,285.001,284.291,284.825,3169308
2022-05-04 15:59:00,284.83,285.089,284.55,284.874,582646
2022-05-04 15:58:00,284.408,284.873,284.191,284.815,250917
2022-05-04 15:57:00,284.418,284.53,284.054,284.422,192573
2022-05-04 15:56:00,284.742,284.873,284.329,284.452,146589
2022-05-04 15:55:00,284.84,284.922,284.447,284.737,188762
2022-05-04 15:54:00,285.479,285.581,284.771,284.884,122608
2022-05-04 15:53:00,285.547,285.738,285.193,285.493,134259
2022-05-04 15:52:00,285.174,285.664,285.095,285.552,111401
2022-05-04 15:51:00,285.184,285.365,285.006,285.179,135187
2022-05-04 15:50:00,284.889,285.266,284.83,285.218,210760
2022-05-04 15:49:00,284.231,284.919,284.201,284.835,164514
2022-05-04 15:48:00,283.907,284.363,283.779,284.254,98087
2022-05-04 15:47:00,284.212,284.255,283.73,283.921,115666
2022-05-04 15:46:00,284.172,284.461,284.083,284.236,111957
2022-05-04 15:45:00,284.123,284.412,283.857,284.186,123697
2022-05-04 15:44:00,283.897,284.422,283.867,284.137,94667
2022-05-04 15:43:00,284.054,284.196,283.523,283.892,102243
2022-05-04 15:42:00,283.789,284.422,283.72,284.108,95513
2022-05-04 15:41:00,284.015,284.048,283.425,283.779,100067
2022-05-04 15:40:00,283.995,284.148,283.847,284.029,101474
2022-05-04 15:39:00,284.054,284.49,283.926,283.975,98795
2022-05-04 15:38:00,283.789,284.097,283.681,284.059,61731
2022-05-04 15:37:00,283.779,283.97,283.563,283.794,84899
2022-05-04 15:36:00,283.34,283.95,283.288,283.789,81263
2022-05-04 15:35:00,283.89,283.94,283.111,283.37,111800
2022-05-04 15:34:00,283.819,283.989,283.72,283.892,90818
2022-05-04 15:33:00,283.74,283.842,283.474,283.803,95266
2022-05-04 15:32:00,283.475,283.862,283.415,283.764,87878
2022-05-04 15:31:00,283.102,283.518,283.072,283.489,111082
2022-05-04 15:30:00,282.822,283.233,282.639,283.116,66121
2022-05-04 15:29:00,282.679,282.948,282.522,282.851,102612
2022-05-04 15:28:00,282.689,282.761,282.453,282.635,51333
2022-05-04 15:27:00,282.159,282.781,282.08,282.672,52678
2022-05-04 15:26:00,282.434,282.653,282.07,282.134,73910
2022-05-04 15:25:00,281.894,282.496,281.864,282.428,69798
2022-05-04 15:24:00,281.55,282.053,281.52,281.878,52077
2022-05-04 15:23:00,281.334,281.809,281.265,281.515,49912
2022-05-04 15:22:00,281.216,281.789,281.078,281.299,51209
2022-05-04 15:21:00,281.638,281.7,281.078,281.22,64698
2022-05-04 15:20:00,281.412,282.192,281.274,281.623,90105
2022-05-04 15:19:00,281.864,281.897,281.068,281.456,73046
2022-05-04 15:18:00,282.448,282.496,281.628,281.859,96607
2022-05-04 15:17:00,282.344,282.535,282.207,282.468,39384
2022-05-04 15:16:00,281.835,282.467,281.805,282.32,98801
2022-05-04 15:15:00,281.874,281.946,281.618,281.819,50723
2022-05-04 15:14:00,281.785,282.025,281.726,281.918,50657
2022-05-04 15:13:00,281.844,282.133,281.657,281.8,79992
2022-05-04 15:12:00,281.245,281.926,281.206,281.883,75896
2022-05-04 15:11:00,281.329,281.494,281.186,281.25,39269
2022-05-04 15:10:00,281.098,281.681,281.058,281.328,70516
2022-05-04 15:09:00,281.147,281.337,280.99,281.112,45690
2022-05-04 15:08:00,280.361,281.278,280.332,281.156,52929
2022-05-04 15:07:00,280.155,280.394,279.968,280.366,57906
2022-05-04 15:06:00,280.901,281.141,280.047,280.15,50605
2022-05-04 15:05:00,280.617,281.141,280.577,280.808,43429
2022-05-04 15:04:00,280.135,280.682,279.899,280.582,61556
2022-05-04 15:03:00,280.803,280.959,279.664,280.071,74650
2022-05-04 15:02:00,281.078,281.111,280.646,280.788,62345
2022-05-04 15:01:00,280.803,281.357,280.705,281.102,66956
2022-05-04 15:00:00,280.568,281.052,280.469,280.808,55420
2022-05-04 14:59:00,280.371,280.974,280.194,280.533,77301
2022-05-04 14:58:00,280.499,280.532,280.135,280.298,89522
2022-05-04 14:57:00,280.759,280.875,280.106,280.596,70076
2022-05-04 14:56:00,280.568,281.17,280.469,280.759,86940
2022-05-04 14:55:00,280.695,280.797,279.958,280.582,56577
2022-05-04 14:54:00,280.685,280.816,280.204,280.66,69947
2022-05-04 14:53:00,279.752,280.718,279.674,280.69,173998
2022-05-04 14:52:00,279.654,279.991,279.443,279.757,48940
2022-05-04 14:51:00,278.937,280.011,278.809,279.491,74185
2022-05-04 14:50:00,279.399,279.991,278.731,278.912,78206
2022-05-04 14:49:00,279.949,280.168,279.143,279.177,76638
2022-05-04 14:48:00,279.868,280.453,279.408,279.914,129489
2022-05-04 14:47:00,279.585,280.414,279.418,279.796,202101
2022-05-04 14:46:00,278.328,279.588,278.112,279.56,102176
2022-05-04 14:45:00,277.631,278.734,277.567,278.234,99935
2022-05-04 14:44:00,277.523,278.616,277.316,277.517,126752
2022-05-04 14:43:00,275.922,278.262,275.539,277.517,125001
2022-05-04 14:42:00,277.012,277.044,275.401,276.152,75862
2022-05-04 14:41:00,275.657,277.015,275.608,276.987,76330
2022-05-04 14:40:00,275.696,275.915,274.999,275.572,45408
2022-05-04 14:39:00,274.9,276.101,274.763,275.651,48132
2022-05-04 14:38:00,275.598,275.856,274.822,274.875,41760
2022-05-04 14:37:00,275.735,275.816,274.527,275.612,62911
2022-05-04 14:36:00,275.45,276.17,274.989,275.779,119297
2022-05-04 14:35:00,273.918,276.023,273.3,275.651,135591
2022-05-04 14:34:00,274.532,274.564,273.643,273.97,107172
2022-05-04 14:33:00,275.558,275.698,274.446,274.551,69913
2022-05-04 14:32:00,275.264,275.934,274.665,275.533,95378
2022-05-04 14:31:00,275.647,276.106,275.009,275.386,69900
2022-05-04 14:30:00,277.189,277.486,275.067,275.651,129178
2022-05-04 14:29:00,277.375,277.575,276.875,277.105,37162
2022-05-04 14:28:00,277.421,277.801,276.875,277.252,57394
2022-05-04 14:27:00,276.584,277.516,276.423,277.458,63183
2022-05-04 14:26:00,276.04,276.759,275.981,276.545,39257
2022-05-04 14:25:00,276.098,276.406,275.814,276.005,26955
2022-05-04 14:24:00,276.324,276.632,275.824,276.132,46362
2022-05-04 14:23:00,275.313,276.514,275.205,276.329,70846
2022-05-04 14:22:00,275.266,276.013,275.107,275.435,60750
2022-05-04 14:21:00,275.332,275.492,275.132,275.283,71454
2022-05-04 14:20:00,276.138,276.17,275.225,275.307,45008
2022-05-04 14:19:00,275.784,276.347,275.578,276.132,42422
2022-05-04 14:18:00,276.334,276.376,275.725,275.838,85407
2022-05-04 14:17:00,276.334,276.713,276.109,276.476,42757
2022-05-04 14:16:00,276.442,276.838,276.344,276.378,43502
2022-05-04 14:15:00,276.629,276.877,276.236,276.447,36168
2022-05-04 14:14:00,277.091,277.123,276.236,276.663,61894
2022-05-04 14:13:00,277.051,277.506,276.654,277.183,26045
2022-05-04 14:12:00,277.405,277.565,276.904,277.164,68772
2022-05-04 14:11:00,276.668,277.83,276.58,277.517,53643
2022-05-04 14:10:00,277.032,277.29,276.452,276.741,49354
2022-05-04 14:09:00,276.825,277.476,276.511,276.918,33442
2022-05-04 14:08:00,276.286,277.113,275.784,276.692,85945
2022-05-04 14:07:00,277.513,277.624,275.946,276.324,82928
2022-05-04 14:06:00,278.809,278.979,277.228,277.429,40151
2022-05-04 14:05:00,278.436,279.402,278.407,278.745,55541
2022-05-04 14:04:00,278.387,278.852,277.935,278.568,37989
2022-05-04 14:03:00,277.833,278.822,277.366,278.45,50063
2022-05-04 14:02:00,279.173,279.205,277.287,277.743,64157
2022-05-04 14:01:00,278.642,279.864,278.569,279.177,96232
2022-05-04 14:00:00,278.21,279.196,276.747,278.715,99811
2022-05-04 13:59:00,278.238,278.596,278.033,278.293,31395
2022-05-04 13:58:00,278.122,278.822,278.063,278.224,71845
2022-05-04 13:57:00,277.731,278.37,277.702,278.165,26164
2022-05-04 13:56:00,277.439,277.82,277.41,277.723,17478
2022-05-04 13:55:00,277.385,277.491,277.228,277.448,15214
2022-05-04 13:54:00,277.361,277.457,277.307,277.409,22443
2022-05-04 13:53:00,277.424,277.565,277.238,277.36,28980
2022-05-04 13:52:00,277.366,277.516,277.277,277.458,35348
2022-05-04 13:51:00,277.169,277.447,277.081,277.419,19940
2022-05-04 13:50:00,277.041,277.241,276.973,277.183,20802
2022-05-04 13:49:00,277.297,277.358,277.048,277.081,10199
2022-05-04 13:48:00,277.326,277.378,277.15,277.304,10366
2022-05-04 13:47:00,277.434,277.594,277.366,277.439,15452
2022-05-04 13:46:00,277.464,277.565,277.287,277.429,22580
2022-05-04 13:45:00,277.768,277.801,277.415,277.488,12701
2022-05-04 13:44:00,277.518,277.771,277.405,277.733,20995
2022-05-04 13:43:00,277.572,277.604,277.42,277.537,10626
2022-05-04 13:42:00,277.503,277.693,277.434,277.556,16234
2022-05-04 13:41:00,277.572,277.673,277.429,277.507,24115
2022-05-04 13:40:00,277.533,277.742,277.493,277.606,19752
2022-05-04 13:39:00,277.807,277.85,277.493,277.566,21632
2022-05-04 13:38:00,277.542,277.869,277.513,277.831,19247
2022-05-04 13:37:00,277.542,277.653,277.425,277.507,17317
2022-05-04 13:36:00,278.063,278.105,277.503,277.547,25117
2022-05-04 13:35:00,277.906,278.222,277.866,278.048,54893
2022-05-04 13:34:00,277.503,277.928,277.452,277.881,29830
2022-05-04 13:33:00,277.27,277.506,277.189,277.478,17294
2022-05-04 13:32:00,277.009,277.319,276.894,277.264,16094
2022-05-04 13:31:00,277.022,277.152,276.884,277.006,18878
2022-05-04 13:30:00,277.051,277.143,276.855,277.026,20819
2022-05-04 13:29:00,277.189,277.339,276.973,277.085,17277
2022-05-04 13:28:00,277.12,277.29,277.081,277.193,15776
2022-05-04 13:27:00,277.071,277.192,276.993,277.109,17881
2022-05-04 13:26:00,277.149,277.182,276.909,277.06,20288
2022-05-04 13:25:00,277.277,277.408,276.924,277.193,26548
2022-05-04 13:24:00,277.032,277.309,276.992,277.259,19357
2022-05-04 13:23:00,277.218,277.26,276.855,276.997,29412
2022-05-04 13:22:00,277.13,277.408,277.056,277.249,23081
2022-05-04 13:21:00,277.051,277.182,276.747,277.144,24015
2022-05-04 13:20:00,276.83,277.054,276.757,276.997,16162
2022-05-04 13:19:00,276.678,276.867,276.531,276.826,20209
2022-05-04 13:18:00,276.84,276.936,276.541,276.672,31028
2022-05-04 13:17:00,277.022,277.054,276.806,276.859,13847
2022-05-04 13:16:00,277.061,277.093,276.816,277.016,16634
2022-05-04 13:15:00,276.806,277.143,276.776,277.056,31727
2022-05-04 13:14:00,276.948,277.015,276.737,276.81,22229
2022-05-04 13:13:00,276.634,277.015,276.58,276.967,31605
2022-05-04 13:12:00,276.707,276.799,276.511,276.638,42994
2022-05-04 13:11:00,276.79,276.823,276.452,276.725,44598
2022-05-04 13:10:00,276.953,276.995,276.698,276.758,16494
2022-05-04 13:09:00,276.924,277.113,276.775,276.938,23725
2022-05-04 13:08:00,276.958,277.02,276.833,276.933,19604
2022-05-04 13:07:00,277.169,277.309,276.757,276.977,35341
2022-05-04 13:06:00,277.091,277.3,277.051,277.193,18894
2022-05-04 13:05:00,277.415,277.447,276.914,277.095,33219
2022-05-04 13:04:00,277.523,277.634,277.11,277.419,53809
2022-05-04 13:03:00,277.542,277.673,277.425,277.498,43081
2022-05-04 13:02:00,277.424,277.575,277.326,277.531,22944
2022-05-04 13:01:00,277.12,277.486,277.061,277.429,61197
2022-05-04 13:00:00,277.11,277.3,276.938,277.115,31039
2022-05-04 12:59:00,276.987,277.181,276.894,277.124,24529
2022-05-04 12:58:00,276.933,277.054,276.747,276.991,23147
2022-05-04 12:57:00,276.824,277.113,276.794,276.957,45694
2022-05-04 12:56:00,276.511,276.823,276.388,276.771,43714
2022-05-04 12:55:00,276.457,276.887,276.3,276.524,61060
2022-05-04 12:54:00,276.118,276.484,276.089,276.456,18178
2022-05-04 12:53:00,276.197,276.229,276.0,276.114,17384
2022-05-04 12:52:00,276.098,276.288,276.0,276.237,29083
2022-05-04 12:51:00,275.936,276.127,275.804,276.096,15927
2022-05-04 12:50:00,276.049,276.101,275.863,275.916,36082
2022-05-04 12:49:00,276.177,276.224,275.991,276.054,14607
2022-05-04 12:48:00,275.986,276.288,275.942,276.172,24439
2022-05-04 12:47:00,275.961,276.111,275.897,275.975,33890
2022-05-04 12:46:00,276.148,276.198,275.883,275.955,24218
2022-05-04 12:45:00,276.413,276.475,276.07,276.142,17379
2022-05-04 12:44:00,276.344,276.435,276.236,276.397,10006
2022-05-04 12:43:00,276.256,276.475,276.207,276.358,23069
2022-05-04 12:42:00,276.334,276.366,276.148,276.24,24115
2022-05-04 12:41:00,276.54,276.578,276.256,276.324,34285
2022-05-04 12:40:00,276.757,276.867,276.511,276.594,24829
2022-05-04 12:39:00,276.658,276.966,276.6,276.761,49316
2022-05-04 12:38:00,276.491,276.691,276.372,276.663,25476
2022-05-04 12:37:00,276.432,276.776,276.403,276.496,45256
2022-05-04 12:36:00,276.403,276.504,276.236,276.427,16525
2022-05-04 12:35:00,276.256,276.484,276.226,276.388,17339
2022-05-04 12:34:00,276.207,276.376,276.116,276.27,16294
2022-05-04 12:33:00,276.157,276.298,276.04,276.213,31878
2022-05-04 12:32:00,276.082,276.188,275.991,276.122,16097
2022-05-04 12:31:00,276.285,276.317,276.01,276.103,48469
2022-05-04 12:30:00,276.312,276.531,276.236,276.27,35888
2022-05-04 12:29:00,276.138,276.339,276.025,276.26,34159
2022-05-04 12:28:00,276.044,276.249,276.001,276.171,24465
2022-05-04 12:27:00,275.863,276.121,275.824,276.024,29013
2022-05-04 12:26:00,275.573,275.964,275.514,275.91,18714
2022-05-04 12:25:00,275.65,275.738,275.46,275.572,20219
2022-05-04 12:24:00,275.696,275.758,275.559,275.631,29382
2022-05-04 12:23:00,275.823,275.941,275.598,275.71,40885
2022-05-04 12:22:00,275.45,275.803,275.382,275.775,39134
2022-05-04 12:21:00,275.283,275.443,275.156,275.386,30607
2022-05-04 12:20:00,275.018,275.325,274.989,275.297,28671
2022-05-04 12:19:00,274.537,275.157,274.508,275.029,25995
2022-05-04 12:18:00,274.488,274.598,274.341,274.512,9594
2022-05-04 12:17:00,274.281,274.549,274.243,274.482,23351
2022-05-04 12:16:00,274.645,274.677,274.252,274.305,14755
2022-05-04 12:15:00,274.792,275.188,274.498,274.629,44977
2022-05-04 12:14:00,274.727,274.824,274.351,274.787,55498
2022-05-04 12:13:00,274.458,274.765,274.405,274.723,19907
2022-05-04 12:12:00,274.419,274.52,274.351,274.462,19754
2022-05-04 12:11:00,274.252,274.451,274.115,274.404,11998
2022-05-04 12:10:00,274.488,274.52,274.125,274.217,22918
2022-05-04 12:09:00,274.419,274.608,274.39,274.497,31183
2022-05-04 12:08:00,274.443,274.559,274.252,274.453,11917
2022-05-04 12:07:00,274.419,274.461,274.253,274.433,13096
2022-05-04 12:06:00,274.419,274.5,274.272,274.364,11188
2022-05-04 12:05:00,274.232,274.461,274.154,274.433,16497
2022-05-04 12:04:00,274.331,274.387,274.154,274.276,13031
2022-05-04 12:03:00,274.213,274.333,274.085,274.3,14326
2022-05-04 12:02:00,274.272,274.392,274.154,274.237,26827
2022-05-04 12:01:00,274.419,274.51,274.252,274.295,8593
2022-05-04 12:00:00,274.345,274.511,274.262,274.423,11973
2022-05-04 11:59:00,274.248,274.375,274.134,274.348,15485
2022-05-04 11:58:00,274.229,274.341,274.098,274.217,16848
2022-05-04 11:57:00,274.458,274.5,274.193,274.227,23011
2022-05-04 11:56:00,274.615,274.647,274.4,274.492,32591
2022-05-04 11:55:00,274.517,274.677,274.44,274.649,36561
2022-05-04 11:54:00,274.38,274.51,274.282,274.482,17062
2022-05-04 11:53:00,274.084,274.441,274.046,274.335,25952
2022-05-04 11:52:00,274.016,274.078,273.879,274.05,16779
2022-05-04 11:51:00,274.016,274.127,273.889,274.011,20272
2022-05-04 11:50:00,273.977,274.107,273.82,274.006,31760
2022-05-04 11:49:00,273.938,274.146,273.889,274.001,51159
2022-05-04 11:48:00,273.751,274.117,273.631,273.962,37951
2022-05-04 11:47:00,273.476,273.832,273.447,273.804,65672
2022-05-04 11:46:00,273.309,273.508,273.152,273.48,35296
2022-05-04 11:45:00,273.152,273.39,273.044,273.254,25796
2022-05-04 11:44:00,273.24,273.321,273.089,273.147,32446
2022-05-04 11:43:00,273.201,273.297,273.012,273.259,23067
2022-05-04 11:42:00,273.221,273.292,273.044,273.23,17614
2022-05-04 11:41:00,273.054,273.37,272.936,273.225,46048
2022-05-04 11:40:00,272.788,273.219,272.75,273.073,54117
2022-05-04 11:39:00,272.68,272.886,272.622,272.773,23072
2022-05-04 11:38:00,272.71,272.81,272.518,272.665,32669
2022-05-04 11:37:00,272.612,272.771,272.465,272.685,33431
2022-05-04 11:36:00,272.376,272.655,272.32,272.616,35465
2022-05-04 11:35:00,272.415,272.545,272.249,272.39,35056
2022-05-04 11:34:00,272.191,272.418,272.082,272.351,15450
2022-05-04 11:33:00,272.062,272.437,272.033,272.213,36555
2022-05-04 11:32:00,272.081,272.231,271.973,272.066,27627
2022-05-04 11:31:00,271.954,272.212,271.856,272.076,34230
2022-05-04 11:30:00,272.317,272.418,271.895,271.958,33162
2022-05-04 11:29:00,272.224,272.447,272.062,272.331,24889
2022-05-04 11:28:00,272.278,272.368,272.18,272.233,28578
2022-05-04 11:27:00,272.386,272.555,272.249,272.292,24350
2022-05-04 11:26:00,272.474,272.614,272.298,272.4,26013
2022-05-04 11:25:00,272.425,272.624,272.327,272.518,41775
2022-05-04 11:24:00,272.661,272.702,272.327,272.424,47653
2022-05-04 11:23:00,272.651,272.771,272.514,272.645,28699
2022-05-04 11:22:00,272.582,272.752,272.435,272.636,23827
2022-05-04 11:21:00,272.553,272.697,272.416,272.567,21295
2022-05-04 11:20:00,272.946,272.997,272.416,272.557,50400
2022-05-04 11:19:00,272.69,273.046,272.642,272.965,50100
2022-05-04 11:18:00,272.513,272.752,272.386,272.722,28688
2022-05-04 11:17:00,272.376,272.575,272.228,272.518,33415
2022-05-04 11:16:00,272.415,272.547,272.18,272.361,42434
2022-05-04 11:15:00,272.032,272.457,271.866,272.422,36921
2022-05-04 11:14:00,272.194,272.378,271.915,272.066,28268
2022-05-04 11:13:00,271.826,272.28,271.787,272.233,29278
2022-05-04 11:12:00,272.288,272.408,271.777,271.86,83850
2022-05-04 11:11:00,272.867,273.027,272.217,272.252,43532
2022-05-04 11:10:00,273.083,273.164,272.789,272.822,35725
2022-05-04 11:09:00,272.936,273.203,272.848,273.038,24122
2022-05-04 11:08:00,272.579,272.958,272.543,272.891,48933
2022-05-04 11:07:00,272.838,272.902,272.504,272.586,37850
2022-05-04 11:06:00,272.651,273.022,272.612,272.847,45525
2022-05-04 11:05:00,272.769,272.977,272.543,272.675,27530
2022-05-04 11:04:00,272.764,272.869,272.553,272.783,30880
2022-05-04 11:03:00,272.975,273.115,272.76,272.803,29821
2022-05-04 11:02:00,273.122,273.154,272.848,272.979,21956
2022-05-04 11:01:00,273.142,273.253,273.005,273.133,15920
2022-05-04 11:00:00,273.073,273.321,272.956,273.112,31989
2022-05-04 10:59:00,273.28,273.361,272.936,273.097,37846
2022-05-04 10:58:00,273.23,273.361,272.872,273.264,40142
2022-05-04 10:57:00,273.059,273.279,272.966,273.22,23674
2022-05-04 10:56:00,273.201,273.321,273.025,273.082,26048
2022-05-04 10:55:00,273.142,273.351,273.035,273.205,24411
2022-05-04 10:54:00,273.054,273.243,272.946,273.136,33188
2022-05-04 10:53:00,272.908,273.125,272.764,273.071,52672
2022-05-04 10:52:00,273.014,273.056,272.789,272.911,26049
2022-05-04 10:51:00,273.074,273.344,272.789,273.078,38017
2022-05-04 10:50:00,273.378,273.449,273.015,273.087,74928
2022-05-04 10:49:00,273.427,273.626,273.226,273.377,27673
2022-05-04 10:48:00,273.643,273.675,273.359,273.431,17297
2022-05-04 10:47:00,273.722,273.93,273.604,273.647,34140
2022-05-04 10:46:00,273.496,273.714,273.437,273.687,39040
2022-05-04 10:45:00,273.427,273.714,273.3,273.51,32579
2022-05-04 10:44:00,273.27,273.547,273.231,273.441,13802
2022-05-04 10:43:00,273.623,273.695,273.231,273.264,23984
2022-05-04 10:42:00,273.493,273.712,273.437,273.613,20586
2022-05-04 10:41:00,273.839,273.871,273.322,273.48,53127
2022-05-04 10:40:00,273.447,273.901,273.251,273.873,71329
2022-05-04 10:39:00,273.353,273.616,273.31,273.451,39017
2022-05-04 10:38:00,273.388,273.498,273.231,273.382,32109
2022-05-04 10:37:00,273.427,273.537,273.182,273.392,74165
2022-05-04 10:36:00,273.545,273.596,273.231,273.441,44812
2022-05-04 10:35:00,273.776,273.842,273.064,273.549,114774
2022-05-04 10:34:00,274.036,274.068,273.624,273.736,59675
2022-05-04 10:33:00,274.213,274.392,274.036,274.07,52594
2022-05-04 10:32:00,274.61,274.642,274.184,274.227,29837
2022-05-04 10:31:00,274.576,274.823,274.36,274.58,19832
2022-05-04 10:30:00,274.635,274.687,274.203,274.551,49723
2022-05-04 10:29:00,274.566,274.765,274.508,274.6,35426
2022-05-04 10:28:00,274.183,274.657,274.115,274.59,27097
2022-05-04 10:27:00,274.37,274.451,274.105,274.197,30358
2022-05-04 10:26:00,273.911,274.412,273.882,274.345,36061
2022-05-04 10:25:00,274.085,274.235,273.859,273.912,35296
2022-05-04 10:24:00,274.257,274.463,274.046,274.079,33236
2022-05-04 10:23:00,274.056,274.333,273.997,274.246,49358
2022-05-04 10:22:00,273.889,274.225,273.761,274.05,37933
2022-05-04 10:21:00,274.114,274.225,273.81,273.932,33932
2022-05-04 10:20:00,274.213,274.274,273.938,274.158,34107
2022-05-04 10:19:00,274.006,274.363,273.958,274.187,58320
2022-05-04 10:18:00,274.213,274.363,273.969,274.03,68505
2022-05-04 10:17:00,274.606,274.638,274.174,274.237,53847
2022-05-04 10:16:00,274.458,274.618,274.282,274.571,52150
2022-05-04 10:15:00,274.537,274.573,274.171,274.462,69498
2022-05-04 10:14:00,274.782,274.834,274.321,274.551,72646
2022-05-04 10:13:00,274.684,274.888,274.645,274.796,34978
2022-05-04 10:12:00,275.028,275.089,274.626,274.698,43621
2022-05-04 10:11:00,274.969,275.227,274.881,275.032,55204
2022-05-04 10:10:00,274.998,275.247,274.822,274.978,60567
2022-05-04 10:09:00,275.524,275.571,274.871,274.993,85322
2022-05-04 10:08:00,275.686,275.846,275.45,275.494,51847
2022-05-04 10:07:00,275.45,275.875,275.303,275.68,58435
2022-05-04 10:06:00,275.735,275.846,275.382,275.455,50734
2022-05-04 10:05:00,276.048,276.191,275.529,275.72,60134
2022-05-04 10:04:00,276.049,276.327,275.804,276.073,43561
2022-05-04 10:03:00,276.246,276.357,275.951,276.103,50082
2022-05-04 10:02:00,276.123,276.416,276.021,276.235,52695
2022-05-04 10:01:00,275.706,276.101,275.608,276.044,94133
2022-05-04 10:00:00,275.617,275.944,275.47,275.69,57268
2022-05-04 09:59:00,275.769,275.856,275.5,275.572,33838
2022-05-04 09:58:00,275.882,276.023,275.652,275.759,40930
2022-05-04 09:57:00,275.951,276.244,275.725,275.897,57672
2022-05-04 09:56:00,276.27,276.366,275.834,275.946,68051
2022-05-04 09:55:00,276.197,276.563,276.04,276.28,47274
2022-05-04 09:54:00,276.599,276.661,276.02,276.273,48959
2022-05-04 09:53:00,276.904,277.032,276.56,276.607,36282
2022-05-04 09:52:00,277.041,277.143,276.884,276.918,53127
2022-05-04 09:51:00,277.159,277.545,276.992,277.056,46531
2022-05-04 09:50:00,277.66,277.722,277.159,277.205,39237
2022-05-04 09:49:00,277.14,277.619,277.11,277.591,40036
2022-05-04 09:48:00,277.051,277.378,276.943,277.162,45448
2022-05-04 09:47:00,276.914,277.378,276.884,277.056,51452
2022-05-04 09:46:00,277.866,277.928,276.786,277.016,93326
2022-05-04 09:45:00,278.004,278.282,277.69,277.871,61168
2022-05-04 09:44:00,277.965,278.125,277.719,278.008,37189
2022-05-04 09:43:00,278.328,278.42,277.866,278.024,65225
2022-05-04 09:42:00,278.456,278.675,278.24,278.303,43736
2022-05-04 09:41:00,278.78,278.852,278.328,278.48,43777
2022-05-04 09:40:00,278.485,279.186,278.308,278.784,89693
2022-05-04 09:39:00,278.554,278.901,278.338,278.49,48888
2022-05-04 09:38:00,278.478,278.773,278.23,278.549,78931
2022-05-04 09:37:00,278.485,278.587,278.053,278.499,43556
2022-05-04 09:36:00,277.552,278.635,277.425,278.46,74207
2022-05-04 09:35:00,277.1,277.959,276.884,277.547,91178
2022-05-04 09:34:00,276.953,277.123,276.55,277.095,31275
2022-05-04 09:33:00,277.1,277.152,276.344,276.864,44012
2022-05-04 09:32:00,277.316,278.095,277.061,277.11,46540
2022-05-04 09:31:00,277.444,277.516,276.816,277.316,50630
2022-05-04 09:30:00,277.572,277.987,276.943,277.419,314649
2022-05-04 09:29:00,277.67,277.702,277.591,277.625,577
2022-05-04 09:28:00,277.572,277.702,277.326,277.596,4164
2022-05-04 09:27:00,277.071,277.29,277.042,277.262,575
2022-05-04 09:24:00,277.032,277.064,277.002,277.036,200
2022-05-04 09:23:00,276.983,277.015,276.953,276.987,700
2022-05-04 09:21:00,277.071,277.113,277.042,277.085,1526
2022-05-04 09:20:00,277.002,277.093,276.973,277.065,200
2022-05-04 09:19:00,277.071,277.103,277.041,277.075,100
2022-05-04 09:18:00,276.982,277.015,276.953,276.987,596
2022-05-04 09:17:00,276.982,277.015,276.953,276.987,800
2022-05-04 09:16:00,276.885,276.917,276.856,276.889,300
2022-05-04 09:14:00,276.855,276.887,276.816,276.849,625
2022-05-04 09:13:00,276.973,277.005,276.943,276.977,100
2022-05-04 09:12:00,276.806,276.867,276.776,276.839,1000
2022-05-04 09:11:00,276.806,276.838,276.767,276.8,7505
2022-05-04 09:10:00,276.806,276.838,276.776,276.81,679
2022-05-04 09:08:00,276.982,277.015,276.953,276.987,200
2022-05-04 09:07:00,277.061,277.093,277.032,277.065,100
2022-05-04 09:05:00,277.081,277.113,277.051,277.085,500
2022-05-04 09:03:00,276.982,277.015,276.953,276.987,200
2022-05-04 09:00:00,276.992,277.025,276.835,276.889,620
2022-05-04 08:55:00,277.081,277.113,277.051,277.085,100
2022-05-04 08:54:00,276.806,276.838,276.776,276.81,3100
2022-05-04 08:52:00,277.081,277.113,277.051,277.085,200
2022-05-04 08:44:00,276.982,277.015,276.953,276.987,862
2022-05-04 08:43:00,276.806,276.838,276.776,276.81,1500
2022-05-04 08:37:00,277.056,277.088,277.027,277.06,200
2022-05-04 08:33:00,276.766,276.799,276.737,276.771,426419
2022-05-04 08:27:00,277.071,277.104,277.042,277.076,100
2022-05-04 08:26:00,276.884,277.015,276.855,276.987,466
2022-05-04 08:25:00,277.012,277.044,276.983,277.016,190
2022-05-04 08:24:00,276.982,277.015,276.953,276.987,100
2022-05-04 08:21:00,277.159,277.192,276.953,276.987,3012
2022-05-04 08:20:00,277.208,277.241,277.002,277.056,1603
2022-05-04 08:18:00,277.032,277.241,277.002,277.213,1800
2022-05-04 08:12:00,277.1,277.133,277.071,277.105,200
2022-05-04 08:11:00,277.375,277.408,277.199,277.232,261
2022-05-04 08:08:00,277.474,277.506,277.346,277.38,400
2022-05-04 08:07:00,277.473,277.506,277.444,277.478,175
2022-05-04 08:06:00,277.375,277.408,277.346,277.38,100
2022-05-04 08:02:00,277.424,277.457,277.395,277.429,100
2022-05-04 08:00:00,277.238,277.781,277.15,277.429,6748
2022-05-04 07:49:00,277.474,277.506,277.444,277.478,100
2022-05-04 07:48:00,277.542,277.575,277.513,277.547,100
2022-05-04 07:30:00,277.866,277.899,277.837,277.871,100
2022-05-04 07:23:00,277.405,277.928,277.375,277.9,791
2022-05-04 07:12:00,277.189,277.231,277.051,277.203,304
2022-05-04 07:10:00,277.169,277.201,277.14,277.173,400
2022-05-04 07:08:00,277.179,277.231,277.1,277.134,332
2022-05-04 07:05:00,277.238,277.27,277.208,277.242,395
2022-05-04 07:00:00,277.375,277.408,277.051,277.085,570
2022-05-04 06:54:00,277.11,277.143,277.051,277.085,200
2022-05-04 06:52:00,277.11,277.143,277.081,277.114,100
2022-05-04 06:47:00,277.228,277.26,277.051,277.085,200
2022-05-04 06:42:00,277.218,277.251,277.189,277.223,108
2022-05-04 06:18:00,277.277,277.309,277.248,277.281,100
2022-05-04 05:54:00,277.081,277.113,277.051,277.085,189
2022-05-04 05:44:00,277.248,277.28,277.218,277.252,159
2022-05-04 05:31:00,277.533,277.565,277.503,277.537,206
2022-05-04 05:12:00,276.884,276.917,276.855,276.889,189
2022-05-04 05:06:00,276.884,276.917,276.855,276.889,116
2022-05-04 05:03:00,276.914,276.946,276.884,276.918,1134
2022-05-04 05:02:00,276.914,276.946,276.884,276.918,300
2022-05-04 04:08:00,276.757,276.789,276.727,276.761,100
2022-05-03 19:59:00,276.933,276.966,276.904,276.938,700
2022-05-03 19:54:00,276.933,276.966,276.904,276.938,135
2022-05-03 19:42:00,276.884,276.917,276.855,276.889,645
2022-05-03 19:41:00,276.884,276.917,276.855,276.889,171
2022-05-03 19:33:00,276.796,276.828,276.767,276.8,116
2022-05-03 19:32:00,276.806,276.838,276.776,276.81,200
2022-05-03 19:25:00,276.855,276.887,276.796,276.83,386
2022-05-03 19:24:00,276.845,276.877,276.816,276.849,330
2022-05-03 19:23:00,276.982,277.015,276.953,276.987,459
2022-05-03 19:22:00,276.982,277.015,276.953,276.987,120
2022-05-03 19:19:00,276.982,277.015,276.953,276.987,296
2022-05-03 19:11:00,276.884,276.917,276.767,276.8,307
2022-05-03 19:09:00,276.992,277.025,276.796,276.83,375
2022-05-03 19:06:00,276.992,277.025,276.963,276.997,200
2022-05-03 19:02:00,276.992,277.025,276.963,276.997,100
2022-05-03 19:00:00,277.179,277.211,277.022,277.183,407
2022-05-03 18:58:00,277.179,277.211,277.15,277.183,280
2022-05-03 18:57:00,277.189,277.221,277.159,277.193,107
2022-05-03 18:48:00,277.464,277.496,277.434,277.468,100
2022-05-03 18:47:00,277.277,277.31,277.248,277.282,1000
2022-05-03 18:21:00,277.326,277.359,277.297,277.331,335
2022-05-03 18:10:00,277.179,277.211,277.15,277.183,100
2022-05-03 18:09:00,277.375,277.418,277.15,277.183,1902
2022-05-03 18:06:00,277.258,277.29,277.228,277.262,110
2022-05-03 18:05:00,277.238,277.27,277.208,277.242,330
2022-05-03 18:04:00,277.454,277.486,277.425,277.458,476
2022-05-03 18:02:00,277.189,277.231,277.159,277.203,419
2022-05-03 18:00:00,277.474,277.506,277.15,277.183,1669
2022-05-03 17:58:00,277.65,277.682,277.444,277.478,4808
2022-05-03 17:57:00,277.375,277.506,277.346,277.478,2200
2022-05-03 17:54:00,277.277,277.309,277.248,277.281,116
2022-05-03 17:51:00,277.258,277.309,277.228,277.281,640
2022-05-03 17:49:00,277.258,277.29,277.228,277.262,2000
2022-05-03 17:48:00,277.199,277.231,277.169,277.203,200
2022-05-03 17:47:00,277.199,277.231,277.169,277.203,142
2022-05-03 17:46:00,277.199,277.231,277.169,277.203,300
2022-05-03 17:35:00,277.189,277.221,277.159,277.193,441
2022-05-03 17:29:00,277.208,277.241,277.179,277.213,150
2022-05-03 17:28:00,277.208,277.241,277.179,277.213,846
2022-05-03 17:23:00,277.474,277.506,277.444,277.478,465
2022-05-03 17:22:00,277.179,277.506,277.15,277.478,2828
2022-05-03 17:21:00,277.366,277.398,277.336,277.37,100
2022-05-03 17:20:00,277.179,277.423,277.149,277.395,350
2022-05-03 17:17:00,276.992,277.025,276.963,276.997,200
2022-05-03 17:15:00,277.13,277.192,277.1,277.164,250
2022-05-03 17:13:00,277.159,277.192,277.13,277.164,250
2022-05-03 17:12:00,276.983,277.016,276.953,276.987,230
2022-05-03 17:06:00,277.13,277.162,277.081,277.114,250
2022-05-03 17:03:00,277.14,277.172,277.11,277.144,149
2022-05-03 17:02:00,277.158,277.19,277.128,277.162,1000
2022-05-03 17:01:00,276.983,277.192,276.953,277.164,300
2022-05-03 16:58:00,276.883,276.915,276.853,276.887,240
2022-05-03 16:56:00,276.884,276.917,276.855,276.889,142
2022-05-03 16:54:00,276.835,276.867,276.806,276.839,400
2022-05-03 16:51:00,276.964,276.996,276.806,276.839,1000
2022-05-03 16:49:00,276.766,276.869,276.737,276.839,5516
2022-05-03 16:46:00,276.865,276.897,276.835,276.869,140
2022-05-03 16:45:00,276.884,276.917,276.855,276.889,100
2022-05-03 16:43:00,277.081,277.113,277.051,277.085,777
2022-05-03 16:41:00,276.855,276.887,276.825,276.859,134
2022-05-03 16:37:00,276.845,276.877,276.816,276.849,172
2022-05-03 16:31:00,276.975,277.015,276.946,276.987,1431
2022-05-03 16:30:00,276.982,277.015,276.953,276.987,1000
2022-05-03 16:29:00,276.982,277.015,276.806,276.987,1361
2022-05-03 16:27:00,276.767,276.8,276.738,276.772,265
2022-05-03 16:26:00,276.855,276.887,276.825,276.859,100
2022-05-03 16:25:00,276.852,276.885,276.823,276.857,200
2022-05-03 16:24:00,276.698,276.759,276.668,276.722,2889
2022-05-03 16:23:00,276.786,276.818,276.668,276.702,307
2022-05-03 16:22:00,276.884,276.976,276.737,276.771,807
2022-05-03 16:21:00,276.894,277.015,276.835,276.987,1200
2022-05-03 16:20:00,277.1,277.133,277.071,277.105,500
2022-05-03 16:19:00,276.904,276.936,276.875,276.908,104
2022-05-03 16:18:00,276.766,276.799,276.737,276.771,1373
2022-05-03 16:17:00,276.766,276.799,276.737,276.771,2150
2022-05-03 16:16:00,277.061,277.133,277.032,277.105,272
2022-05-03 16:15:00,277.13,277.162,277.051,277.085,1173
2022-05-03 16:14:00,277.307,277.339,276.737,276.771,11636
2022-05-03 16:13:00,277.886,277.919,277.277,277.311,665
2022-05-03 16:10:00,277.601,277.948,277.542,277.753,1598
2022-05-03 16:09:00,277.67,277.702,277.562,277.596,280
2022-05-03 16:07:00,277.631,277.702,277.601,277.674,800
2022-05-03 16:06:00,277.935,278.203,276.737,277.93,31531
2022-05-03 16:05:00,277.199,277.752,277.15,277.674,2400
2022-05-03 16:04:00,276.835,277.211,276.806,277.183,1671
2022-05-03 16:03:00,276.766,276.799,276.737,276.771,2479
2022-05-03 16:02:00,276.845,276.897,276.737,276.771,310824
2022-05-03 16:01:00,276.766,276.877,276.737,276.849,1785
2022-05-03 16:00:00,276.766,276.799,276.698,276.771,2327662
2022-05-03 15:59:00,276.776,277.152,276.462,276.82,511061
2022-05-03 15:58:00,276.747,276.926,276.604,276.771,81160
2022-05-03 15:57:00,276.678,276.985,276.501,276.731,48772
2022-05-03 15:56:00,276.874,276.951,276.6,276.746,56743
2022-05-03 15:55:00,276.958,277.064,276.521,276.889,53488
2022-05-03 15:54:00,277.032,277.349,276.678,276.977,71482
2022-05-03 15:53:00,276.835,277.182,276.649,277.046,75180
2022-05-03 15:52:00,276.207,276.956,276.118,276.839,83210
2022-05-03 15:51:00,275.804,276.527,275.559,276.221,85067
2022-05-03 15:50:00,275.696,275.964,275.33,275.808,84645
2022-05-03 15:49:00,276.148,276.239,275.617,275.661,48048
2022-05-03 15:48:00,275.853,276.278,275.824,276.127,52133
2022-05-03 15:47:00,275.794,276.18,275.765,275.857,64049
2022-05-03 15:46:00,275.553,275.895,275.411,275.749,52999
2022-05-03 15:45:00,275.735,275.767,275.308,275.563,50365
2022-05-03 15:44:00,275.715,275.836,275.264,275.749,49978
2022-05-03 15:43:00,275.774,275.807,275.392,275.71,54271
2022-05-03 15:42:00,275.961,276.17,275.588,275.779,39895
2022-05-03 15:41:00,276.04,276.141,275.794,275.965,35123
2022-05-03 15:40:00,276.511,276.543,275.971,276.044,39060
2022-05-03 15:39:00,276.717,276.779,276.256,276.505,30491
2022-05-03 15:38:00,276.57,276.877,276.423,276.702,41458
2022-05-03 15:37:00,276.59,276.73,276.442,276.584,22550
2022-05-03 15:36:00,276.953,276.985,276.334,276.653,42147
2022-05-03 15:35:00,277.208,277.418,276.943,277.031,27565
2022-05-03 15:34:00,277.13,277.545,277.051,277.252,32164
2022-05-03 15:33:00,276.757,277.201,276.6,277.095,25937
2022-05-03 15:32:00,277.051,277.133,276.747,276.79,31433
2022-05-03 15:31:00,277.199,277.418,276.983,277.085,22031
2022-05-03 15:30:00,276.914,277.27,276.865,277.232,23559
2022-05-03 15:29:00,276.806,277.015,276.635,276.967,18923
2022-05-03 15:28:00,277.022,277.192,276.688,276.839,26463
2022-05-03 15:27:00,276.727,277.084,276.698,276.977,25849
2022-05-03 15:26:00,276.668,276.759,276.472,276.731,16427
2022-05-03 15:25:00,276.894,276.946,276.472,276.673,26298
2022-05-03 15:24:00,276.668,276.954,276.383,276.879,26874
2022-05-03 15:23:00,277.375,277.418,276.646,276.741,35280
2022-05-03 15:22:00,277.267,277.447,277.032,277.399,25158
2022-05-03 15:21:00,277.415,277.643,277.159,277.321,21918
2022-05-03 15:20:00,276.924,277.486,276.747,277.37,27861
2022-05-03 15:19:00,277.061,277.211,276.825,276.908,33651
2022-05-03 15:18:00,277.542,277.673,276.992,277.09,27433
2022-05-03 15:17:00,277.542,277.639,277.326,277.586,21247
2022-05-03 15:16:00,277.415,277.771,277.316,277.537,26239
2022-05-03 15:15:00,277.68,277.869,277.297,277.429,26528
2022-05-03 15:14:00,277.621,277.791,277.52,277.655,17439
2022-05-03 15:13:00,277.67,277.899,277.547,277.625,20099
2022-05-03 15:12:00,277.621,277.879,277.454,277.665,34405
2022-05-03 15:11:00,277.685,277.717,277.385,277.576,15865
2022-05-03 15:10:00,277.632,277.83,277.424,277.694,25678
2022-05-03 15:09:00,277.808,277.84,277.464,277.655,20975
2022-05-03 15:08:00,277.876,277.948,277.709,277.813,24221
2022-05-03 15:07:00,277.454,277.968,277.425,277.898,38858
2022-05-03 15:06:00,277.051,277.732,276.973,277.468,32596
2022-05-03 15:05:00,277.071,277.29,276.963,277.114,18020
2022-05-03 15:04:00,277.218,277.454,276.992,277.036,18992
2022-05-03 15:03:00,277.14,277.329,277.061,277.203,13213
2022-05-03 15:02:00,277.316,277.368,276.953,277.168,18729
2022-05-03 15:01:00,277.336,277.545,277.277,277.311,17619
2022-05-03 15:00:00,277.336,277.565,277.179,277.331,20522
2022-05-03 14:59:00,276.953,277.496,276.821,277.37,44964
2022-05-03 14:58:00,276.776,276.985,276.58,276.957,18767
2022-05-03 14:57:00,276.845,276.946,276.595,276.771,21801
2022-05-03 14:56:00,276.678,277.064,276.59,276.818,58211
2022-05-03 14:55:00,276.54,276.818,276.197,276.712,26797
2022-05-03 14:54:00,276.55,276.809,276.364,276.502,19674
2022-05-03 14:53:00,276.825,276.887,276.442,276.584,22887
2022-05-03 14:52:00,276.482,277.034,276.452,276.81,60256
2022-05-03 14:51:00,276.324,276.553,276.295,276.486,45065
2022-05-03 14:50:00,276.059,276.455,275.843,276.26,28327
2022-05-03 14:49:00,275.823,276.229,275.794,276.073,20065
2022-05-03 14:48:00,275.823,276.219,275.735,275.795,34474
2022-05-03 14:47:00,275.45,276.042,275.421,275.818,26986
2022-05-03 14:46:00,275.912,275.944,275.166,275.425,38942
2022-05-03 14:45:00,276.059,276.278,275.647,275.887,41484
2022-05-03 14:44:00,275.332,276.357,275.185,276.024,46762
2022-05-03 14:43:00,275.215,275.453,275.136,275.317,26107
2022-05-03 14:42:00,275.283,275.522,275.156,275.199,35703
2022-05-03 14:41:00,275.436,275.6,275.225,275.273,37671
2022-05-03 14:40:00,275.951,276.008,275.314,275.445,85573
2022-05-03 14:39:00,276.167,276.268,275.667,275.906,38383
2022-05-03 14:38:00,276.531,276.622,276.04,276.201,45051
2022-05-03 14:37:00,276.55,276.691,276.472,276.555,25022
2022-05-03 14:36:00,276.305,276.691,276.275,276.545,47851
2022-05-03 14:35:00,276.143,276.386,276.02,276.329,40028
2022-05-03 14:34:00,275.804,276.229,275.696,276.142,29215
2022-05-03 14:33:00,275.951,276.042,275.686,275.867,54308
2022-05-03 14:32:00,275.715,276.183,275.686,275.98,58551
2022-05-03 14:31:00,275.642,275.797,275.581,275.71,31438
2022-05-03 14:30:00,275.514,275.689,275.411,275.592,27941
2022-05-03 14:29:00,275.616,275.648,275.342,275.511,38079
2022-05-03 14:28:00,275.696,275.841,275.568,275.617,33445
2022-05-03 14:27:00,275.578,275.748,275.431,275.661,42815
2022-05-03 14:26:00,275.568,275.63,275.421,275.553,19945
2022-05-03 14:25:00,275.735,275.767,275.45,275.543,32163
2022-05-03 14:24:00,275.873,275.905,275.598,275.72,15390
2022-05-03 14:23:00,275.981,276.013,275.73,275.808,25010
2022-05-03 14:22:00,275.794,275.944,275.627,275.906,32023
2022-05-03 14:21:00,275.627,275.861,275.568,275.759,31369
2022-05-03 14:20:00,275.912,275.974,275.539,275.631,33249
2022-05-03 14:19:00,275.971,276.067,275.735,275.906,19202
2022-05-03 14:18:00,275.868,276.091,275.838,275.975,17660
2022-05-03 14:17:00,275.843,276.003,275.765,275.857,21065
2022-05-03 14:16:00,275.986,276.062,275.696,275.838,41414
2022-05-03 14:15:00,276.197,276.229,275.883,275.985,35041
2022-05-03 14:14:00,276.084,276.278,276.01,276.211,32774
2022-05-03 14:13:00,276.098,276.327,275.873,276.122,43249
2022-05-03 14:12:00,276.128,276.327,275.981,276.132,23841
2022-05-03 14:11:00,276.462,276.583,275.971,276.162,30528
2022-05-03 14:10:00,276.55,276.622,276.315,276.468,29489
2022-05-03 14:09:00,276.629,276.661,276.442,276.555,33106
2022-05-03 14:08:00,276.698,276.828,276.462,276.655,35884
2022-05-03 14:07:00,276.501,276.818,276.423,276.751,16596
2022-05-03 14:06:00,276.565,276.602,276.418,276.535,27545
2022-05-03 14:05:00,276.747,276.828,276.521,276.555,24689
2022-05-03 14:04:00,276.737,277.025,276.678,276.788,25911
2022-05-03 14:03:00,276.884,277.054,276.678,276.761,29028
2022-05-03 14:02:00,277.002,277.093,276.649,276.938,32710
2022-05-03 14:01:00,277.356,277.388,276.757,277.006,48283
2022-05-03 14:00:00,277.464,277.575,277.248,277.389,25677
2022-05-03 13:59:00,277.405,277.555,277.375,277.483,23848
2022-05-03 13:58:00,277.611,277.643,277.395,277.458,13073
2022-05-03 13:57:00,277.395,277.634,277.218,277.606,45863
2022-05-03 13:56:00,277.488,277.597,277.287,277.389,18325
2022-05-03 13:55:00,277.591,277.702,277.454,277.517,10567
2022-05-03 13:54:00,277.739,277.771,277.464,277.606,47202
2022-05-03 13:53:00,277.739,277.835,277.582,277.773,34336
2022-05-03 13:52:00,277.817,277.879,277.562,277.733,19822
2022-05-03 13:51:00,277.66,277.899,277.572,277.782,25885
2022-05-03 13:50:00,277.847,277.919,277.641,277.694,19947
2022-05-03 13:49:00,277.768,277.928,277.709,277.841,18911
2022-05-03 13:48:00,277.975,278.095,277.729,277.763,18190
2022-05-03 13:47:00,278.127,278.223,277.945,277.989,12266
2022-05-03 13:46:00,278.151,278.321,278.112,278.195,23544
2022-05-03 13:45:00,278.318,278.487,278.062,278.165,24272
2022-05-03 13:44:00,277.886,278.38,277.837,278.308,29951
2022-05-03 13:43:00,278.102,278.144,277.803,277.881,14844
2022-05-03 13:42:00,277.837,278.194,277.778,278.087,15647
2022-05-03 13:41:00,278.033,278.095,277.778,277.89,22815
2022-05-03 13:40:00,278.21,278.243,277.945,278.077,20489
2022-05-03 13:39:00,278.132,278.233,277.994,278.195,20249
2022-05-03 13:38:00,278.073,278.144,277.817,278.116,12468
2022-05-03 13:37:00,277.896,278.203,277.866,278.097,34253
2022-05-03 13:36:00,277.68,277.909,277.562,277.881,13445
2022-05-03 13:35:00,277.857,277.889,277.552,277.645,24618
2022-05-03 13:34:00,277.69,277.958,277.621,277.871,34502
2022-05-03 13:33:00,277.582,277.889,277.552,277.68,26128
2022-05-03 13:32:00,277.641,277.702,277.474,277.586,17145
2022-05-03 13:31:00,277.631,277.702,277.307,277.635,21257
2022-05-03 13:30:00,277.542,277.653,277.356,277.615,13860
2022-05-03 13:29:00,277.616,277.693,277.307,277.537,11416
2022-05-03 13:28:00,277.542,277.732,277.405,277.607,16739
2022-05-03 13:27:00,277.955,278.056,277.513,277.547,20234
2022-05-03 13:26:00,277.704,277.997,277.675,277.93,18088
2022-05-03 13:25:00,277.788,277.83,277.513,277.699,18689
2022-05-03 13:24:00,277.808,277.968,277.611,277.831,38604
2022-05-03 13:23:00,278.073,278.233,277.552,277.733,54371
2022-05-03 13:22:00,278.073,278.331,277.964,278.126,31484
2022-05-03 13:21:00,277.65,278.086,277.591,278.057,37164
2022-05-03 13:20:00,277.621,277.742,277.503,277.643,19495
2022-05-03 13:19:00,277.67,277.84,277.454,277.566,34811
2022-05-03 13:18:00,277.886,278.027,277.552,277.645,50982
2022-05-03 13:17:00,277.906,278.046,277.798,277.881,39783
2022-05-03 13:16:00,277.803,278.003,277.773,277.91,39391
2022-05-03 13:15:00,277.719,277.904,277.67,277.792,44123
2022-05-03 13:14:00,277.287,277.752,277.169,277.665,68795
2022-05-03 13:13:00,277.415,277.643,277.179,277.286,37645
2022-05-03 13:12:00,277.051,277.604,276.855,277.409,56339
2022-05-03 13:11:00,276.973,277.123,276.816,277.075,31142
2022-05-03 13:10:00,277.12,277.27,276.875,276.977,17440
2022-05-03 13:09:00,276.982,277.329,276.894,277.144,52987
2022-05-03 13:08:00,276.973,277.054,276.788,276.987,30131
2022-05-03 13:07:00,276.766,276.936,276.56,276.875,18829
2022-05-03 13:06:00,276.796,276.956,276.57,276.756,15935
2022-05-03 13:05:00,276.747,276.887,276.668,276.771,21200
2022-05-03 13:04:00,276.649,276.838,276.511,276.771,17820
2022-05-03 13:03:00,276.796,276.897,276.511,276.653,22728
2022-05-03 13:02:00,277.14,277.201,276.767,276.8,30718
2022-05-03 13:01:00,277.14,277.555,277.1,277.134,53281
2022-05-03 13:00:00,276.825,277.337,276.688,277.129,46371
2022-05-03 12:59:00,276.757,276.887,276.609,276.8,18507
2022-05-03 12:58:00,276.727,276.966,276.658,276.771,16817
2022-05-03 12:57:00,276.59,276.877,276.511,276.707,25868
2022-05-03 12:56:00,276.364,276.602,276.158,276.545,32144
2022-05-03 12:55:00,276.555,276.587,276.187,276.297,38366
2022-05-03 12:54:00,276.786,276.956,276.452,276.574,38196
2022-05-03 12:53:00,276.737,276.917,276.649,276.761,16653
2022-05-03 12:52:00,276.698,276.877,276.639,276.761,14552
2022-05-03 12:51:00,276.865,276.951,276.6,276.761,14860
2022-05-03 12:50:00,276.745,276.917,276.624,276.859,14430
2022-05-03 12:49:00,276.845,276.877,276.629,276.79,20083
2022-05-03 12:48:00,276.933,277.29,276.757,276.83,33016
2022-05-03 12:47:00,276.865,277.172,276.767,276.957,18871
2022-05-03 12:46:00,276.59,276.917,276.51,276.82,19456
2022-05-03 12:45:00,276.845,277.044,276.521,276.614,18486
2022-05-03 12:44:00,277.032,277.226,276.855,276.889,13324
2022-05-03 12:43:00,276.874,277.123,276.84,277.006,11679
2022-05-03 12:42:00,276.914,277.123,276.827,276.889,11302
2022-05-03 12:41:00,276.953,277.024,276.737,276.908,13483
2022-05-03 12:40:00,276.806,276.956,276.668,276.882,16142
2022-05-03 12:39:00,276.786,276.926,276.56,276.831,20147
2022-05-03 12:38:00,277.041,277.251,276.678,276.79,21475
2022-05-03 12:37:00,276.904,277.143,276.796,277.026,24659
2022-05-03 12:36:00,276.678,277.034,276.639,276.884,14943
2022-05-03 12:35:00,276.668,276.789,276.59,276.682,9272
2022-05-03 12:34:00,276.629,276.74,276.452,276.712,22256
2022-05-03 12:33:00,276.698,277.261,276.57,276.712,42814
2022-05-03 12:32:00,276.462,276.74,276.363,276.692,15737
2022-05-03 12:31:00,276.619,276.691,276.423,276.496,28878
2022-05-03 12:30:00,276.855,276.887,276.482,276.584,34918
2022-05-03 12:29:00,277.401,277.495,276.796,276.898,31539
2022-05-03 12:28:00,277.601,277.761,277.356,277.429,28035
2022-05-03 12:27:00,277.012,277.614,276.776,277.566,21510
2022-05-03 12:26:00,277.13,277.26,277.012,277.085,12160
2022-05-03 12:25:00,277.041,277.27,276.786,277.164,39178
2022-05-03 12:24:00,276.924,277.182,276.833,277.007,19642
2022-05-03 12:23:00,276.958,277.231,276.844,276.947,25505
2022-05-03 12:22:00,276.953,277.074,276.767,276.967,17534
2022-05-03 12:21:00,276.884,277.143,276.796,276.977,20973
2022-05-03 12:20:00,276.732,276.976,276.668,276.839,20477
2022-05-03 12:19:00,276.865,277.025,276.678,276.771,20489
2022-05-03 12:18:00,276.658,276.966,276.541,276.83,15983
2022-05-03 12:17:00,276.894,276.966,276.668,276.702,31199
2022-05-03 12:16:00,277.002,277.098,276.649,276.898,21137
2022-05-03 12:15:00,276.992,277.044,276.811,277.006,16925
2022-05-03 12:14:00,276.744,277.015,276.708,276.962,25500
2022-05-03 12:13:00,276.491,276.789,276.403,276.741,25257
2022-05-03 12:12:00,276.372,276.494,276.197,276.437,22754
2022-05-03 12:11:00,276.364,276.504,276.118,276.297,17012
2022-05-03 12:10:00,276.242,276.396,276.03,276.368,40306
2022-05-03 12:09:00,276.0,276.494,275.902,276.245,65779
2022-05-03 12:08:00,276.58,276.632,275.814,276.054,50725
2022-05-03 12:07:00,277.022,277.054,276.511,276.545,40842
2022-05-03 12:06:00,277.493,277.535,277.002,277.065,49898
2022-05-03 12:05:00,278.21,278.243,277.208,277.556,114206
2022-05-03 12:04:00,278.348,278.488,278.092,278.234,33234
2022-05-03 12:03:00,278.466,278.714,278.249,278.347,50755
2022-05-03 12:02:00,278.115,278.503,278.073,278.421,57234
2022-05-03 12:01:00,277.67,278.311,277.562,278.165,46730
2022-05-03 12:00:00,277.454,277.712,277.336,277.684,27498
2022-05-03 11:59:00,277.356,277.506,277.258,277.478,35119
2022-05-03 11:58:00,277.149,277.422,277.12,277.331,24055
2022-05-03 11:57:00,277.039,277.27,276.825,277.154,22683
2022-05-03 11:56:00,277.15,277.211,276.914,277.006,11682
2022-05-03 11:55:00,277.051,277.285,276.933,277.124,19989
2022-05-03 11:54:00,277.169,277.408,277.012,277.075,29414
2022-05-03 11:53:00,277.12,277.251,276.914,277.159,25057
2022-05-03 11:52:00,276.953,277.321,276.924,277.075,17654
2022-05-03 11:51:00,276.698,276.971,276.6,276.931,25369
2022-05-03 11:50:00,276.874,276.966,276.57,276.677,17357
2022-05-03 11:49:00,277.012,277.064,276.688,276.862,13163
2022-05-03 11:48:00,277.066,277.201,276.884,276.94,14287
2022-05-03 11:47:00,276.91,277.192,276.796,277.082,30825
2022-05-03 11:46:00,276.835,276.975,276.609,276.947,47140
2022-05-03 11:45:00,277.071,277.27,276.717,276.781,52078
2022-05-03 11:44:00,277.503,277.565,277.051,277.105,27392
2022-05-03 11:43:00,277.601,277.771,277.002,277.448,34070
2022-05-03 11:42:00,277.292,277.614,277.262,277.586,14681
2022-05-03 11:41:00,277.307,277.496,277.11,277.301,28669
2022-05-03 11:40:00,277.041,277.476,277.007,277.349,17649
2022-05-03 11:39:00,277.037,277.069,276.875,277.017,22606
2022-05-03 11:38:00,277.234,277.3,276.973,277.046,30462
2022-05-03 11:37:00,277.464,277.496,277.11,277.232,22705
2022-05-03 11:36:00,277.366,277.535,277.25,277.403,9659
2022-05-03 11:35:00,278.053,278.086,277.179,277.359,26610
2022-05-03 11:34:00,278.073,278.213,277.936,278.047,16778
2022-05-03 11:33:00,277.749,278.115,277.7,278.087,21875
2022-05-03 11:32:00,277.483,277.83,277.415,277.782,12661
2022-05-03 11:31:00,277.621,277.712,277.277,277.478,30559
2022-05-03 11:30:00,277.523,277.766,277.405,277.641,17095
2022-05-03 11:29:00,277.375,277.526,277.262,277.478,20743
2022-05-03 11:28:00,277.444,277.535,277.179,277.35,18791
2022-05-03 11:27:00,277.768,277.83,277.336,277.458,28073
2022-05-03 11:26:00,278.019,278.051,277.67,277.802,20263
2022-05-03 11:25:00,278.043,278.292,277.837,278.057,17880
2022-05-03 11:24:00,277.729,278.243,277.7,278.097,22899
2022-05-03 11:23:00,277.65,277.909,277.591,277.792,24083
2022-05-03 11:22:00,277.866,278.027,277.621,277.684,25109
2022-05-03 11:21:00,277.847,278.086,277.749,277.831,23379
2022-05-03 11:20:00,277.739,278.125,277.641,277.891,34704
2022-05-03 11:19:00,277.808,277.877,277.474,277.713,9547
2022-05-03 11:18:00,277.547,277.928,277.415,277.723,15037
2022-05-03 11:17:00,277.896,278.007,277.189,277.552,32043
2022-05-03 11:16:00,278.171,278.361,277.862,277.896,44706
2022-05-03 11:15:00,278.151,278.495,277.906,278.175,40501
2022-05-03 11:14:00,277.47,278.095,277.366,278.067,25019
2022-05-03 11:13:00,277.49,277.653,277.238,277.498,22667
2022-05-03 11:12:00,277.798,278.027,277.517,277.551,20475
2022-05-03 11:11:00,277.876,277.909,277.533,277.805,49260
2022-05-03 11:10:00,278.21,278.37,277.837,277.929,59021
2022-05-03 11:09:00,278.362,278.587,278.102,278.224,38064
2022-05-03 11:08:00,278.024,278.429,277.994,278.332,60959
2022-05-03 11:07:00,277.346,278.164,277.297,277.949,69150
2022-05-03 11:06:00,276.888,277.555,276.858,277.311,84676
2022-05-03 11:05:00,276.639,276.936,276.55,276.874,68407
2022-05-03 11:04:00,276.128,276.7,275.892,276.672,43247
2022-05-03 11:03:00,276.04,276.199,275.855,276.064,30928
2022-05-03 11:02:00,276.162,276.494,275.892,276.044,36503
2022-05-03 11:01:00,276.069,276.219,275.725,276.191,25971
2022-05-03 11:00:00,276.246,276.396,275.971,276.103,20345
2022-05-03 10:59:00,276.197,276.504,276.167,276.27,22503
2022-05-03 10:58:00,276.061,276.533,275.784,276.211,35107
2022-05-03 10:57:00,276.403,276.553,276.02,276.063,29916
2022-05-03 10:56:00,276.177,276.465,276.099,276.348,18724
2022-05-03 10:55:00,276.195,276.455,276.04,276.162,64047
2022-05-03 10:54:00,276.187,276.612,276.079,276.221,29104
2022-05-03 10:53:00,275.922,276.278,275.873,276.181,29150
2022-05-03 10:52:00,275.976,276.278,275.747,275.921,34615
2022-05-03 10:51:00,276.094,276.209,275.863,275.98,38294
2022-05-03 10:50:00,275.912,276.15,275.627,276.122,32194
2022-05-03 10:49:00,275.981,276.111,275.834,275.946,26289
2022-05-03 10:48:00,275.755,276.091,275.657,275.985,27761
2022-05-03 10:47:00,275.46,275.826,275.244,275.671,53680
2022-05-03 10:46:00,275.725,275.895,275.372,275.523,30745
2022-05-03 10:45:00,275.784,275.844,275.559,275.709,24109
2022-05-03 10:44:00,275.814,275.934,275.637,275.749,31664
2022-05-03 10:43:00,276.226,276.288,275.676,275.808,53039
2022-05-03 10:42:00,276.295,276.396,276.05,276.25,23532
2022-05-03 10:41:00,276.482,276.573,276.275,276.309,18591
2022-05-03 10:40:00,276.786,276.848,276.315,276.417,41796
2022-05-03 10:39:00,276.933,276.985,276.658,276.781,18710
2022-05-03 10:38:00,276.766,277.064,276.678,276.928,23589
2022-05-03 10:37:00,277.032,277.172,276.689,276.805,35702
2022-05-03 10:36:00,277.312,277.344,276.865,277.085,22124
2022-05-03 10:35:00,277.41,277.663,277.081,277.335,29514
2022-05-03 10:34:00,277.641,277.86,277.326,277.418,38467
2022-05-03 10:33:00,277.572,277.801,277.434,277.601,40385
2022-05-03 10:32:00,276.806,277.673,276.776,277.542,68560
2022-05-03 10:31:00,276.865,276.956,276.231,276.751,64199
2022-05-03 10:30:00,276.747,277.069,276.717,276.854,75884
2022-05-03 10:29:00,276.477,277.044,276.447,276.731,55628
2022-05-03 10:28:00,276.688,276.759,276.364,276.437,32835
2022-05-03 10:27:00,276.737,276.809,276.364,276.609,32506
2022-05-03 10:26:00,276.59,276.867,276.369,276.663,48456
2022-05-03 10:25:00,276.256,277.005,275.932,276.515,74312
2022-05-03 10:24:00,276.138,276.327,276.05,276.191,25836
2022-05-03 10:23:00,276.413,276.504,275.883,276.132,25250
2022-05-03 10:22:00,276.265,276.484,275.824,276.358,38936
2022-05-03 10:21:00,276.786,276.848,276.064,276.211,46611
2022-05-03 10:20:00,276.707,276.936,276.541,276.756,54952
2022-05-03 10:19:00,276.619,276.877,276.472,276.78,35514
2022-05-03 10:18:00,276.624,276.828,276.487,276.535,27354
2022-05-03 10:17:00,276.639,276.838,276.462,276.672,25775
2022-05-03 10:16:00,276.717,276.818,276.266,276.643,39355
2022-05-03 10:15:00,277.39,277.457,276.492,276.672,51892
2022-05-03 10:14:00,276.963,277.575,276.767,277.357,48700
2022-05-03 10:13:00,276.943,277.064,276.737,276.94,14264
2022-05-03 10:12:00,277.071,277.114,276.639,276.908,35319
2022-05-03 10:11:00,277.022,277.427,276.914,277.075,39790
2022-05-03 10:10:00,277.169,277.349,276.845,277.026,37288
2022-05-03 10:09:00,277.267,277.653,277.002,277.264,34191
2022-05-03 10:08:00,277.817,278.056,277.175,277.429,37752
2022-05-03 10:07:00,278.466,278.596,277.611,277.851,63521
2022-05-03 10:06:00,278.677,278.793,278.338,278.372,32067
2022-05-03 10:05:00,278.701,278.862,278.299,278.745,47492
2022-05-03 10:04:00,278.79,279.097,278.534,278.661,60072
2022-05-03 10:03:00,278.649,279.107,278.475,278.735,58625
2022-05-03 10:02:00,278.75,278.901,278.358,278.696,43878
2022-05-03 10:01:00,278.407,278.783,278.299,278.676,49227
2022-05-03 10:00:00,278.299,278.812,278.073,278.352,72195
2022-05-03 09:59:00,277.542,278.361,277.513,278.308,103102
2022-05-03 09:58:00,277.179,277.506,277.017,277.478,43316
2022-05-03 09:57:00,277.444,277.781,277.094,277.183,41508
2022-05-03 09:56:00,276.599,277.634,276.433,277.38,59495
2022-05-03 09:55:00,277.051,277.398,276.503,276.648,50657
2022-05-03 09:54:00,276.698,277.172,276.536,277.085,49811
2022-05-03 09:53:00,276.639,277.015,276.413,276.741,50577
2022-05-03 09:52:00,277.071,277.401,276.55,276.672,79818
2022-05-03 09:51:00,277.159,277.339,276.983,277.105,40225
2022-05-03 09:50:00,276.825,277.634,276.59,277.173,59067
2022-05-03 09:49:00,276.491,277.152,276.275,276.785,54193
2022-05-03 09:48:00,276.776,277.251,276.487,276.52,56824
2022-05-03 09:47:00,276.629,276.961,276.452,276.859,56823
2022-05-03 09:46:00,276.501,276.769,276.364,276.633,46520
2022-05-03 09:45:00,277.179,277.309,276.256,276.505,126307
2022-05-03 09:44:00,277.37,277.81,277.179,277.247,45555
2022-05-03 09:43:00,277.994,278.036,277.012,277.35,62333
2022-05-03 09:42:00,277.474,278.292,277.326,277.959,58082
2022-05-03 09:41:00,277.739,277.83,277.179,277.468,32986
2022-05-03 09:40:00,277.405,277.83,277.179,277.704,58483
2022-05-03 09:39:00,277.086,278.144,277.051,277.399,50236
2022-05-03 09:38:00,277.542,278.135,277.081,277.114,38257
2022-05-03 09:37:00,277.179,277.742,276.757,277.596,87429
2022-05-03 09:36:00,277.38,278.135,277.037,277.272,63290
2022-05-03 09:35:00,278.279,278.351,277.297,277.468,70416
2022-05-03 09:34:00,278.2,278.901,278.171,278.224,41727
2022-05-03 09:33:00,278.21,278.458,277.798,278.126,41790
2022-05-03 09:32:00,277.589,278.42,277.536,278.234,61646
2022-05-03 09:31:00,277.876,278.056,277.15,277.507,58182
2022-05-03 09:30:00,278.908,278.95,277.69,277.917,437018
2022-05-03 09:29:00,279.281,279.313,279.016,279.049,200
2022-05-03 09:28:00,278.75,279.363,278.721,279.334,649
2022-05-03 09:27:00,279.094,279.127,278.721,278.755,3081
2022-05-03 09:26:00,279.045,279.274,279.016,279.246,385
2022-05-03 09:25:00,279.448,279.549,279.016,279.167,3259
2022-05-03 09:24:00,279.605,279.638,279.575,279.609,100
2022-05-03 09:22:00,279.615,279.647,279.507,279.541,448
2022-05-03 09:21:00,279.556,279.588,279.526,279.56,200
2022-05-03 09:20:00,279.684,279.716,279.615,279.649,478
2022-05-03 09:15:00,279.84,279.872,279.81,279.844,500
2022-05-03 09:13:00,279.566,279.667,279.536,279.639,668
2022-05-03 09:10:00,279.634,279.667,279.546,279.639,565
2022-05-03 09:09:00,279.841,279.873,279.703,279.737,1100
2022-05-03 09:06:00,279.811,279.844,279.772,279.806,200
2022-05-03 09:05:00,279.733,279.765,279.703,279.737,138
2022-05-03 09:01:00,279.804,279.844,279.775,279.815,600
2022-05-03 08:58:00,279.576,279.608,279.546,279.58,100
2022-05-03 08:57:00,279.801,279.834,279.772,279.806,200
2022-05-03 08:53:00,279.545,279.579,279.515,279.551,412
2022-05-03 08:52:00,279.251,279.284,279.222,279.256,200
2022-05-03 08:50:00,279.871,279.904,279.605,279.639,600
2022-05-03 08:49:00,279.723,279.755,279.693,279.727,200
2022-05-03 08:48:00,279.801,279.962,279.664,279.698,1432
2022-05-03 08:46:00,279.801,279.834,279.772,279.806,218
2022-05-03 08:45:00,279.929,279.962,279.772,279.806,418
2022-05-03 08:44:00,279.87,279.962,279.84,279.933,873
2022-05-03 08:43:00,279.87,279.903,279.84,279.875,300
2022-05-03 08:41:00,279.772,279.805,279.654,279.688,362
2022-05-03 08:39:00,279.792,279.824,279.762,279.796,200
2022-05-03 08:38:00,279.811,279.844,279.782,279.816,136
2022-05-03 08:37:00,279.585,279.618,279.555,279.59,500
2022-05-03 08:36:00,279.585,279.618,279.556,279.59,692
2022-05-03 08:35:00,279.615,279.667,279.556,279.59,850
2022-05-03 08:33:00,279.546,279.579,279.516,279.55,100
2022-05-03 08:28:00,279.34,279.372,279.31,279.344,1434
2022-05-03 08:23:00,279.458,279.49,279.33,279.364,1443
2022-05-03 08:20:00,279.684,279.716,279.654,279.688,306
2022-05-03 08:19:00,279.644,279.677,279.615,279.649,100
2022-05-03 08:15:00,279.634,279.962,279.605,279.933,410
2022-05-03 08:14:00,279.418,279.52,279.389,279.491,1311
2022-05-03 08:09:00,279.359,279.598,279.32,279.491,1079
2022-05-03 08:06:00,279.367,279.402,279.337,279.374,300
2022-05-03 08:04:00,279.384,279.416,279.354,279.388,100
2022-05-03 08:03:00,279.34,279.372,279.31,279.344,100
2022-05-03 08:02:00,279.32,279.353,279.291,279.324,100
2022-05-03 08:01:00,279.32,279.353,279.291,279.324,100
2022-05-03 08:00:00,278.387,279.294,277.937,279.266,9358
2022-05-03 07:57:00,279.34,279.372,279.31,279.344,369
2022-05-03 07:55:00,279.153,279.186,279.124,279.157,100
2022-05-03 07:54:00,279.045,279.097,279.016,279.069,280
2022-05-03 07:53:00,279.025,279.058,278.996,279.03,100
2022-05-03 07:50:00,278.927,278.96,278.898,278.932,100
2022-05-03 07:47:00,278.947,278.979,278.898,278.932,338
2022-05-03 07:45:00,278.898,278.93,278.849,278.882,1651
2022-05-03 07:44:00,278.898,278.93,278.868,278.902,400
2022-05-03 07:41:00,278.75,278.901,278.721,278.873,479
2022-05-03 07:34:00,278.859,278.891,278.829,278.863,186
2022-05-03 07:33:00,279.084,279.176,278.966,279.0,466
2022-05-03 07:31:00,278.898,278.93,278.868,278.902,600
2022-05-03 07:26:00,278.397,278.429,278.367,278.401,390
2022-05-03 07:24:00,278.308,278.341,278.269,278.303,545
2022-05-03 07:20:00,278.259,278.292,278.21,278.244,557
2022-05-03 07:09:00,278.259,278.292,278.23,278.264,100
2022-05-03 07:08:00,278.505,278.537,278.426,278.46,900
2022-05-03 07:04:00,278.456,278.685,278.426,278.657,777
2022-05-03 07:01:00,278.377,278.498,278.328,278.362,358
2022-05-03 07:00:00,278.652,278.685,278.623,278.657,100
2022-05-03 06:47:00,278.358,278.39,278.328,278.362,172
2022-05-03 06:45:00,278.456,278.488,278.426,278.46,100
2022-05-03 06:44:00,278.456,278.488,278.426,278.46,335
2022-05-03 06:31:00,278.515,278.793,278.485,278.765,208
2022-05-03 06:27:00,278.947,278.979,278.917,278.951,148
2022-05-03 06:13:00,279.909,279.942,279.88,279.914,100
2022-05-03 06:04:00,279.978,280.011,279.949,279.983,124
2022-05-03 05:48:00,279.949,279.981,279.919,279.953,100
2022-05-03 05:45:00,279.438,279.471,279.408,279.442,2443
2022-05-03 05:43:00,279.409,279.441,279.379,279.413,437
2022-05-03 05:18:00,279.379,279.412,279.349,279.383,100
2022-05-03 05:15:00,279.33,279.363,279.3,279.334,100
2022-05-03 05:10:00,279.32,279.353,279.291,279.324,120
2022-05-03 05:06:00,278.947,278.979,278.917,278.951,153
2022-05-03 04:48:00,279.438,279.471,279.408,279.442,1346
2022-05-03 04:47:00,279.192,279.402,279.163,279.374,255
2022-05-03 04:42:00,279.566,279.598,279.408,279.442,848
2022-05-03 04:30:00,279.949,279.981,279.919,279.953,200
2022-05-03 04:26:00,280.243,280.276,280.214,280.248,100
2022-05-03 04:16:00,280.479,280.738,280.449,280.66,320
2022-05-03 04:15:00,280.528,280.561,280.499,280.533,100
2022-05-03 04:12:00,280.509,280.541,280.479,280.513,100
2022-05-03 04:08:00,280.97,281.003,280.577,280.935,720
2022-05-03 04:06:00,280.784,281.062,280.754,281.034,320
2022-05-03 04:04:00,280.479,280.924,280.449,280.896,203
2022-05-03 04:01:00,279.428,279.471,279.399,279.442,2600
2022-05-02 19:59:00,279.045,279.078,279.016,279.049,666
2022-05-02 19:58:00,278.456,278.704,278.426,278.676,3940
2022-05-02 19:56:00,278.633,278.665,278.191,278.224,931
2022-05-02 19:55:00,278.417,278.449,278.377,278.411,1548
2022-05-02 19:54:00,278.407,278.439,278.377,278.411,110
2022-05-02 19:52:00,278.652,278.704,278.623,278.676,564
2022-05-02 19:51:00,278.554,278.587,278.524,278.558,125
2022-05-02 19:50:00,278.554,278.587,278.524,278.558,1033
2022-05-02 19:49:00,278.662,278.695,278.623,278.657,221
2022-05-02 19:40:00,278.908,278.94,278.839,278.873,432
2022-05-02 19:39:00,279.065,279.097,279.035,279.069,420
2022-05-02 19:35:00,279.251,279.284,279.222,279.256,288
2022-05-02 19:29:00,278.947,278.979,278.917,278.951,187
2022-05-02 19:24:00,279.143,279.284,279.114,279.256,1038
2022-05-02 19:16:00,278.947,278.979,278.917,278.951,100
2022-05-02 19:14:00,278.957,279.078,278.927,279.049,399
2022-05-02 19:11:00,278.8,278.832,278.77,278.804,120
2022-05-02 19:08:00,278.613,278.645,278.583,278.617,275
2022-05-02 19:05:00,278.603,278.636,278.574,278.607,100
2022-05-02 19:04:00,278.633,278.665,278.603,278.637,200
2022-05-02 19:03:00,278.495,278.587,278.466,278.558,1925
2022-05-02 18:54:00,278.112,278.144,278.083,278.116,200
2022-05-02 18:52:00,278.495,278.557,278.466,278.529,913
2022-05-02 18:47:00,278.21,278.243,277.935,277.969,600
2022-05-02 18:46:00,278.338,278.37,278.308,278.342,320
2022-05-02 18:44:00,278.603,278.636,278.574,278.607,177
2022-05-02 18:43:00,278.21,278.243,278.132,278.165,4930
2022-05-02 18:41:00,278.21,278.243,278.181,278.215,877
2022-05-02 18:40:00,278.21,278.243,278.181,278.215,110
2022-05-02 18:32:00,278.358,278.39,278.033,278.067,1181
2022-05-02 18:31:00,278.259,278.292,278.23,278.264,225
2022-05-02 18:25:00,278.564,278.596,278.534,278.568,235
2022-05-02 18:18:00,278.888,278.921,278.858,278.892,300
2022-05-02 18:17:00,278.505,278.685,278.475,278.657,1187
2022-05-02 18:16:00,278.495,278.528,278.466,278.499,4129
2022-05-02 18:15:00,278.485,278.518,278.456,278.49,100
2022-05-02 18:14:00,278.495,278.528,278.426,278.499,5501
2022-05-02 18:13:00,278.495,278.528,278.466,278.499,2100
2022-05-02 18:12:00,278.662,278.695,278.633,278.666,300
2022-05-02 18:11:00,278.485,278.518,278.456,278.49,325
2022-05-02 18:08:00,278.505,278.537,278.466,278.499,900
2022-05-02 18:07:00,278.829,278.862,278.799,278.833,100
2022-05-02 18:06:00,278.475,278.508,278.446,278.48,110
2022-05-02 18:05:00,278.456,278.488,278.426,278.46,166
2022-05-02 18:04:00,278.652,278.685,278.623,278.657,121
2022-05-02 18:02:00,278.996,279.029,278.966,279.0,300
2022-05-02 18:00:00,278.75,278.783,278.623,278.657,3245
2022-05-02 17:52:00,278.957,278.989,278.927,278.961,100
2022-05-02 17:50:00,279.163,279.196,279.114,279.148,1905
2022-05-02 17:47:00,279.34,279.402,279.212,279.374,590
2022-05-02 17:45:00,279.261,279.294,279.232,279.266,100
2022-05-02 17:42:00,279.084,279.117,279.055,279.089,165
2022-05-02 17:40:00,278.947,278.979,278.917,278.951,571
2022-05-02 17:39:00,278.815,278.847,278.785,278.819,141
2022-05-02 17:38:00,278.957,278.989,278.927,278.961,100
2022-05-02 17:37:00,278.957,278.989,278.927,278.961,701
2022-05-02 17:34:00,279.036,279.069,279.006,279.04,100
2022-05-02 17:25:00,279.045,279.078,279.016,279.049,911
2022-05-02 17:22:00,278.96,278.992,278.93,278.964,370
2022-05-02 17:21:00,278.967,278.999,278.937,278.971,100
2022-05-02 17:17:00,279.035,279.068,279.006,279.04,100
2022-05-02 17:16:00,279.094,279.127,279.065,279.099,3350
2022-05-02 17:09:00,279.045,279.078,279.016,279.05,150
2022-05-02 17:08:00,279.192,279.225,279.163,279.197,100
2022-05-02 17:07:00,278.996,279.029,278.967,279.0,100
2022-05-02 17:06:00,279.045,279.412,279.016,279.383,510
2022-05-02 17:04:00,279.389,279.421,279.359,279.393,100
2022-05-02 17:03:00,279.389,279.421,279.359,279.393,140
2022-05-02 17:02:00,279.389,279.421,279.325,279.359,400
2022-05-02 17:01:00,279.065,279.127,278.967,279.0,3982
2022-05-02 17:00:00,279.045,279.078,279.016,279.049,1453
2022-05-02 16:59:00,278.996,279.029,278.967,279.001,432
2022-05-02 16:58:00,279.045,279.078,279.016,279.049,348
2022-05-02 16:56:00,279.045,279.087,279.016,279.059,221
2022-05-02 16:55:00,279.045,279.078,279.016,279.049,990
2022-05-02 16:54:00,279.094,279.127,279.065,279.099,1499
2022-05-02 16:52:00,279.094,279.127,279.065,279.099,1000
2022-05-02 16:51:00,279.098,279.131,279.068,279.102,100
2022-05-02 16:50:00,279.271,279.323,279.202,279.295,854
2022-05-02 16:49:00,279.094,279.127,279.035,279.099,9058
2022-05-02 16:48:00,279.094,279.127,279.065,279.099,775
2022-05-02 16:47:00,279.094,279.127,279.065,279.099,225
2022-05-02 16:46:00,279.291,279.323,279.261,279.295,300
2022-05-02 16:45:00,279.291,279.323,279.261,279.295,300
2022-05-02 16:44:00,279.291,279.451,279.261,279.413,3348
2022-05-02 16:42:00,279.409,279.441,279.065,279.187,10794
2022-05-02 16:40:00,279.143,279.176,279.114,279.148,450
2022-05-02 16:36:00,279.094,279.274,279.065,279.099,3302
2022-05-02 16:34:00,279.222,279.274,279.192,279.246,1403
2022-05-02 16:33:00,279.092,279.127,278.986,279.079,1500
2022-05-02 16:32:00,279.094,279.225,279.065,279.099,1402
2022-05-02 16:31:00,279.045,279.078,279.016,279.049,300
2022-05-02 16:29:00,278.849,278.979,278.819,278.951,376
2022-05-02 16:28:00,278.898,278.93,278.868,278.902,228
2022-05-02 16:25:00,278.849,278.881,278.77,278.804,722
2022-05-02 16:24:00,279.114,279.441,279.084,279.413,4224
2022-05-02 16:23:00,278.937,278.979,278.907,278.944,2824
2022-05-02 16:22:00,278.947,279.441,278.691,279.413,7217
2022-05-02 16:21:00,278.888,278.979,278.858,278.949,3715
2022-05-02 16:20:00,278.957,278.989,278.672,278.706,10396
2022-05-02 16:19:00,279.242,279.274,278.927,278.961,3266
2022-05-02 16:18:00,279.291,279.323,279.261,279.295,212
2022-05-02 16:17:00,279.084,279.323,279.055,279.295,1254
2022-05-02 16:16:00,279.222,279.441,279.192,279.413,4703
2022-05-02 16:15:00,279.143,279.441,278.917,279.413,8457
2022-05-02 16:14:00,279.409,279.471,279.114,279.148,15739
2022-05-02 16:13:00,279.467,279.579,279.261,279.295,6877
2022-05-02 16:12:00,279.143,279.608,279.114,279.58,580
2022-05-02 16:11:00,279.409,279.628,279.379,279.58,69918
2022-05-02 16:10:00,279.576,279.608,279.507,279.57,624
2022-05-02 16:09:00,279.458,279.569,279.428,279.541,300
2022-05-02 16:08:00,279.409,279.579,279.379,279.55,11041
2022-05-02 16:07:00,279.497,279.618,279.359,279.413,9673
2022-05-02 16:06:00,279.409,279.559,279.369,279.531,925
2022-05-02 16:05:00,279.477,279.569,279.379,279.413,1105
2022-05-02 16:04:00,279.458,279.539,278.75,279.315,6369
2022-05-02 16:03:00,279.409,279.441,279.31,279.413,427068
2022-05-02 16:02:00,279.409,279.471,279.261,279.442,13302
2022-05-02 16:01:00,279.31,279.52,279.271,279.413,3019
2022-05-02 16:00:00,279.409,279.539,279.261,279.511,3158822
2022-05-02 15:59:00,279.585,279.795,279.173,279.541,650948
2022-05-02 15:58:00,279.409,279.765,279.32,279.56,250990
2022-05-02 15:57:00,279.438,279.51,279.251,279.403,167656
2022-05-02 15:56:00,279.703,279.775,279.34,279.48,180636
2022-05-02 15:55:00,279.438,279.903,279.006,279.717,174526
2022-05-02 15:54:00,279.291,279.608,279.114,279.467,137027
2022-05-02 15:53:00,279.212,279.471,278.996,279.324,110934
2022-05-02 15:52:00,279.143,279.353,278.839,279.246,106171
2022-05-02 15:51:00,278.534,279.264,278.485,279.128,113949
2022-05-02 15:50:00,278.23,279.029,278.2,278.509,151344
2022-05-02 15:49:00,277.788,278.39,277.67,278.313,55686
2022-05-02 15:48:00,278.279,278.341,277.611,277.841,58175
2022-05-02 15:47:00,278.181,278.39,278.004,278.273,58622
2022-05-02 15:46:00,277.621,278.302,277.346,278.136,91207
2022-05-02 15:45:00,277.169,277.663,276.884,277.615,87590
2022-05-02 15:44:00,277.778,277.82,277.147,277.183,77367
2022-05-02 15:43:00,278.505,278.675,277.709,277.851,77148
2022-05-02 15:42:00,278.544,278.754,278.373,278.578,52946
2022-05-02 15:41:00,278.338,278.862,278.279,278.588,58507
2022-05-02 15:40:00,278.426,278.704,278.161,278.313,63313
2022-05-02 15:39:00,278.512,278.619,277.984,278.283,41916
2022-05-02 15:38:00,278.102,278.654,278.073,278.499,53104
2022-05-02 15:37:00,278.515,278.822,278.033,278.126,59835
2022-05-02 15:36:00,278.957,279.25,278.466,278.499,85306
2022-05-02 15:35:00,279.212,279.421,278.898,278.961,70405
2022-05-02 15:34:00,279.163,279.333,279.03,279.207,58389
2022-05-02 15:33:00,279.281,279.471,278.721,279.157,67502
2022-05-02 15:32:00,279.07,279.323,278.613,279.266,77968
2022-05-02 15:31:00,278.593,279.166,278.564,279.03,90285
2022-05-02 15:30:00,277.582,278.783,277.552,278.578,106091
2022-05-02 15:29:00,277.758,277.791,277.199,277.601,53271
2022-05-02 15:28:00,278.112,278.282,277.719,277.792,74556
2022-05-02 15:27:00,277.886,278.257,277.778,278.082,59964
2022-05-02 15:26:00,278.063,278.243,277.611,277.871,92850
2022-05-02 15:25:00,278.043,278.115,277.631,278.062,65914
2022-05-02 15:24:00,277.739,278.233,277.523,278.057,98048
2022-05-02 15:23:00,277.582,277.85,277.523,277.773,42938
2022-05-02 15:22:00,277.434,277.82,277.346,277.586,64531
2022-05-02 15:21:00,277.228,277.614,277.15,277.434,83197
2022-05-02 15:20:00,276.82,277.314,276.791,277.262,57999
2022-05-02 15:19:00,276.776,277.155,276.521,276.786,71363
2022-05-02 15:18:00,276.315,276.906,276.217,276.774,52527
2022-05-02 15:17:00,276.226,276.435,276.177,276.319,50778
2022-05-02 15:16:00,276.924,277.074,276.148,276.211,89770
2022-05-02 15:15:00,276.629,276.956,276.433,276.918,64959
2022-05-02 15:14:00,276.462,276.72,276.295,276.692,80549
2022-05-02 15:13:00,276.0,276.553,275.971,276.476,60165
2022-05-02 15:12:00,275.725,276.072,275.573,276.044,56232
2022-05-02 15:11:00,275.264,275.807,275.136,275.72,60065
2022-05-02 15:10:00,274.743,275.404,274.68,275.199,61563
2022-05-02 15:09:00,274.026,275.158,273.948,274.787,84161
2022-05-02 15:08:00,274.085,274.117,273.584,274.03,37596
2022-05-02 15:07:00,274.129,274.441,274.036,274.089,34072
2022-05-02 15:06:00,274.335,274.431,273.977,274.127,27174
2022-05-02 15:05:00,274.193,274.579,274.066,274.364,56445
2022-05-02 15:04:00,273.722,274.52,273.663,274.158,49688
2022-05-02 15:03:00,273.309,274.078,273.221,273.795,43994
2022-05-02 15:02:00,273.555,273.655,273.084,273.303,38086
2022-05-02 15:01:00,273.628,273.871,273.364,273.628,54733
2022-05-02 15:00:00,273.338,273.763,273.211,273.652,45340
2022-05-02 14:59:00,273.088,273.38,272.936,273.343,48205
2022-05-02 14:58:00,273.181,273.38,273.025,273.141,42688
2022-05-02 14:57:00,273.476,273.532,273.113,273.181,23221
2022-05-02 14:56:00,273.849,273.95,273.359,273.48,41522
2022-05-02 14:55:00,274.036,274.235,273.801,273.853,40499
2022-05-02 14:54:00,274.37,274.421,273.997,274.079,43027
2022-05-02 14:53:00,274.065,274.608,273.81,274.354,55893
2022-05-02 14:52:00,273.731,274.078,273.535,274.05,29998
2022-05-02 14:51:00,273.623,273.812,273.391,273.755,33946
2022-05-02 14:50:00,273.839,273.97,273.526,273.628,51620
2022-05-02 14:49:00,273.643,273.94,273.614,273.873,38634
2022-05-02 14:48:00,273.722,273.852,273.565,273.647,22585
2022-05-02 14:47:00,273.545,273.832,273.506,273.775,23570
2022-05-02 14:46:00,273.839,273.939,273.476,273.578,22412
2022-05-02 14:45:00,272.955,273.94,272.887,273.834,49130
2022-05-02 14:44:00,272.543,272.928,272.455,272.842,52979
2022-05-02 14:43:00,272.906,272.948,272.494,272.582,40677
2022-05-02 14:42:00,273.348,273.498,272.877,272.945,31051
2022-05-02 14:41:00,273.27,273.408,273.152,273.362,18622
2022-05-02 14:40:00,273.162,273.478,273.005,273.313,32102
2022-05-02 14:39:00,273.407,273.547,273.015,273.186,32755
2022-05-02 14:38:00,273.142,273.616,273.025,273.431,39370
2022-05-02 14:37:00,273.108,273.38,272.99,273.186,44330
2022-05-02 14:36:00,273.221,273.311,273.025,273.117,21717
2022-05-02 14:35:00,273.672,273.744,273.206,273.254,32305
2022-05-02 14:34:00,273.604,273.92,273.516,273.628,40275
2022-05-02 14:33:00,273.456,273.96,273.388,273.637,58768
2022-05-02 14:32:00,273.525,273.743,273.437,273.51,32505
2022-05-02 14:31:00,273.26,273.577,273.182,273.539,42725
2022-05-02 14:30:00,273.172,273.39,273.025,273.284,65654
2022-05-02 14:29:00,273.191,273.351,273.123,273.186,56712
2022-05-02 14:28:00,273.456,273.488,273.074,273.186,52829
2022-05-02 14:27:00,273.326,273.547,273.201,273.441,45244
2022-05-02 14:26:00,273.348,273.498,273.241,273.313,33796
2022-05-02 14:25:00,273.79,273.852,273.3,273.353,29939
2022-05-02 14:24:00,273.81,274.038,273.693,273.785,33383
2022-05-02 14:23:00,273.545,273.989,273.476,273.824,44063
2022-05-02 14:22:00,273.687,274.038,273.501,273.559,44042
2022-05-02 14:21:00,273.329,273.734,273.3,273.706,41670
2022-05-02 14:20:00,273.245,273.41,273.182,273.353,40118
2022-05-02 14:19:00,273.191,273.297,273.074,273.245,31655
2022-05-02 14:18:00,273.289,273.38,273.074,273.215,25363
2022-05-02 14:17:00,273.343,273.449,273.152,273.313,26348
2022-05-02 14:16:00,273.397,273.518,273.133,273.323,46922
2022-05-02 14:15:00,273.525,273.636,273.26,273.323,37796
2022-05-02 14:14:00,273.643,273.704,273.447,273.578,31294
2022-05-02 14:13:00,274.016,274.063,273.516,273.637,32980
2022-05-02 14:12:00,274.35,274.392,273.85,274.011,43039
2022-05-02 14:11:00,274.507,274.598,274.272,274.374,17586
2022-05-02 14:10:00,274.301,274.598,274.272,274.508,15751
2022-05-02 14:09:00,274.547,274.579,274.272,274.35,28367
2022-05-02 14:08:00,274.851,274.903,274.449,274.6,30915
2022-05-02 14:07:00,275.057,275.252,274.842,274.885,26404
2022-05-02 14:06:00,274.782,275.099,274.655,275.071,41148
2022-05-02 14:05:00,274.969,275.031,274.517,274.728,17625
2022-05-02 14:04:00,274.743,275.001,274.439,274.973,23471
2022-05-02 14:03:00,274.753,274.873,274.596,274.796,23778
2022-05-02 14:02:00,274.183,274.844,274.154,274.728,37726
2022-05-02 14:01:00,274.213,274.333,274.085,274.158,25361
2022-05-02 14:00:00,274.38,274.451,274.076,274.187,33486
2022-05-02 13:59:00,274.065,274.48,274.036,274.394,18812
2022-05-02 13:58:00,274.213,274.304,273.987,274.07,29155
2022-05-02 13:57:00,274.085,274.313,273.933,274.207,29978
2022-05-02 13:56:00,274.478,274.51,274.056,274.089,25278
2022-05-02 13:55:00,273.938,274.539,273.81,274.474,55051
2022-05-02 13:54:00,273.82,274.009,273.732,273.891,18309
2022-05-02 13:53:00,273.898,273.94,273.693,273.883,13063
2022-05-02 13:52:00,273.849,274.048,273.791,273.873,25318
2022-05-02 13:51:00,273.987,274.029,273.653,273.883,23089
2022-05-02 13:50:00,273.83,274.137,273.668,273.991,61110
2022-05-02 13:49:00,274.134,274.291,273.801,273.834,27291
2022-05-02 13:48:00,274.213,274.451,273.916,274.138,49260
2022-05-02 13:47:00,274.095,274.382,274.007,274.227,56635
2022-05-02 13:46:00,274.35,274.392,274.095,274.13,33298
2022-05-02 13:45:00,274.576,274.755,274.272,274.394,40971
2022-05-02 13:44:00,275.067,275.158,274.532,274.566,37522
2022-05-02 13:43:00,274.969,275.104,274.832,275.062,15734
2022-05-02 13:42:00,275.116,275.237,274.901,275.032,15080
2022-05-02 13:41:00,275.185,275.315,275.077,275.135,14700
2022-05-02 13:40:00,274.969,275.276,274.901,275.179,27003
2022-05-02 13:39:00,275.087,275.158,274.753,274.973,34378
2022-05-02 13:38:00,275.254,275.296,275.009,275.101,20667
2022-05-02 13:37:00,275.106,275.325,275.066,275.297,21863
2022-05-02 13:36:00,274.772,275.207,274.635,275.13,36972
2022-05-02 13:35:00,274.694,275.003,274.557,274.757,33140
2022-05-02 13:34:00,274.763,274.937,274.635,274.745,57424
2022-05-02 13:33:00,275.077,275.109,274.714,274.816,69352
2022-05-02 13:32:00,275.185,275.278,274.93,275.062,22267
2022-05-02 13:31:00,275.342,275.748,275.126,275.189,25445
2022-05-02 13:30:00,275.057,275.35,274.812,275.284,31284
2022-05-02 13:29:00,274.841,275.109,274.704,275.062,32694
2022-05-02 13:28:00,275.146,275.325,274.755,274.88,25982
2022-05-02 13:27:00,275.411,275.512,274.989,275.101,25300
2022-05-02 13:26:00,275.283,275.561,275.166,275.386,18038
2022-05-02 13:25:00,275.008,275.551,274.861,275.297,29415
2022-05-02 13:24:00,275.195,275.33,274.871,274.963,20869
2022-05-02 13:23:00,275.16,275.473,275.082,275.253,40979
2022-05-02 13:22:00,274.861,275.207,274.793,275.14,33839
2022-05-02 13:21:00,274.998,275.178,274.655,274.875,51857
2022-05-02 13:20:00,274.856,275.021,274.675,274.993,29652
2022-05-02 13:19:00,274.838,274.981,274.729,274.85,13767
2022-05-02 13:18:00,274.753,274.981,274.645,274.766,20078
2022-05-02 13:17:00,274.782,274.922,274.655,274.787,24193
2022-05-02 13:16:00,275.028,275.119,274.753,274.787,21720
2022-05-02 13:15:00,275.116,275.296,274.959,275.081,21058
2022-05-02 13:14:00,274.93,275.247,274.684,275.121,26827
2022-05-02 13:13:00,274.998,275.119,274.792,275.012,27125
2022-05-02 13:12:00,275.293,275.423,274.95,275.032,29639
2022-05-02 13:11:00,275.745,275.807,275.274,275.307,36217
2022-05-02 13:10:00,275.244,275.797,274.99,275.7,31308
2022-05-02 13:09:00,275.165,275.463,274.842,275.268,41843
2022-05-02 13:08:00,274.812,275.62,274.684,275.179,67459
2022-05-02 13:07:00,274.478,275.089,274.419,274.855,39820
2022-05-02 13:06:00,274.507,274.608,274.311,274.462,36421
2022-05-02 13:05:00,274.507,274.805,274.39,274.556,25913
2022-05-02 13:04:00,274.499,274.657,274.321,274.507,60321
2022-05-02 13:03:00,274.92,275.001,274.498,274.531,45814
2022-05-02 13:02:00,275.156,275.276,274.92,275.022,51729
2022-05-02 13:01:00,275.057,275.315,274.851,275.179,38182
2022-05-02 13:00:00,275.303,275.423,274.94,275.081,45462
2022-05-02 12:59:00,275.598,275.63,275.097,275.263,69850
2022-05-02 12:58:00,275.725,275.826,275.382,275.607,107757
2022-05-02 12:57:00,275.961,276.052,275.627,275.71,30352
2022-05-02 12:56:00,275.971,276.229,275.804,275.985,47509
2022-05-02 12:55:00,275.951,276.032,275.401,275.975,68181
2022-05-02 12:54:00,275.912,276.003,275.529,275.975,63200
2022-05-02 12:53:00,275.882,276.101,275.765,275.926,50563
2022-05-02 12:52:00,275.932,276.013,275.667,275.887,47074
2022-05-02 12:51:00,276.02,276.131,275.824,275.955,32972
2022-05-02 12:50:00,275.892,276.032,275.637,276.005,39626
2022-05-02 12:49:00,275.882,276.121,275.755,275.916,36139
2022-05-02 12:48:00,275.99,276.121,275.794,275.906,24165
2022-05-02 12:47:00,276.064,276.096,275.765,275.985,33289
2022-05-02 12:46:00,275.647,276.087,275.524,276.034,33629
2022-05-02 12:45:00,275.715,275.905,275.46,275.651,30382
2022-05-02 12:44:00,275.863,276.003,275.627,275.73,26702
2022-05-02 12:43:00,275.735,275.954,275.568,275.877,28955
2022-05-02 12:42:00,275.519,275.836,275.49,275.744,38780
2022-05-02 12:41:00,275.912,275.983,275.411,275.553,48992
2022-05-02 12:40:00,275.725,275.993,275.598,275.882,25939
2022-05-02 12:39:00,276.246,276.308,275.578,275.71,35247
2022-05-02 12:38:00,276.324,276.406,276.05,276.28,33470
2022-05-02 12:37:00,276.251,276.337,276.01,276.26,36238
2022-05-02 12:36:00,276.138,276.416,275.824,276.28,45587
2022-05-02 12:35:00,276.54,276.848,275.784,276.162,61702
2022-05-02 12:34:00,276.403,276.568,276.295,276.515,19918
2022-05-02 12:33:00,276.289,276.574,276.177,276.412,31782
2022-05-02 12:32:00,275.922,276.494,275.814,276.289,29073
2022-05-02 12:31:00,276.349,276.401,275.814,275.916,40182
2022-05-02 12:30:00,276.452,276.524,276.202,276.348,39767
2022-05-02 12:29:00,276.015,276.475,275.986,276.427,31049
2022-05-02 12:28:00,276.059,276.128,275.775,276.054,39558
2022-05-02 12:27:00,276.108,276.239,275.725,276.073,51560
2022-05-02 12:26:00,276.246,276.386,276.0,276.093,40825
2022-05-02 12:25:00,276.413,276.573,276.069,276.23,31058
2022-05-02 12:24:00,276.825,276.887,276.315,276.456,57583
2022-05-02 12:23:00,276.845,277.093,276.796,276.874,30416
2022-05-02 12:22:00,276.953,277.064,276.816,276.869,24177
2022-05-02 12:21:00,277.041,277.309,276.845,276.893,66338
2022-05-02 12:20:00,276.56,277.133,276.413,277.026,76547
2022-05-02 12:19:00,276.403,276.651,276.187,276.555,57496
2022-05-02 12:18:00,275.794,276.441,275.716,276.413,59109
2022-05-02 12:17:00,275.657,275.875,275.568,275.759,25010
2022-05-02 12:16:00,275.657,276.003,275.539,275.671,27735
2022-05-02 12:15:00,275.588,275.915,275.47,275.739,70727
2022-05-02 12:14:00,275.244,275.787,275.156,275.651,28801
2022-05-02 12:13:00,275.588,275.62,275.176,275.278,41040
2022-05-02 12:12:00,275.647,275.905,275.45,275.592,23413
2022-05-02 12:11:00,275.892,275.983,275.605,275.651,24269
2022-05-02 12:10:00,275.701,276.057,275.588,275.887,46155
2022-05-02 12:09:00,275.342,275.807,275.205,275.759,32633
2022-05-02 12:08:00,274.959,275.816,274.881,275.425,55158
2022-05-02 12:07:00,275.146,275.198,274.891,274.963,34047
2022-05-02 12:06:00,275.067,275.227,274.959,275.121,32839
2022-05-02 12:05:00,275.401,275.551,275.009,275.091,46837
2022-05-02 12:04:00,275.062,275.502,274.684,275.415,103585
2022-05-02 12:03:00,275.823,275.865,274.989,275.052,91143
2022-05-02 12:02:00,275.873,276.091,275.755,275.847,49705
2022-05-02 12:01:00,276.167,276.288,275.608,275.897,61887
2022-05-02 12:00:00,275.765,276.445,275.647,276.211,75167
2022-05-02 11:59:00,275.411,275.846,275.244,275.818,44301
2022-05-02 11:58:00,275.432,275.561,274.989,275.415,30428
2022-05-02 11:57:00,275.224,275.797,275.195,275.474,37830
2022-05-02 11:56:00,275.065,275.443,274.714,275.238,43533
2022-05-02 11:55:00,274.63,275.256,274.517,275.081,51145
2022-05-02 11:54:00,274.331,274.746,274.134,274.613,23752
2022-05-02 11:53:00,274.448,274.647,274.115,274.374,30161
2022-05-02 11:52:00,274.031,274.765,273.958,274.472,22300
2022-05-02 11:51:00,274.193,274.382,273.977,274.109,11300
2022-05-02 11:50:00,274.026,274.48,273.899,274.227,24559
2022-05-02 11:49:00,274.331,274.402,273.948,274.05,26969
2022-05-02 11:48:00,274.183,274.357,273.977,274.266,23122
2022-05-02 11:47:00,274.36,274.893,274.164,274.197,24856
2022-05-02 11:46:00,274.065,274.451,273.972,274.423,16724
2022-05-02 11:45:00,274.075,274.323,273.869,274.089,49785
2022-05-02 11:44:00,274.738,274.913,273.948,274.03,37359
2022-05-02 11:43:00,273.692,274.873,273.604,274.752,50408
2022-05-02 11:42:00,274.026,274.127,273.614,273.726,38848
2022-05-02 11:41:00,274.114,274.461,273.987,274.07,28683
2022-05-02 11:40:00,274.065,274.245,273.938,274.148,26057
2022-05-02 11:39:00,274.237,274.274,273.82,274.129,59189
2022-05-02 11:38:00,274.743,274.927,274.233,274.296,57884
2022-05-02 11:37:00,275.008,275.095,274.703,274.796,27404
2022-05-02 11:36:00,274.718,275.237,274.616,274.983,30001
2022-05-02 11:35:00,274.635,274.844,274.439,274.585,26354
2022-05-02 11:34:00,274.478,274.932,274.302,274.58,65632
2022-05-02 11:33:00,273.83,274.549,273.742,274.464,80672
2022-05-02 11:32:00,273.476,273.979,273.349,273.883,40468
2022-05-02 11:31:00,273.515,273.665,273.241,273.51,31863
2022-05-02 11:30:00,273.599,273.97,273.368,273.549,24863
2022-05-02 11:29:00,273.388,273.626,273.1,273.598,31125
2022-05-02 11:28:00,272.828,273.567,272.779,273.392,25061
2022-05-02 11:27:00,273.417,273.449,272.779,272.832,59479
2022-05-02 11:26:00,273.633,273.901,273.29,273.461,39334
2022-05-02 11:25:00,273.439,273.724,272.926,273.696,39970
2022-05-02 11:24:00,273.476,273.537,273.26,273.421,19360
2022-05-02 11:23:00,273.525,273.641,273.201,273.5,21617
2022-05-02 11:22:00,273.614,273.645,273.319,273.549,21322
2022-05-02 11:21:00,273.23,273.655,273.025,273.627,29354
2022-05-02 11:20:00,273.299,273.331,273.015,273.225,28946
2022-05-02 11:19:00,273.28,273.577,273.171,273.318,27236
2022-05-02 11:18:00,273.221,273.449,273.084,273.282,25941
2022-05-02 11:17:00,273.938,273.97,273.025,273.209,62278
2022-05-02 11:16:00,274.527,274.559,273.84,273.962,41445
2022-05-02 11:15:00,275.293,275.335,274.508,274.541,26047
2022-05-02 11:14:00,275.215,275.374,274.959,275.346,15593
2022-05-02 11:13:00,275.048,275.531,274.891,275.16,49240
2022-05-02 11:12:00,274.733,275.129,274.704,275.081,49310
2022-05-02 11:11:00,274.635,274.785,274.37,274.688,27052
2022-05-02 11:10:00,274.881,274.962,274.537,274.61,22926
2022-05-02 11:09:00,274.773,274.922,274.586,274.796,17722
2022-05-02 11:08:00,274.866,275.04,274.593,274.718,24576
2022-05-02 11:07:00,275.205,275.306,274.763,274.865,36967
2022-05-02 11:06:00,274.664,275.522,274.537,275.229,78404
2022-05-02 11:05:00,274.478,274.854,274.311,274.669,31156
2022-05-02 11:04:00,274.635,274.814,274.36,274.512,45919
2022-05-02 11:03:00,275.018,275.129,274.446,274.659,51878
2022-05-02 11:02:00,274.989,275.197,274.832,275.013,45135
2022-05-02 11:01:00,274.841,275.055,274.783,275.023,58165
2022-05-02 11:00:00,274.998,275.139,274.67,274.836,69088
2022-05-02 10:59:00,275.156,275.335,274.781,275.003,50788
2022-05-02 10:58:00,275.087,275.433,274.945,275.189,42287
2022-05-02 10:57:00,275.215,275.247,274.645,275.071,59134
2022-05-02 10:56:00,275.745,276.072,275.156,275.204,54716
2022-05-02 10:55:00,275.106,275.708,274.763,275.671,46570
2022-05-02 10:54:00,275.332,275.64,275.097,275.13,58375
2022-05-02 10:53:00,275.411,275.738,275.254,275.327,39200
2022-05-02 10:52:00,275.823,275.901,275.392,275.425,46679
2022-05-02 10:51:00,275.774,275.875,275.293,275.769,55757
2022-05-02 10:50:00,275.882,275.983,275.509,275.803,42301
2022-05-02 10:49:00,275.892,275.983,275.647,275.847,67554
2022-05-02 10:48:00,276.069,276.141,275.735,275.916,39541
2022-05-02 10:47:00,276.315,276.347,275.716,276.024,38617
2022-05-02 10:46:00,276.364,276.514,276.059,276.309,60089
2022-05-02 10:45:00,276.089,276.425,275.883,276.397,48793
2022-05-02 10:44:00,276.747,276.818,275.883,276.142,65814
2022-05-02 10:43:00,277.11,277.408,276.737,276.781,44906
2022-05-02 10:42:00,276.707,277.422,276.551,277.134,50814
2022-05-02 10:41:00,276.649,276.917,276.339,276.672,36223
2022-05-02 10:40:00,276.806,276.903,276.295,276.633,33276
2022-05-02 10:39:00,276.501,276.926,276.383,276.781,48029
2022-05-02 10:38:00,276.634,276.892,276.442,276.555,46645
2022-05-02 10:37:00,276.305,276.907,276.226,276.624,57587
2022-05-02 10:36:00,276.275,276.71,276.059,276.299,50011
2022-05-02 10:35:00,276.835,277.182,276.187,276.319,64833
2022-05-02 10:34:00,277.336,277.393,276.776,276.81,75963
2022-05-02 10:33:00,276.874,277.339,276.816,277.311,107855
2022-05-02 10:32:00,276.649,277.074,276.55,276.889,53023
2022-05-02 10:31:00,276.707,277.496,276.55,276.61,127919
2022-05-02 10:30:00,276.0,276.761,275.902,276.692,51939
2022-05-02 10:29:00,275.868,276.327,275.794,275.98,70173
2022-05-02 10:28:00,275.765,276.091,275.38,275.897,45444
2022-05-02 10:27:00,276.192,276.249,275.549,275.754,71676
2022-05-02 10:26:00,275.607,276.789,275.519,276.172,106034
2022-05-02 10:25:00,275.197,275.728,274.861,275.572,65181
2022-05-02 10:24:00,274.512,275.59,273.889,275.189,109419
2022-05-02 10:23:00,274.065,274.642,273.938,274.448,65906
2022-05-02 10:22:00,274.399,274.598,273.634,274.089,43847
2022-05-02 10:21:00,273.957,274.765,273.742,274.246,70804
2022-05-02 10:20:00,274.262,274.51,273.938,273.971,51014
2022-05-02 10:19:00,274.006,274.697,273.859,274.335,68652
2022-05-02 10:18:00,273.25,274.628,273.044,273.937,88353
2022-05-02 10:17:00,272.72,273.41,272.524,273.176,55632
2022-05-02 10:16:00,272.72,273.144,272.455,272.67,62019
2022-05-02 10:15:00,272.346,272.889,272.092,272.753,70771
2022-05-02 10:14:00,272.307,272.771,272.151,272.361,55860
2022-05-02 10:13:00,272.405,272.653,272.16,272.331,77419
2022-05-02 10:12:00,273.309,273.626,272.363,272.409,78932
2022-05-02 10:11:00,273.17,273.675,272.946,273.264,76103
2022-05-02 10:10:00,273.172,273.331,272.926,273.235,52411
2022-05-02 10:09:00,273.319,273.596,273.005,273.323,45196
2022-05-02 10:08:00,273.28,273.645,273.133,273.333,46505
2022-05-02 10:07:00,273.28,273.528,272.976,273.274,58299
2022-05-02 10:06:00,274.198,274.304,273.074,273.166,77713
2022-05-02 10:05:00,274.91,275.119,274.134,274.168,75556
2022-05-02 10:04:00,274.419,275.134,274.144,274.934,48979
2022-05-02 10:03:00,274.655,275.148,274.203,274.413,51824
2022-05-02 10:02:00,274.473,275.089,273.938,274.679,74570
2022-05-02 10:01:00,274.9,275.07,274.184,274.512,62888
2022-05-02 10:00:00,274.782,275.237,273.82,274.826,113442
2022-05-02 09:59:00,275.146,275.345,274.665,274.816,62367
2022-05-02 09:58:00,275.048,275.364,274.763,275.209,76151
2022-05-02 09:57:00,274.949,275.541,274.724,275.052,162240
2022-05-02 09:56:00,274.114,275.031,274.017,275.003,124349
2022-05-02 09:55:00,273.859,274.205,273.123,274.119,87108
2022-05-02 09:54:00,273.879,274.068,273.516,274.001,46149
2022-05-02 09:53:00,273.918,274.281,273.368,273.981,62487
2022-05-02 09:52:00,273.574,274.176,273.3,273.932,57133
2022-05-02 09:51:00,272.739,273.665,272.632,273.578,90707
2022-05-02 09:50:00,273.152,273.734,272.563,272.783,79270
2022-05-02 09:49:00,274.34,274.549,273.005,273.156,96676
2022-05-02 09:48:00,273.378,274.873,273.349,274.423,81087
2022-05-02 09:47:00,273.338,273.714,273.044,273.431,76791
2022-05-02 09:46:00,273.358,273.94,273.211,273.402,64380
2022-05-02 09:45:00,273.712,273.822,273.152,273.372,77588
2022-05-02 09:44:00,274.144,274.431,273.712,273.755,96137
2022-05-02 09:43:00,273.52,274.245,273.467,274.178,127718
2022-05-02 09:42:00,272.798,273.542,272.426,273.5,123118
2022-05-02 09:41:00,271.777,272.86,271.738,272.803,92322
2022-05-02 09:40:00,272.533,272.604,271.561,271.791,90522
2022-05-02 09:39:00,272.062,272.948,271.954,272.518,107868
2022-05-02 09:38:00,272.008,272.142,271.315,272.076,115682
2022-05-02 09:37:00,271.502,272.211,271.335,272.076,64071
2022-05-02 09:36:00,272.022,272.054,271.277,271.614,73299
2022-05-02 09:35:00,272.396,272.702,271.709,272.135,117393
2022-05-02 09:34:00,272.887,273.272,272.239,272.4,80400
2022-05-02 09:33:00,273.731,273.862,272.872,272.906,65636
2022-05-02 09:32:00,272.965,273.901,272.593,273.672,62047
2022-05-02 09:31:00,273.378,273.655,272.691,272.969,59149
2022-05-02 09:30:00,272.73,273.96,272.691,273.357,449567
2022-05-02 09:29:00,273.034,273.086,272.71,272.744,3484
2022-05-02 09:28:00,273.28,273.311,272.995,273.028,2592
2022-05-02 09:27:00,273.348,273.478,273.084,273.451,2071
2022-05-02 09:24:00,273.23,273.292,273.201,273.264,200
2022-05-02 09:23:00,272.926,272.958,272.897,272.93,208
2022-05-02 09:22:00,272.916,272.948,272.887,272.92,100
2022-05-02 09:21:00,273.348,273.38,272.858,272.891,4216
2022-05-02 09:20:00,273.054,273.086,273.025,273.058,291
2022-05-02 09:19:00,273.054,273.086,273.015,273.058,3243
2022-05-02 09:18:00,272.72,273.086,272.691,273.058,663
2022-05-02 09:17:00,272.464,272.818,272.435,272.791,697
2022-05-02 09:16:00,272.621,272.653,272.593,272.626,200
2022-05-02 09:15:00,272.936,273.086,272.907,272.96,1863
2022-05-02 09:14:00,272.664,273.007,272.635,272.94,4184
2022-05-02 09:13:00,272.955,273.007,272.907,272.979,1495
2022-05-02 09:12:00,272.759,273.086,272.72,273.019,2780
2022-05-02 09:11:00,272.366,272.771,272.337,272.744,793
2022-05-02 09:10:00,272.396,272.427,272.337,272.39,985
2022-05-02 09:08:00,272.68,272.712,272.553,272.586,744
2022-05-02 09:07:00,272.828,272.86,272.799,272.832,594
2022-05-02 09:06:00,272.376,272.614,272.347,272.586,464
2022-05-02 09:05:00,272.405,272.457,272.377,272.429,1300
2022-05-02 09:04:00,272.543,272.575,272.514,272.547,100
2022-05-02 09:03:00,272.071,272.319,271.944,272.292,1260
2022-05-02 09:02:00,271.787,272.103,271.748,271.889,2979
2022-05-02 09:01:00,271.787,271.818,271.758,271.791,3500
2022-05-02 09:00:00,271.667,271.7,271.63,271.673,1200
2022-05-02 08:58:00,271.315,271.347,271.286,271.319,100
2022-05-02 08:56:00,271.256,271.288,271.227,271.26,300
2022-05-02 08:55:00,271.461,271.492,271.432,271.465,200
2022-05-02 08:54:00,271.58,271.71,271.552,271.683,3304
2022-05-02 08:53:00,271.453,271.484,271.424,271.457,100
2022-05-02 08:52:00,271.335,271.366,271.306,271.339,196
2022-05-02 08:51:00,271.188,271.219,271.159,271.192,900
2022-05-02 08:50:00,271.089,271.121,271.06,271.093,100
2022-05-02 08:49:00,271.197,271.229,271.06,271.123,651
2022-05-02 08:48:00,271.443,271.475,271.257,271.29,400
2022-05-02 08:47:00,271.799,271.907,271.77,271.879,200
2022-05-02 08:42:00,271.885,271.917,271.856,271.889,1090
2022-05-02 08:40:00,271.571,271.917,271.542,271.889,834
2022-05-02 08:39:00,271.576,271.681,271.512,271.653,1040
2022-05-02 08:38:00,271.286,271.317,271.257,271.29,100
2022-05-02 08:35:00,271.59,271.622,271.561,271.594,400
2022-05-02 08:34:00,271.846,271.907,271.552,271.585,1738
2022-05-02 08:33:00,271.855,271.906,271.66,271.879,1971
2022-05-02 08:32:00,271.865,271.897,271.719,271.752,400
2022-05-02 08:31:00,271.875,271.907,271.846,271.879,200
2022-05-02 08:30:00,271.747,271.877,271.719,271.85,1711
2022-05-02 08:29:00,271.474,271.543,271.445,271.516,300
2022-05-02 08:28:00,271.508,271.539,271.257,271.319,1000
2022-05-02 08:26:00,271.094,271.16,271.06,271.093,849
2022-05-02 08:25:00,271.394,271.425,271.075,271.108,540
2022-05-02 08:21:00,271.286,271.501,271.257,271.473,1700
2022-05-02 08:20:00,270.795,271.082,270.668,271.005,3330
2022-05-02 08:19:00,270.667,270.698,270.628,270.661,655
2022-05-02 08:17:00,270.942,270.974,270.913,270.946,105
2022-05-02 08:16:00,270.637,270.669,270.609,270.642,100
2022-05-02 08:14:00,270.863,270.895,270.55,270.583,400
2022-05-02 08:13:00,270.893,270.924,270.864,270.897,100
2022-05-02 08:11:00,270.863,270.905,270.835,270.877,400
2022-05-02 08:10:00,270.942,270.974,270.835,270.868,942
2022-05-02 08:09:00,271.07,271.101,270.933,270.966,316
2022-05-02 08:08:00,270.918,270.95,270.89,270.923,100
2022-05-02 08:06:00,270.628,270.659,270.599,270.632,522
2022-05-02 08:05:00,271.099,271.131,270.506,270.539,1108
2022-05-02 08:04:00,270.647,271.131,270.619,271.103,1808
2022-05-02 08:03:00,270.912,270.944,270.589,270.622,1603
2022-05-02 08:02:00,271.089,271.121,271.06,271.093,1100
2022-05-02 08:01:00,271.089,271.121,270.913,270.946,450
2022-05-02 08:00:00,273.298,273.717,270.864,273.058,15881
2022-05-02 07:58:00,271.089,271.121,271.06,271.093,300
2022-05-02 07:57:00,270.893,270.934,270.864,270.907,581
2022-05-02 07:56:00,271.315,271.347,271.06,271.093,5039
2022-05-02 07:55:00,271.58,271.612,271.286,271.319,1104
2022-05-02 07:54:00,271.757,271.789,271.561,271.594,1219
2022-05-02 07:53:00,271.836,271.867,271.748,271.781,200
2022-05-02 07:51:00,272.022,272.054,271.993,272.027,200
2022-05-02 07:50:00,271.875,272.084,271.846,272.056,613
2022-05-02 07:49:00,271.875,271.907,271.846,271.879,206
2022-05-02 07:47:00,272.022,272.054,271.876,271.909,404
2022-05-02 07:45:00,272.091,272.123,272.043,272.076,522
2022-05-02 07:43:00,272.229,272.27,272.2,272.243,337
2022-05-02 07:42:00,272.219,272.251,272.18,272.213,200
2022-05-02 07:40:00,272.288,272.319,272.259,272.292,547
2022-05-02 07:39:00,272.15,272.211,272.121,272.184,466
2022-05-02 07:38:00,272.513,272.555,272.043,272.125,3199
2022-05-02 07:36:00,272.897,272.928,272.868,272.901,100
2022-05-02 07:35:00,272.69,272.742,272.661,272.714,469
2022-05-02 07:34:00,272.739,272.771,272.71,272.744,222
2022-05-02 07:33:00,272.946,272.997,272.632,272.665,2189
2022-05-02 07:32:00,273.034,273.066,273.005,273.038,100
2022-05-02 07:30:00,273.044,273.076,273.015,273.048,100
2022-05-02 07:29:00,273.309,273.361,273.28,273.333,340
2022-05-02 07:26:00,273.329,273.361,273.251,273.284,257
2022-05-02 07:25:00,273.152,273.184,273.123,273.156,189
2022-05-02 07:23:00,273.152,273.184,273.123,273.156,100
2022-05-02 07:22:00,273.181,273.213,273.152,273.186,100
2022-05-02 07:19:00,273.201,273.233,273.172,273.205,424
2022-05-02 07:13:00,273.034,273.066,273.005,273.038,200
2022-05-02 07:12:00,273.054,273.086,273.025,273.058,120
2022-05-02 07:11:00,273.044,273.086,273.015,273.058,2543
2022-05-02 07:10:00,273.122,273.154,272.976,273.028,1128
2022-05-02 07:06:00,273.25,273.282,273.221,273.254,100
2022-05-02 07:04:00,273.25,273.282,273.123,273.156,1000
2022-05-02 07:03:00,273.348,273.38,273.221,273.254,1429
2022-05-02 07:02:00,273.348,273.38,273.319,273.353,208
2022-05-02 07:00:00,273.319,273.351,273.26,273.294,541
2022-05-02 06:59:00,273.005,273.036,272.976,273.009,125
2022-05-02 06:54:00,273.741,273.773,273.712,273.745,190
2022-05-02 06:35:00,273.928,273.96,273.899,273.932,226
2022-05-02 06:34:00,273.839,273.871,273.81,273.844,112
2022-05-02 06:33:00,273.839,273.871,273.81,273.844,107
2022-05-02 06:32:00,273.839,273.871,273.81,273.844,133
2022-05-02 06:26:00,273.8,273.832,273.771,273.804,110
2022-05-02 06:16:00,274.036,274.068,274.007,274.04,100
2022-05-02 06:02:00,273.456,273.488,273.427,273.461,144
2022-05-02 05:50:00,273.918,273.95,273.889,273.922,119
2022-05-02 05:44:00,273.947,273.979,273.918,273.952,131
2022-05-02 05:40:00,273.938,273.97,273.909,273.942,192
2022-05-02 05:37:00,273.947,273.979,273.918,273.952,245
2022-05-02 05:33:00,273.908,273.94,273.879,273.912,110
2022-05-02 05:14:00,273.358,273.39,273.329,273.362,228
2022-05-02 05:07:00,273.26,273.429,273.172,273.205,750
2022-05-02 04:59:00,273.221,273.253,273.192,273.225,114
2022-05-02 04:55:00,273.113,273.144,273.084,273.117,220
2022-05-02 04:54:00,273.525,273.675,273.496,273.647,444
2022-05-02 04:53:00,273.545,273.577,273.241,273.274,2578
2022-05-02 04:52:00,273.859,273.891,273.83,273.863,153
2022-05-02 04:48:00,274.036,274.068,274.007,274.04,207
2022-05-02 04:44:00,274.056,274.097,274.007,274.07,700
2022-05-02 04:41:00,274.321,274.353,274.292,274.325,100
2022-05-02 04:40:00,274.409,274.441,274.272,274.305,500
2022-05-02 04:34:00,273.889,273.92,273.859,273.893,100
2022-05-02 04:32:00,273.839,273.871,273.81,273.844,200
2022-05-02 04:31:00,273.849,273.881,273.82,273.853,100
2022-05-02 04:18:00,274.134,274.166,274.095,274.138,1083
2022-05-02 04:16:00,273.731,273.763,273.702,273.736,101
2022-05-02 04:11:00,274.036,274.068,274.007,274.04,375
2022-05-02 04:03:00,273.82,273.871,273.791,273.844,1059
2022-05-02 04:01:00,273.172,273.42,273.133,273.392,1584
